643.597 271.681 195.988 725.561
657.307 266.489 68.707 712.594
620.316 261.759 113.045 682.707
607.284 261.416 148.757 677.688
515.343 266.035 47.111 581.870
597.633 271.675 200.377 686.385
559.563 261.748 152.666 636.341
580.301 263.430 42.839 638.733
592.424 276.701 166.455 674.712
578.298 274.459 -12.937 640.253
613.682 268.947 129.362 682.402
618.033 269.957 98.544 681.581
575.605 261.396 234.659 674.325
535.886 275.299 109.339 612.305
537.002 279.345 -23.748 605.779
641.308 223.456 51.061 681.040
