-17.314453125 -1.845703125 -3.076171875 1.58203125 -3.20833234662219 5.537109375 -85.078125 -2.4609375
-5.712890625 -1.58203125 -3.8671875 1.58203125 -2.63834668096843 7.822265625 -80.068359375 -2.021484375
13.0078125 -33.837890625 -5.009765625 1.58203125 -4.01313382788223 7.119140625 -98.61328125 -3.076171875
23.02734375 -53.4375 -6.064453125 1.58203125 -3.7771091565367 -0.703125 -98.4375 -2.900390625
40.25390625 -72.421875 -3.1640625 1.58203125 -1.83988240218469 11.337890625 -93.1640625 -1.40625
-46.142578125 50.537109375 -3.251953125 1.494140625 -3.66472794186997 4.04296875 -74.53125 -2.8125
20.654296875 -57.3046875 -5.009765625 1.58203125 0.459002876277386 8.349609375 -109.423828125 0.3515625
28.65234375 -51.767578125 -4.130859375 1.58203125 -1.72313403199999 10.01953125 -93.33984375 -1.318359375
13.623046875 -45.966796875 -1.93359375 1.58203125 -0.458552627667172 6.50390625 -109.599609375 -0.3515625
36.650390625 -56.77734375 -2.021484375 1.58203125 -1.37692179015071 8.26171875 -84.90234375 -1.0546875
-38.14453125 43.76953125 -3.69140625 1.58203125 -0.573144225357398 6.328125 -64.6875 -0.439453125
-22.5 21.26953125 -1.23046875 1.58203125 -3.91902717365121 13.974609375 -74.8828125 -2.98828125
-36.38671875 27.7734375 -3.427734375 1.58203125 -3.57138552990164 13.447265625 -81.38671875 -2.724609375
-49.306640625 68.5546875 -1.0546875 1.58203125 -1.03480018372271 11.162109375 -60.556640625 -0.791015625
46.58203125 -68.466796875 -0.52734375 1.494140625 -1.60805942583754 9.84375 -97.20703125 -1.23046875
9.228515625 -21.62109375 -14.150390625 1.494140625 -0.22936598475092 7.294921875 -88.06640625 -0.17578125
