4.658203125 0.966796875 2.373046875 3.955078125 1.25933029595642 2.197265625 -95.537109375
24.78515625 -19.51171875 7.119140625 3.955078125 1.25933029595642 2.197265625 -95.537109375
18.80859375 -11.162109375 -15.29296875 3.955078125 1.25933029595642 2.197265625 -95.537109375
10.546875 -7.119140625 -2.8125 3.955078125 1.25933029595642 2.197265625 -95.537109375
7.20703125 -7.03125 13.18359375 3.955078125 1.25933029595642 2.197265625 -95.537109375
1.23046875 -6.943359375 5.09765625 3.955078125 1.14484771336488 2.197265625 -95.537109375
-13.271484375 5.888671875 8.96484375 3.955078125 1.25933029595642 2.197265625 -95.537109375
-17.314453125 1.93359375 0.263671875 3.955078125 1.25933029595642 2.197265625 -95.537109375
-20.126953125 5.009765625 -6.50390625 3.955078125 1.25933029595642 2.197265625 -95.537109375
-8.0859375 -0.615234375 -0.087890625 3.955078125 1.25933029595642 2.197265625 -95.537109375
-8.173828125 13.271484375 5.44921875 3.955078125 1.25933029595642 2.197265625 -95.537109375
-18.544921875 35.5078125 -3.076171875 3.955078125 1.25933029595642 2.197265625 -95.537109375
-9.84375 35.419921875 6.240234375 3.955078125 1.25933029595642 2.197265625 -95.537109375
2.900390625 23.642578125 -5.09765625 3.955078125 1.25933029595642 2.197265625 -95.537109375
24.697265625 -5.712890625 -6.328125 3.955078125 1.25933029595642 2.197265625 -95.537109375
17.138671875 -8.173828125 -1.0546875 3.955078125 1.25933029595642 2.197265625 -95.537109375
7.998046875 -8.173828125 5.888671875 3.955078125 1.25933029595642 2.197265625 -95.537109375
23.291015625 -21.62109375 11.25 3.955078125 1.14484771336488 2.197265625 -95.537109375
30.146484375 -23.818359375 1.40625 3.955078125 1.25933029595642 2.197265625 -95.537109375
37.08984375 -30.234375 -8.26171875 3.955078125 1.25933029595642 2.197265625 -95.537109375
48.779296875 -32.6953125 -0.439453125 3.955078125 1.25933029595642 2.197265625 -95.537109375
42.01171875 -31.81640625 13.798828125 3.955078125 1.25933029595642 2.197265625 -95.537109375
35.595703125 -31.81640625 22.67578125 3.955078125 1.14484771336488 2.197265625 -95.537109375
25.6640625 -30.849609375 7.20703125 3.955078125 1.25933029595642 2.197265625 -95.537109375
39.814453125 -36.9140625 8.349609375 3.955078125 1.25933029595642 2.197265625 -95.537109375
40.60546875 -28.388671875 2.109375 3.955078125 1.25933029595642 2.197265625 -95.537109375
27.59765625 -15.556640625 -3.515625 3.955078125 1.25933029595642 2.197265625 -95.537109375
12.83203125 -15.64453125 -2.8125 3.955078125 1.25933029595642 2.197265625 -95.537109375
-12.041015625 5.80078125 5.625 3.955078125 1.25933029595642 2.197265625 -95.537109375
-7.20703125 27.685546875 2.98828125 3.955078125 1.25933029595642 2.197265625 -95.537109375
8.26171875 17.841796875 20.390625 3.955078125 1.25933029595642 2.197265625 -95.537109375
18.45703125 17.490234375 21.26953125 3.955078125 1.14484771336488 2.197265625 -95.537109375
33.92578125 -15.1171875 12.65625 3.955078125 1.25933029595642 2.197265625 -95.537109375
47.28515625 -25.3125 -2.900390625 3.955078125 1.25933029595642 2.197265625 -95.537109375
40.4296875 -19.423828125 12.568359375 3.955078125 1.25933029595642 2.197265625 -95.537109375
58.974609375 -47.4609375 3.33984375 3.955078125 1.14484771336488 2.197265625 -95.537109375
38.056640625 -29.00390625 -1.7578125 3.955078125 1.25933029595642 2.197265625 -95.537109375
13.623046875 -21.533203125 -6.240234375 3.955078125 1.25933029595642 2.197265625 -95.537109375
-16.787109375 12.3046875 -6.50390625 3.955078125 1.25933029595642 2.197265625 -95.537109375
-30.146484375 39.814453125 16.69921875 3.955078125 1.25933029595642 2.197265625 -95.537109375
-32.6953125 49.74609375 -14.94140625 3.955078125 1.25933029595642 2.197265625 -95.537109375
-15.99609375 29.794921875 14.4140625 3.955078125 1.25933029595642 2.197265625 -95.537109375
10.283203125 -5.09765625 23.203125 3.955078125 1.25933029595642 2.197265625 -95.537109375
24.873046875 -18.10546875 -2.900390625 3.955078125 1.25933029595642 2.197265625 -95.537109375
29.53125 -23.90625 13.798828125 3.955078125 1.25933029595642 2.197265625 -95.537109375
17.75390625 7.20703125 6.943359375 3.955078125 1.25933029595642 2.197265625 -95.537109375
10.37109375 7.20703125 16.962890625 3.955078125 1.14484771336488 2.197265625 -95.537109375
-6.943359375 23.642578125 -4.482421875 3.955078125 1.25933029595642 2.197265625 -95.537109375
-17.490234375 23.73046875 -11.25 3.955078125 1.25933029595642 2.197265625 -95.537109375
14.765625 -15.46875 -1.58203125 3.955078125 1.25933029595642 2.197265625 -95.537109375
19.775390625 7.998046875 1.7578125 3.955078125 1.25933029595642 2.197265625 -95.537109375
16.5234375 -8.26171875 14.23828125 3.955078125 1.25933029595642 2.197265625 -95.537109375
36.2109375 -48.076171875 6.591796875 3.955078125 1.14484771336488 2.197265625 -95.537109375
48.603515625 -37.96875 3.8671875 3.955078125 1.25933029595642 2.197265625 -95.537109375
13.798828125 6.240234375 4.833984375 3.955078125 1.14484771336488 2.197265625 -95.537109375
11.77734375 23.466796875 5.712890625 3.955078125 1.25933029595642 2.197265625 -95.537109375
7.03125 8.525390625 -6.6796875 3.955078125 1.25933029595642 2.197265625 -95.537109375
-10.283203125 16.611328125 -6.50390625 3.955078125 1.25933029595642 2.197265625 -95.537109375
5.537109375 3.076171875 18.193359375 3.955078125 1.14484771336488 2.197265625 -95.537109375
25.400390625 1.845703125 7.734375 3.955078125 1.25933029595642 2.197265625 -95.537109375
44.208984375 -24.08203125 -3.603515625 3.955078125 1.25933029595642 2.197265625 -95.537109375
57.216796875 -36.298828125 -2.373046875 3.955078125 1.14484771336488 2.197265625 -95.537109375
35.595703125 -25.048828125 13.53515625 3.955078125 1.25933029595642 2.197265625 -95.537109375
22.1484375 -16.435546875 11.25 3.955078125 1.25933029595642 2.197265625 -95.537109375
-18.6328125 21.09375 -1.669921875 3.955078125 1.14484771336488 2.197265625 -95.537109375
-26.54296875 32.431640625 -3.427734375 3.955078125 1.25933029595642 2.197265625 -95.537109375
10.810546875 -12.041015625 12.919921875 3.955078125 1.25933029595642 2.197265625 -95.537109375
25.576171875 -15.205078125 1.0546875 3.955078125 1.25933029595642 2.197265625 -95.537109375
18.720703125 -15.1171875 18.10546875 3.955078125 1.25933029595642 2.197265625 -95.537109375
40.25390625 -36.298828125 4.306640625 3.955078125 1.25933029595642 2.197265625 -95.537109375
41.220703125 -21.005859375 1.0546875 3.955078125 1.25933029595642 2.197265625 -95.537109375
23.818359375 10.107421875 -0.703125 3.955078125 1.25933029595642 2.197265625 -95.537109375
13.18359375 -4.482421875 0.087890625 3.955078125 1.14484771336488 2.197265625 -95.537109375
30.9375 -23.466796875 11.865234375 3.955078125 1.25933029595642 2.197265625 -95.537109375
38.49609375 -27.509765625 -2.63671875 3.955078125 1.25933029595642 2.197265625 -95.537109375
23.02734375 -27.421875 -0.087890625 3.955078125 1.25933029595642 2.197265625 -95.537109375
17.138671875 -27.333984375 -10.01953125 3.955078125 1.25933029595642 2.197265625 -95.537109375
28.740234375 -15.1171875 7.294921875 3.955078125 1.25933029595642 2.197265625 -95.537109375
29.091796875 -31.201171875 11.25 3.955078125 1.25933029595642 2.197265625 -95.537109375
29.794921875 -17.578125 26.279296875 3.955078125 1.14484771336488 2.197265625 -95.537109375
29.1796875 -20.302734375 4.921875 3.955078125 1.25933029595642 2.197265625 -95.537109375
1.23046875 9.4921875 11.513671875 3.955078125 1.25933029595642 2.197265625 -95.537109375
-15.64453125 27.333984375 14.58984375 3.955078125 1.25933029595642 2.197265625 -95.537109375
-12.3046875 29.1796875 -8.26171875 3.955078125 1.25933029595642 2.197265625 -95.537109375
5.537109375 6.50390625 3.955078125 3.955078125 1.25933029595642 2.197265625 -95.537109375
30.76171875 -16.259765625 17.490234375 3.955078125 1.25933029595642 2.197265625 -95.537109375
26.015625 -16.5234375 -2.548828125 3.955078125 1.25933029595642 2.197265625 -95.537109375
31.904296875 -7.998046875 7.734375 3.955078125 1.25933029595642 2.197265625 -95.537109375
30.05859375 -9.84375 15.29296875 3.955078125 1.25933029595642 2.197265625 -95.537109375
39.287109375 -34.453125 -0.52734375 3.955078125 1.25933029595642 2.197265625 -95.537109375
47.63671875 -32.34375 -8.26171875 3.955078125 1.25933029595642 2.197265625 -95.537109375
25.48828125 -19.51171875 -7.91015625 3.955078125 1.25933029595642 2.197265625 -95.537109375
4.04296875 -3.515625 -7.734375 3.955078125 1.25933029595642 2.197265625 -95.537109375
11.865234375 -4.658203125 11.162109375 3.955078125 1.25933029595642 2.197265625 -95.537109375
33.837890625 -12.744140625 0.87890625 3.955078125 1.25933029595642 2.197265625 -95.537109375
29.35546875 -12.744140625 17.666015625 3.955078125 1.25933029595642 2.197265625 -95.537109375
3.33984375 20.478515625 15.1171875 3.955078125 1.14484771336488 2.197265625 -95.537109375
-13.7109375 20.302734375 -7.822265625 3.955078125 1.25933029595642 2.197265625 -95.537109375
-22.8515625 18.10546875 5.009765625 3.955078125 1.25933029595642 2.197265625 -95.537109375
10.283203125 2.4609375 5.009765625 3.955078125 1.25933029595642 2.197265625 -95.537109375
