688.537 365.570 -79.794 783.640
664.601 386.532 -162.815 785.882
664.757 288.059 -155.211 740.925
686.945 342.590 -88.918 772.767
684.544 412.983 -49.400 800.997
691.648 377.637 22.757 788.356
681.877 394.633 98.287 793.947
670.349 356.222 176.483 779.364
665.232 326.282 185.895 763.905
688.167 354.663 86.164 778.964
686.396 379.174 -18.961 784.392
655.917 341.422 -62.777 742.117
638.157 382.662 -160.194 761.142
638.528 332.484 -223.211 753.715
639.433 327.056 -263.857 765.154
674.083 350.378 -159.308 776.229
689.534 381.112 -50.205 789.445
667.130 404.621 -128.586 790.769
654.403 361.286 -192.082 771.794
634.218 318.554 -221.393 743.454
584.980 353.105 -328.329 758.080
611.001 415.635 -262.409 784.177
624.316 452.989 -190.974 794.633
665.908 386.918 -86.624 775.012
630.328 391.937 -200.916 768.958
618.590 364.402 -274.079 768.480
650.884 339.477 -225.062 767.820
686.914 342.590 -51.059 769.302
685.652 379.949 84.494 788.428
657.534 368.294 -136.887 765.983
624.429 443.551 -237.338 801.860
573.505 447.208 -340.720 803.114
615.531 410.705 -296.747 797.255
573.323 342.201 -365.901 761.370
591.957 410.324 -335.143 794.418
557.905 369.865 -320.458 742.126
631.157 347.262 -241.683 759.842
682.711 327.444 -15.630 757.336
680.766 326.282 91.406 760.432
639.421 428.039 39.609 770.484
620.780 289.564 -4.584 685.008
659.153 418.281 -48.616 782.180
665.493 455.127 -99.331 812.335
664.443 342.201 -174.658 767.522
649.300 415.635 -183.666 792.513
631.640 385.758 -276.743 790.168
653.466 429.173 -189.849 804.518
667.506 335.202 -110.826 755.121
672.338 305.500 13.007 738.605
684.978 348.040 -75.552 772.033
620.051 362.844 -304.923 780.447
668.198 417.525 -150.282 802.123
636.442 384.226 -75.233 747.226
596.154 372.184 -287.432 759.300
653.257 376.472 -225.381 786.939
597.044 380.337 -317.854 775.982
669.286 325.508 -164.059 762.112
683.129 326.282 -19.006 757.289
672.330 434.373 -103.730 807.135
610.528 389.236 -323.418 793.000
588.489 339.089 -343.316 761.030
542.184 344.551 -384.805 748.834
628.512 414.500 -242.895 791.097
665.903 404.606 -155.130 794.480
678.854 347.666 46.808 764.137
662.092 339.866 52.359 746.068
682.607 411.845 -54.549 799.089
658.271 359.728 -204.673 777.571
665.420 433.988 -124.518 804.136
630.267 374.127 -210.548 762.587
597.650 359.728 -334.366 773.557
587.817 351.936 -361.192 774.498
679.250 355.457 -139.716 779.263
645.943 407.278 -203.063 790.160
626.686 343.368 -257.683 759.630
673.008 354.663 -81.856 765.131
674.138 310.861 -13.730 742.485
643.832 387.305 -240.869 789.014
656.674 404.606 -123.704 781.172
620.883 467.526 -228.776 810.194
652.375 376.845 -207.496 781.447
677.531 405.752 -102.161 796.316
663.472 419.035 -34.721 785.488
661.319 318.554 -88.135 739.315
678.474 372.572 -131.876 785.193
628.136 431.391 -252.669 802.804
658.625 343.757 -199.798 769.334
608.558 389.236 -326.141 792.601
618.038 422.047 -291.121 803.023
632.950 352.715 -214.002 755.533
588.077 318.554 -318.482 740.771
662.097 320.097 -170.911 755.014
690.187 320.869 -38.137 762.082
677.599 404.224 -122.814 798.511
614.977 358.949 -314.650 778.489
626.237 432.134 -262.209 804.777
641.195 421.310 -202.852 793.588
678.947 320.483 -6.054 750.809
672.229 377.234 118.755 779.936
673.873 377.234 -157.844 788.242
