-1.7578125 278.173828125 2.98828125 3.955078125 1.72291664528291 9.84375 185.185546875
-1.7578125 278.173828125 2.98828125 3.955078125 1.72291664528291 9.84375 184.306640625
-1.7578125 278.173828125 2.98828125 3.955078125 1.72313403199999 10.01953125 183.076171875
-1.7578125 278.173828125 2.98828125 3.955078125 1.72313403199999 10.01953125 181.93359375
-1.7578125 278.173828125 2.98828125 3.955078125 1.72324424262783 10.107421875 181.40625
-1.7578125 278.173828125 2.98828125 3.955078125 1.72335546655845 10.1953125 180.263671875
-1.7578125 278.173828125 2.98828125 3.955078125 1.72313403199999 10.01953125 179.296875
-1.7578125 278.173828125 2.98828125 3.955078125 1.60826232176233 10.01953125 178.330078125
-1.7578125 278.173828125 2.98828125 3.955078125 1.72358095977726 10.37109375 177.451171875
-1.7578125 278.173828125 2.98828125 3.955078125 1.60857375257616 10.283203125 176.748046875
-1.7578125 278.173828125 2.98828125 3.955078125 1.6084689957025 10.1953125 175.60546875
-1.7578125 278.173828125 2.98828125 3.955078125 1.6084689957025 10.1953125 173.935546875
-1.7578125 278.173828125 2.98828125 3.955078125 1.6084689957025 10.1953125 172.880859375
-1.7578125 278.173828125 2.98828125 3.955078125 1.60836518585402 10.107421875 172.001953125
-1.7578125 278.173828125 2.98828125 3.955078125 1.60826232176233 10.01953125 170.947265625
-1.7578125 278.173828125 2.98828125 3.955078125 1.60826232176233 10.01953125 170.068359375
-1.7578125 278.173828125 2.98828125 3.955078125 1.49274567796218 9.404296875 168.837890625
-1.7578125 278.173828125 2.98828125 3.955078125 0.80379417479877 9.404296875 168.134765625
-1.7578125 278.173828125 2.98828125 3.955078125 0.80379417479877 9.404296875 167.080078125
-1.7578125 278.173828125 2.98828125 3.955078125 0.91856628211294 9.31640625 165.9375
-1.7578125 278.173828125 2.98828125 3.955078125 0.91856628211294 9.31640625 165.05859375
-1.7578125 278.173828125 2.98828125 3.955078125 1.03338560314692 9.31640625 163.916015625
-1.7578125 278.173828125 2.98828125 3.955078125 1.37775931410014 9.228515625 162.861328125
-1.7578125 278.173828125 2.98828125 3.955078125 1.37775931410014 9.228515625 161.806640625
-1.7578125 278.173828125 2.98828125 3.955078125 1.4924826830516 9.140625 160.6640625
-1.7578125 278.173828125 2.98828125 3.955078125 1.4924826830516 9.140625 159.697265625
-1.7578125 278.173828125 2.98828125 3.955078125 1.49214414249635 8.7890625 158.818359375
-1.7578125 278.173828125 2.98828125 3.955078125 1.49206166464886 8.701171875 157.67578125
-1.7578125 278.173828125 2.98828125 3.955078125 1.49206166464886 8.701171875 156.62109375
-1.7578125 278.173828125 2.98828125 3.955078125 1.3770669202804 8.4375 155.390625
-1.7578125 278.173828125 2.98828125 3.955078125 1.37699395966439 8.349609375 154.599609375
-1.7578125 278.173828125 2.98828125 3.955078125 1.49166216939625 8.26171875 153.6328125
-1.7578125 278.173828125 2.98828125 3.955078125 1.49135798855441 7.91015625 152.666015625
-1.7578125 278.173828125 2.98828125 3.955078125 1.49113880649932 7.646484375 151.611328125
-1.7578125 278.173828125 2.98828125 3.955078125 1.49092727249128 7.3828125 150.46875
-1.7578125 278.173828125 2.98828125 3.955078125 1.490591649748 6.943359375 149.4140625
-1.7578125 278.173828125 2.98828125 3.955078125 1.4904633086894 6.767578125 148.53515625
-1.7578125 278.173828125 2.98828125 3.955078125 1.49021672072549 6.416015625 147.65625
-1.7578125 278.173828125 2.98828125 3.955078125 1.48981745639927 5.80078125 146.865234375
-1.7578125 278.173828125 2.98828125 3.955078125 1.48941118215826 5.09765625 145.37109375
-1.7578125 278.173828125 2.98828125 3.955078125 1.48879224050596 3.779296875 143.96484375
-1.7578125 278.173828125 2.98828125 3.955078125 1.60286874764475 2.548828125 141.85546875
-1.7578125 278.173828125 2.98828125 3.955078125 1.48814341601857 1.40625 140.009765625
-1.7578125 278.173828125 2.98828125 3.955078125 1.48814341601857 1.40625 139.04296875
-1.7578125 278.173828125 2.98828125 3.955078125 1.48813080991245 1.318359375 137.98828125
-1.7578125 278.173828125 2.98828125 3.955078125 1.48810803953455 1.142578125 136.40625
-1.7578125 278.173828125 2.98828125 3.955078125 1.48809787499469 1.0546875 135.263671875
-1.7578125 278.173828125 2.98828125 3.955078125 1.48804299509019 0.263671875 133.41796875
-1.7578125 278.173828125 2.98828125 3.955078125 1.48804584035773 0.3515625 131.748046875
-1.7578125 278.173828125 2.98828125 3.955078125 1.48804584035773 0.3515625 129.55078125
-1.7578125 278.173828125 2.98828125 3.955078125 1.48804584035773 0.3515625 128.671875
-1.7578125 278.173828125 2.98828125 3.955078125 1.60250732547814 0.3515625 126.474609375
-1.7578125 278.173828125 2.98828125 3.955078125 1.48804584035773 0.3515625 124.716796875
-1.7578125 278.173828125 2.98828125 3.955078125 1.48804584035773 0.3515625 123.75
-1.7578125 278.0859375 2.98828125 3.955078125 1.48811901779739 1.23046875 121.46484375
-1.7578125 278.173828125 2.98828125 3.955078125 1.48811901779739 1.23046875 118.65234375
-1.7578125 278.173828125 2.98828125 3.955078125 1.60465549985405 6.15234375 182.900390625
-1.7578125 278.173828125 2.98828125 3.955078125 1.60459407650841 6.064453125 183.427734375
-1.7578125 278.173828125 2.98828125 3.955078125 1.60447392981858 5.888671875 184.130859375
-1.7578125 278.173828125 2.98828125 3.955078125 1.48981745639927 5.80078125 185.2734375
-1.7578125 278.173828125 2.98828125 3.955078125 1.48992735214771 5.9765625 186.15234375
-1.7578125 278.173828125 2.98828125 3.955078125 1.48981745639927 5.80078125 187.822265625
-1.7578125 278.173828125 2.98828125 3.955078125 1.48981745639927 5.80078125 188.7890625
-1.7578125 278.173828125 2.98828125 3.955078125 1.48987198696624 5.888671875 190.01953125
-1.7578125 278.173828125 2.98828125 3.955078125 1.48950776423218 5.2734375 191.25
-1.7578125 278.173828125 2.98828125 3.955078125 1.48950776423218 5.2734375 192.12890625
-1.7578125 278.173828125 2.98828125 3.955078125 1.48950776423218 5.2734375 192.919921875
-1.7578125 278.173828125 2.98828125 3.955078125 1.48960766743573 5.44921875 193.88671875
-1.7578125 278.173828125 2.98828125 3.955078125 1.48960766743573 5.44921875 194.4140625
-1.7578125 278.173828125 2.98828125 3.955078125 1.48960766743573 5.44921875 195.1171875
-1.7578125 278.173828125 2.98828125 3.955078125 1.48960766743573 5.44921875 196.171875
-1.7578125 278.173828125 2.98828125 3.955078125 1.48960766743573 5.44921875 197.05078125
-1.7578125 278.173828125 2.98828125 3.955078125 1.48960766743573 5.44921875 198.017578125
-1.7578125 278.173828125 2.98828125 3.955078125 1.60418928019604 5.44921875 198.984375
-1.7578125 278.173828125 2.98828125 3.955078125 1.48955730039957 5.361328125 199.6875
-1.7578125 278.173828125 2.98828125 3.955078125 1.48945905834469 5.185546875 200.56640625
-1.7578125 278.173828125 2.98828125 3.955078125 1.48945905834469 5.185546875 201.796875
-1.7578125 278.173828125 2.98828125 3.955078125 1.48945905834469 5.185546875 202.32421875
-1.7578125 278.173828125 2.98828125 3.955078125 1.48941118215826 5.09765625 203.291015625
-1.7578125 278.173828125 2.98828125 3.955078125 1.48936413510412 5.009765625 204.2578125
-1.7578125 278.173828125 2.98828125 3.955078125 1.6038283615959 4.833984375 205.83984375
-1.7578125 278.173828125 2.98828125 3.955078125 1.4892279631981 4.74609375 206.806640625
-1.7578125 278.173828125 2.98828125 3.955078125 1.48909923396822 4.482421875 208.037109375
-1.7578125 278.173828125 2.98828125 3.955078125 1.48905797575525 4.39453125 209.794921875
-1.7578125 278.173828125 2.98828125 3.955078125 1.48901754248425 4.306640625 210.5859375
-1.7578125 278.173828125 2.98828125 3.955078125 1.48901754248425 4.306640625 211.11328125
-1.7578125 278.173828125 2.98828125 3.955078125 1.48897793367619 4.21875 212.958984375
-1.7578125 278.173828125 2.98828125 3.955078125 1.48897793367619 4.21875 213.486328125
-1.7578125 278.173828125 2.98828125 3.955078125 1.48893914886194 4.130859375 214.1015625
-1.7578125 278.173828125 2.98828125 3.955078125 1.60346934263478 4.130859375 214.98046875
-1.7578125 278.173828125 2.98828125 3.955078125 1.48882773383886 3.8671875 215.947265625
-1.7578125 278.173828125 2.98828125 3.955078125 1.48848244154186 2.900390625 216.38671875
-1.7578125 278.173828125 2.98828125 3.955078125 1.48845596702981 2.8125 217.79296875
-1.7578125 278.173828125 2.98828125 3.955078125 1.48845596702981 2.8125 218.84765625
-1.7578125 278.173828125 2.98828125 3.955078125 1.48845596702981 2.8125 219.90234375
-1.7578125 278.173828125 2.98828125 3.955078125 1.48843031034129 2.724609375 221.044921875
-1.7578125 278.173828125 2.98828125 3.955078125 1.48833585591351 2.373046875 222.5390625
-1.7578125 278.173828125 2.98828125 3.955078125 1.48829352823033 2.197265625 223.857421875
-1.7578125 278.173828125 2.98828125 3.955078125 1.48827358837284 2.109375 225.439453125
-1.7578125 278.173828125 2.98828125 3.955078125 1.4882544641882 2.021484375 226.142578125
-1.7578125 278.173828125 2.98828125 3.955078125 1.37359599878633 0.615234375 228.33984375
