313.231 363.251 395.329 621.570
313.231 363.251 395.329 621.570
313.034 363.063 394.273 620.690
313.034 363.063 394.273 620.690
312.935 362.968 393.745 620.249
312.836 362.871 393.218 619.808
313.034 363.063 394.273 620.690
312.344 363.083 394.399 620.434
312.638 362.677 392.163 618.926
312.048 362.795 392.817 619.111
312.146 362.892 393.344 619.553
312.146 362.892 393.344 619.553
312.146 362.892 393.344 619.553
312.245 362.988 393.872 619.994
312.344 363.083 394.399 620.434
312.344 363.083 394.399 620.434
312.343 363.746 398.223 623.259
308.197 363.830 398.982 621.727
308.197 363.830 398.982 621.727
308.986 363.908 399.385 622.423
308.986 363.908 399.385 622.423
309.677 363.896 399.258 622.678
311.849 363.940 399.408 623.882
311.849 363.940 399.408 623.882
312.639 364.009 399.810 624.575
312.639 364.009 399.810 624.575
313.034 364.349 401.928 626.328
313.132 364.432 402.458 626.765
313.132 364.432 402.458 626.765
312.736 364.693 404.174 627.823
312.834 364.773 404.704 628.260
313.626 364.834 405.108 628.949
314.020 365.141 407.231 630.693
314.316 365.362 408.824 631.998
314.612 365.576 410.418 633.301
315.106 365.916 413.077 635.467
315.303 366.046 414.142 636.333
315.698 366.296 416.272 638.060
316.389 366.702 420.003 641.073
317.179 367.116 424.272 644.503
318.659 367.749 432.290 650.890
320.737 368.151 439.657 657.043
321.319 368.415 446.751 662.240
321.319 368.415 446.751 662.240
321.418 368.428 447.287 662.656
321.614 368.451 448.359 663.489
321.713 368.461 448.895 663.905
322.597 368.518 453.721 667.635
322.499 368.515 453.185 667.222
322.499 368.515 453.185 667.222
322.499 368.515 453.185 667.222
323.197 368.496 453.057 667.462
322.499 368.515 453.185 667.222
322.499 368.515 453.185 667.222
320.841 368.440 447.926 662.816
321.516 368.440 447.823 663.073
316.689 366.456 417.743 639.603
316.788 366.514 418.276 640.033
316.986 366.627 419.342 640.893
316.389 366.702 420.003 641.073
316.192 366.590 418.936 640.214
316.389 366.702 420.003 641.073
316.389 366.702 420.003 641.073
316.291 366.647 419.470 640.644
316.982 367.018 423.204 643.647
316.982 367.018 423.204 643.647
316.982 367.018 423.204 643.647
316.784 366.916 422.137 642.790
316.784 366.916 422.137 642.790
316.784 366.916 422.137 642.790
316.784 366.916 422.137 642.790
316.784 366.916 422.137 642.790
316.784 366.916 422.137 642.790
317.480 366.897 422.010 643.039
316.883 366.967 422.671 643.219
317.080 367.067 423.738 644.075
317.080 367.067 423.738 644.075
317.080 367.067 423.738 644.075
317.179 367.116 424.272 644.503
317.278 367.164 424.806 644.930
318.171 367.239 425.747 646.032
317.574 367.303 426.409 646.211
317.870 367.435 428.012 647.490
317.969 367.477 428.546 647.916
318.067 367.518 429.081 648.342
318.067 367.518 429.081 648.342
318.166 367.559 429.615 648.767
318.166 367.559 429.615 648.767
318.265 367.598 430.150 649.192
318.961 367.579 430.023 649.439
318.561 367.713 431.755 650.466
319.645 368.066 437.642 655.116
319.744 368.094 438.178 655.537
319.744 368.094 438.178 655.537
319.744 368.094 438.178 655.537
319.842 368.120 438.713 655.958
320.236 368.217 440.856 657.639
320.433 368.260 441.927 658.478
320.532 368.281 442.463 658.897
320.630 368.300 442.999 659.316
321.506 368.519 451.704 665.739
