-30.322265625 94.833984375 26.103515625 9.4921875 -3.17677909520799 26.806640625 -73.828125
-30.234375 90.439453125 22.939453125 9.4921875 -3.17677909520799 26.806640625 -73.828125
-30.234375 85.078125 28.037109375 9.4921875 -3.17677909520799 26.806640625 -73.828125
-30.234375 80.859375 28.037109375 9.4921875 -3.17677909520799 26.806640625 -73.828125
-30.234375 78.134765625 31.552734375 9.4921875 -3.17677909520799 26.806640625 -73.828125
-30.234375 74.00390625 31.640625 9.4921875 -3.17677909520799 26.806640625 -73.828125
-30.234375 69.609375 31.640625 9.4921875 -3.17677909520799 26.806640625 -73.828125
-30.234375 65.302734375 33.22265625 9.4921875 -3.17677909520799 26.806640625 -73.828125
-30.234375 60.64453125 33.22265625 9.4921875 -3.17677909520799 26.806640625 -73.828125
-30.234375 57.392578125 33.22265625 9.4921875 -3.17677909520799 26.806640625 -73.828125
-30.234375 53.876953125 33.134765625 9.4921875 -3.17677909520799 26.806640625 -73.828125
-30.234375 50.009765625 33.046875 9.4921875 -3.17677909520799 26.806640625 -73.828125
-30.234375 45.791015625 33.310546875 9.4921875 -3.17677909520799 26.806640625 -73.828125
-30.146484375 41.923828125 33.134765625 9.4921875 -3.17677909520799 26.806640625 -73.828125
-30.146484375 38.232421875 33.310546875 9.4921875 -3.17677909520799 26.806640625 -73.828125
-30.234375 34.013671875 33.486328125 9.4921875 -3.17677909520799 26.806640625 -73.828125
-30.146484375 29.8828125 32.16796875 9.4921875 -3.17677909520799 26.806640625 -73.828125
-30.146484375 26.015625 32.080078125 9.4921875 -3.17677909520799 26.806640625 -73.828125
-30.146484375 22.060546875 32.255859375 9.4921875 -3.17677909520799 26.806640625 -73.828125
-30.146484375 17.75390625 33.22265625 9.4921875 -3.17677909520799 26.806640625 -73.828125
-30.146484375 13.18359375 29.970703125 9.4921875 -3.17677909520799 26.806640625 -73.828125
-30.05859375 10.01953125 29.8828125 9.4921875 -3.17677909520799 26.806640625 -73.828125
-30.146484375 6.064453125 29.619140625 9.4921875 -3.17677909520799 26.806640625 -73.828125
-30.146484375 1.845703125 24.345703125 9.4921875 -3.17677909520799 26.806640625 -73.828125
-30.146484375 -4.39453125 30.322265625 9.4921875 -3.17677909520799 26.806640625 -73.828125
-30.05859375 -8.4375 31.376953125 9.4921875 -3.17677909520799 26.806640625 -73.828125
-30.146484375 -11.865234375 28.4765625 9.4921875 -3.17677909520799 26.806640625 -73.828125
-30.146484375 -15.908203125 29.091796875 9.4921875 -3.17677909520799 26.806640625 -73.828125
-30.146484375 -20.126953125 27.685546875 9.4921875 -3.17677909520799 26.806640625 -73.828125
-30.146484375 -24.2578125 22.67578125 9.4921875 -3.17677909520799 26.806640625 -73.828125
-30.146484375 -28.037109375 18.544921875 9.4921875 -3.17677909520799 26.806640625 -73.828125
-30.146484375 -31.904296875 15.205078125 9.4921875 -3.17677909520799 26.806640625 -73.828125
-30.146484375 -35.947265625 12.216796875 9.4921875 -3.17677909520799 26.806640625 -73.828125
-30.146484375 -40.078125 15.556640625 9.4921875 -3.17677909520799 26.806640625 -73.828125
-30.146484375 -44.384765625 14.150390625 9.4921875 -3.17677909520799 26.806640625 -73.828125
-30.146484375 -47.98828125 23.291015625 9.4921875 -3.17677909520799 26.806640625 -73.828125
-30.146484375 -51.6796875 25.3125 9.4921875 -3.17677909520799 26.806640625 -73.828125
-30.234375 -56.25 24.78515625 9.4921875 -3.17677909520799 26.806640625 -73.828125
-30.322265625 -59.765625 23.642578125 9.4921875 -3.17677909520799 26.806640625 -73.828125
-30.322265625 -64.3359375 21.26953125 9.4921875 -3.17677909520799 26.806640625 -73.828125
-30.322265625 -67.8515625 19.599609375 9.4921875 -3.17677909520799 26.806640625 -73.828125
-30.41015625 -71.89453125 18.017578125 9.4921875 -3.17677909520799 26.806640625 -73.828125
-30.41015625 -75.9375 16.787109375 9.4921875 -3.17677909520799 26.806640625 -73.828125
-30.322265625 -79.8046875 16.787109375 9.4921875 -3.17677909520799 26.806640625 -73.828125
-30.41015625 -84.0234375 15.8203125 9.4921875 -3.17677909520799 26.806640625 -73.828125
-30.41015625 -87.978515625 14.58984375 9.4921875 -3.17677909520799 26.806640625 -73.828125
-30.41015625 -92.900390625 14.150390625 9.4921875 -3.17677909520799 26.806640625 -73.828125
-30.41015625 -90.17578125 14.0625 9.4921875 -3.17677909520799 26.806640625 -73.828125
-30.41015625 -86.30859375 12.919921875 9.4921875 -3.17677909520799 26.806640625 -73.828125
-30.41015625 -82.08984375 12.83203125 9.4921875 -3.17677909520799 26.806640625 -73.828125
-30.322265625 -78.046875 12.48046875 9.4921875 -3.17677909520799 26.806640625 -73.828125
-30.322265625 -73.916015625 12.568359375 9.4921875 -3.17677909520799 26.806640625 -73.828125
-30.322265625 -69.873046875 12.48046875 9.4921875 -3.17677909520799 26.806640625 -73.828125
-30.322265625 -65.830078125 12.48046875 9.4921875 -3.17677909520799 26.806640625 -73.828125
-30.322265625 -61.259765625 10.810546875 9.4921875 -3.17677909520799 26.806640625 -73.828125
-30.234375 -58.095703125 16.435546875 9.4921875 -3.17677909520799 26.806640625 -73.828125
-30.234375 -54.140625 19.423828125 9.4921875 -3.17677909520799 26.806640625 -73.828125
-30.234375 -50.361328125 18.896484375 9.4921875 -3.17677909520799 26.806640625 -73.828125
-30.234375 -46.23046875 18.45703125 9.4921875 -3.17677909520799 26.806640625 -73.828125
-30.234375 -42.451171875 18.193359375 9.4921875 -3.17677909520799 26.806640625 -73.828125
-30.146484375 -38.14453125 16.611328125 9.4921875 -3.17677909520799 26.806640625 -73.828125
-30.146484375 -34.1015625 16.611328125 9.4921875 -3.17677909520799 26.806640625 -73.828125
-30.146484375 -30.41015625 16.171875 9.4921875 -3.17677909520799 26.806640625 -73.828125
-30.146484375 -26.455078125 15.1171875 9.4921875 -3.17677909520799 26.806640625 -73.828125
-30.146484375 -22.5 21.62109375 9.4921875 -3.17677909520799 26.806640625 -73.828125
-30.05859375 -18.193359375 21.09375 9.4921875 -3.17677909520799 26.806640625 -73.828125
-30.05859375 -14.326171875 20.390625 9.4921875 -3.17677909520799 26.806640625 -73.828125
-30.146484375 -10.01953125 20.478515625 9.4921875 -3.17677909520799 26.806640625 -73.828125
-30.05859375 -5.9765625 20.478515625 9.4921875 -3.17677909520799 26.806640625 -73.828125
-30.05859375 1.93359375 18.984375 9.4921875 -3.17677909520799 26.806640625 -73.828125
-30.146484375 6.767578125 19.072265625 9.4921875 -3.17677909520799 26.806640625 -73.828125
-30.146484375 11.07421875 23.5546875 9.4921875 -3.17677909520799 26.806640625 -73.828125
-30.146484375 15.029296875 23.73046875 9.4921875 -3.17677909520799 26.806640625 -73.828125
-30.146484375 18.193359375 21.796875 9.4921875 -3.17677909520799 26.806640625 -73.740234375
-30.146484375 22.060546875 22.060546875 9.4921875 -3.17677909520799 26.806640625 -73.828125
-30.146484375 26.3671875 23.203125 9.4921875 -3.17677909520799 26.806640625 -73.828125
-30.146484375 29.8828125 23.90625 9.4921875 -3.17677909520799 26.806640625 -73.828125
-30.146484375 33.837890625 25.576171875 9.4921875 -3.17677909520799 26.806640625 -73.828125
-30.146484375 38.583984375 25.83984375 9.4921875 -3.17677909520799 26.806640625 -73.828125
-30.146484375 42.01171875 27.333984375 9.4921875 -3.17677909520799 26.806640625 -73.828125
-30.146484375 46.7578125 27.24609375 9.4921875 -3.17677909520799 26.806640625 -73.828125
-30.146484375 50.537109375 27.333984375 9.4921875 -3.17677909520799 26.806640625 -73.828125
-30.146484375 54.228515625 27.333984375 9.4921875 -3.17677909520799 26.806640625 -73.828125
-30.146484375 58.271484375 27.333984375 9.4921875 -3.17677909520799 26.806640625 -73.828125
-30.146484375 61.962890625 27.333984375 9.4921875 -3.17677909520799 26.806640625 -73.828125
-30.146484375 66.005859375 27.421875 9.4921875 -3.17677909520799 26.806640625 -73.828125
-30.146484375 70.751953125 27.59765625 9.4921875 -3.17677909520799 26.806640625 -73.828125
-30.146484375 74.267578125 27.59765625 9.4921875 -3.17677909520799 26.806640625 -73.828125
-30.234375 78.134765625 31.9921875 9.4921875 -3.17677909520799 26.806640625 -73.828125
-30.234375 81.9140625 31.9921875 9.4921875 -3.17677909520799 26.806640625 -73.828125
-30.234375 85.78125 32.783203125 9.4921875 -3.17677909520799 26.806640625 -73.828125
-30.234375 90.087890625 32.783203125 9.4921875 -3.17677909520799 26.806640625 -73.828125
