84.4
88.8
93.8
97.9
100.6
104.6
108.8
113.1
117.8
121.0
124.5
128.3
132.6
136.2
139.8
144.0
148.2
152
156.3
160.7
165
168.2
172.4
176.5
182.6
186.8
190.1
194.3
198.4
202.4
206.2
210.0
214.0
218.0
222
225.5
229.4
233.8
237.2
242.0
245.5
249.5
253.5
257.2
261.3
265.3
270.1
267.2
263.5
259.4
255.5
251.3
247.2
243.3
238.9
235.9
231.9
228.1
224.1
220.3
216.1
212
208.4
204.6
200.7
196.3
192.4
188.1
184.2
176.4
171.6
167.1
163.3
159.7
156.1
151.7
148.1
144.3
139.5
136.3
131.7
127.9
124.3
120.3
116.5
112.4
107.9
104.5
100.6
97
93.4
89.2
