-1.142578125 34.27734375 1.7578125 3.8671875 1.14483237471187 2.109375 -95.537109375
-1.142578125 31.9921875 1.669921875 3.8671875 1.25931342353891 2.109375 -95.537109375
-1.142578125 29.8828125 1.669921875 3.8671875 1.25931342353891 2.109375 -95.537109375
-1.142578125 27.0703125 1.7578125 3.8671875 1.14483237471187 2.109375 -95.537109375
-1.142578125 24.78515625 1.7578125 3.8671875 1.14483237471187 2.109375 -95.537109375
-1.142578125 22.8515625 1.7578125 3.8671875 1.14483237471187 2.109375 -95.537109375
-1.142578125 20.0390625 1.7578125 3.8671875 1.25931342353891 2.109375 -95.537109375
-1.142578125 17.75390625 1.7578125 3.8671875 1.14483237471187 2.109375 -95.537109375
-1.142578125 15.99609375 1.669921875 3.8671875 1.14483237471187 2.109375 -95.537109375
-1.142578125 12.83203125 1.7578125 3.8671875 1.14483237471187 2.109375 -95.537109375
-1.142578125 10.01953125 1.669921875 3.8671875 1.14483237471187 2.109375 -95.537109375
-1.142578125 7.470703125 1.7578125 3.8671875 1.14483237471187 2.109375 -95.537109375
-1.142578125 5.44921875 1.7578125 3.8671875 1.14483237471187 2.109375 -95.537109375
-1.142578125 2.8125 1.7578125 3.8671875 1.14483237471187 2.109375 -95.537109375
-1.142578125 0.3515625 1.7578125 3.8671875 1.25931342353891 2.109375 -95.537109375
-1.142578125 0 1.7578125 3.955078125 1.14483237471187 2.109375 -95.537109375
-1.142578125 -2.197265625 1.7578125 3.955078125 1.14483237471187 2.109375 -95.537109375
-1.142578125 -4.5703125 1.7578125 3.955078125 1.14483237471187 2.109375 -95.537109375
-1.142578125 -7.20703125 1.7578125 3.955078125 1.25931342353891 2.109375 -95.537109375
-1.142578125 -9.66796875 1.7578125 3.955078125 1.25931342353891 2.109375 -95.537109375
-1.142578125 -11.953125 1.7578125 3.955078125 1.25931342353891 2.109375 -95.537109375
-1.142578125 -14.150390625 1.7578125 3.955078125 1.14483237471187 2.109375 -95.537109375
-1.142578125 -17.05078125 1.7578125 3.955078125 1.25931342353891 2.109375 -95.537109375
-1.142578125 -20.302734375 1.7578125 3.955078125 1.14483237471187 2.109375 -95.537109375
-1.142578125 -23.115234375 1.7578125 3.8671875 1.25931342353891 2.109375 -95.537109375
-1.142578125 -25.224609375 1.7578125 3.8671875 1.14483237471187 2.109375 -95.537109375
-1.142578125 -24.9609375 1.7578125 3.8671875 1.25931342353891 2.109375 -95.537109375
-1.142578125 -21.533203125 1.7578125 3.8671875 1.14483237471187 2.109375 -95.537109375
-1.142578125 -15.732421875 1.7578125 3.8671875 1.14483237471187 2.109375 -95.537109375
-1.142578125 -13.359375 1.7578125 3.8671875 1.14483237471187 2.109375 -95.537109375
-1.142578125 -10.986328125 1.7578125 3.8671875 1.14483237471187 2.109375 -95.537109375
-1.142578125 -8.349609375 1.7578125 3.8671875 1.14483237471187 2.109375 -95.537109375
-1.142578125 -5.537109375 1.7578125 3.8671875 1.14483237471187 2.109375 -95.537109375
-1.142578125 -2.900390625 1.7578125 3.8671875 1.14483237471187 2.109375 -95.537109375
-1.142578125 0 1.7578125 3.8671875 1.14483237471187 2.109375 -95.537109375
-1.142578125 1.93359375 1.7578125 3.955078125 1.14483237471187 2.109375 -95.537109375
-1.142578125 4.306640625 1.7578125 3.955078125 1.14483237471187 2.109375 -95.537109375
-1.142578125 6.767578125 1.7578125 3.955078125 1.25931342353891 2.109375 -95.537109375
-1.142578125 9.84375 1.7578125 3.955078125 1.14483237471187 2.109375 -95.537109375
-1.142578125 12.919921875 1.7578125 3.955078125 1.25931342353891 2.109375 -95.537109375
-1.142578125 16.171875 1.7578125 3.955078125 1.25931342353891 2.109375 -95.537109375
-1.142578125 18.544921875 1.7578125 3.955078125 1.25931342353891 2.109375 -95.537109375
-1.142578125 20.654296875 1.7578125 3.955078125 1.14483237471187 2.109375 -95.537109375
-1.142578125 23.37890625 1.7578125 3.955078125 1.25931342353891 2.109375 -95.537109375
-1.142578125 27.421875 1.669921875 3.955078125 1.25931342353891 2.109375 -95.537109375
-1.142578125 31.11328125 1.7578125 3.955078125 1.25931342353891 2.109375 -95.537109375
-1.142578125 32.607421875 1.7578125 3.955078125 1.14483237471187 2.109375 -95.537109375
-1.142578125 34.892578125 1.7578125 3.955078125 1.25931342353891 2.109375 -95.537109375
