681.191 309.124 162.675 765.534
678.663 309.546 121.239 755.712
679.671 309.261 76.614 750.642
675.577 310.059 40.381 744.427
676.014 311.033 0.707 744.135
673.226 311.700 -40.581 742.992
670.428 312.158 -79.911 743.843
658.579 309.377 162.524 745.556
653.417 309.457 127.222 734.100
651.097 311.554 87.750 727.113
647.630 312.460 50.874 720.863
645.526 312.774 14.099 717.447
643.659 312.938 -22.535 716.055
641.054 314.288 -60.014 716.470
652.219 307.636 155.381 737.681
648.686 308.468 117.291 727.807
646.546 310.615 78.949 721.620
643.862 309.507 35.309 715.262
640.563 310.405 -4.376 711.823
637.050 310.932 -43.119 710.191
633.569 312.219 -80.254 710.867
615.855 309.905 168.990 709.843
613.747 310.007 134.225 700.576
610.731 311.904 95.061 692.324
608.224 312.474 58.883 686.326
621.166 309.976 -2.069 694.216
618.070 311.652 -40.076 693.357
614.994 312.286 -78.776 694.223
615.029 308.865 158.281 706.195
612.922 309.941 116.919 696.711
611.172 308.619 73.864 688.646
606.463 311.010 37.904 682.613
603.611 311.567 -1.446 679.280
600.603 311.657 -39.974 677.829
596.707 312.073 -79.478 678.060
573.606 311.112 174.193 675.395
571.546 312.063 135.718 665.182
569.215 312.834 98.410 656.929
588.472 310.962 37.971 666.663
584.429 311.961 -0.398 662.478
580.183 312.582 -38.532 660.155
577.096 313.001 -78.229 661.158
578.933 309.819 155.406 674.761
575.459 309.148 117.204 663.673
572.621 309.911 78.412 655.811
568.289 312.003 39.902 649.531
564.948 311.346 1.536 645.062
560.608 312.776 -37.257 643.038
557.489 313.451 -77.552 644.251
533.349 312.150 174.135 642.045
530.712 313.039 139.381 631.724
528.338 314.045 100.726 622.825
525.533 315.462 62.219 616.094
526.950 315.606 30.543 614.993
526.002 316.107 -7.487 613.725
524.169 317.007 -46.706 614.352
678.228 295.164 172.650 759.554
678.631 296.525 128.032 751.571
677.111 296.195 88.222 744.308
675.548 296.784 50.081 739.564
673.731 296.831 9.983 736.289
671.856 298.039 -29.588 735.590
669.159 298.821 -70.232 736.206
656.091 295.891 175.172 740.738
653.597 297.108 137.411 730.989
651.211 298.510 96.709 722.867
649.057 298.952 60.869 717.184
647.736 299.233 26.378 714.001
645.066 300.891 -13.066 711.910
644.551 301.358 -49.732 713.258
635.204 297.068 174.527 722.630
633.086 297.207 139.558 713.167
630.725 299.112 100.445 705.245
628.352 299.620 61.293 698.824
627.498 299.196 27.068 695.705
625.695 300.140 -10.685 694.041
623.834 301.434 -46.643 694.411
627.014 295.680 165.509 712.718
626.720 294.997 121.577 703.265
622.949 297.013 82.989 695.104
619.992 296.881 43.126 688.758
617.677 297.465 4.892 685.590
614.409 298.481 -34.527 683.946
611.707 299.163 -71.921 684.731
593.850 297.190 179.389 687.866
591.356 298.111 140.468 676.981
588.984 298.365 102.609 668.171
586.625 300.134 65.002 662.144
585.142 301.078 27.454 658.629
583.647 301.427 -10.981 656.979
581.951 303.160 -47.588 657.904
570.844 296.580 182.388 668.647
570.692 298.078 143.550 659.656
569.055 297.976 105.348 650.931
566.468 299.395 66.455 644.158
564.831 300.631 28.378 640.483
563.202 302.276 -10.252 639.275
561.058 303.045 -46.947 639.395
551.830 297.565 182.289 652.909
548.584 299.579 145.244 641.707
547.197 300.277 106.893 633.259
545.082 301.143 68.854 626.532
543.604 301.508 29.941 622.341
541.951 302.225 -8.947 620.589
540.796 303.755 -47.041 622.045
552.162 297.026 157.744 646.522
550.250 296.756 118.562 636.314
545.288 298.678 81.034 626.988
541.932 298.914 43.176 620.406
537.857 300.147 6.871 615.976
534.066 300.762 -31.769 613.754
531.740 301.183 -72.838 615.438
676.348 280.888 164.826 750.674
673.763 283.054 125.985 741.585
673.367 282.242 85.724 735.141
670.622 283.697 45.547 729.583
667.864 284.112 8.891 725.839
665.538 284.278 -31.267 724.385
662.934 285.661 -64.438 724.732
657.356 281.469 164.323 733.719
654.834 281.164 124.884 723.503
654.252 282.741 84.127 717.681
652.303 283.491 43.168 712.552
649.533 283.900 3.210 708.874
646.975 284.865 -37.995 707.932
643.562 284.825 -73.820 707.634
629.882 282.671 173.389 711.841
627.032 283.852 136.803 701.752
624.947 284.581 100.050 693.941
622.458 284.810 64.050 687.512
621.535 286.234 26.215 684.780
620.127 287.361 -10.265 683.549
618.613 287.589 -47.365 683.837
622.151 281.953 160.264 701.609
620.767 282.868 119.625 692.587
617.853 283.147 78.932 684.212
613.854 282.456 39.952 676.901
611.541 284.813 3.054 674.619
608.517 285.409 -35.486 673.060
605.078 285.693 -74.234 673.239
605.055 281.001 157.422 685.445
601.445 283.075 118.308 675.178
598.323 283.736 78.379 666.814
595.518 283.961 41.751 661.074
592.629 284.963 2.960 657.588
589.266 285.760 -35.118 655.840
586.183 285.817 -73.201 656.247
584.670 281.871 159.317 668.336
583.194 282.238 117.400 658.449
580.128 283.907 78.693 650.649
577.229 283.683 40.219 644.428
573.177 284.958 2.953 640.110
570.534 285.439 -34.121 638.865
567.886 285.833 -73.747 640.026
568.048 282.235 155.692 653.127
564.744 283.828 117.007 642.794
560.307 283.932 80.441 633.271
557.383 285.607 41.151 627.647
553.223 285.967 5.630 622.788
550.906 286.264 -34.396 621.794
545.723 257.797 -71.176 607.732
549.265 283.332 155.333 637.258
546.726 283.905 116.135 626.896
542.557 285.118 78.388 617.904
538.895 284.301 41.315 610.690
535.255 285.445 3.871 606.623
531.554 287.049 -34.051 605.067
528.479 287.675 -73.383 606.162
