-17.841796875 5.185546875 5.009765625 1.58203125 -4.1203581338952 0.3515625 -93.076171875 -3.1640625
-15.46875 5.185546875 5.09765625 1.58203125 -2.06074628564627 2.373046875 -94.04296875 -1.58203125
3.515625 -15.380859375 4.921875 1.58203125 -0.686885785712259 1.93359375 -95.80078125 -0.52734375
9.66796875 -19.248046875 5.185546875 1.58203125 -1.14491534623334 2.548828125 -95.361328125 -0.87890625
18.984375 -27.509765625 5.2734375 1.58203125 -1.94589741149717 0.52734375 -94.74609375 -1.494140625
22.412109375 -27.509765625 5.44921875 1.58203125 -1.94592133184524 0.791015625 -89.384765625 -1.494140625
25.6640625 -27.59765625 5.537109375 1.58203125 -1.83144436161305 0.615234375 -86.66015625 -1.40625
-30.234375 27.685546875 5.09765625 1.58203125 -3.20523091082191 1.845703125 -87.978515625 -2.4609375
-34.62890625 40.25390625 5.009765625 1.58203125 -3.09044142131177 0.615234375 -81.298828125 -2.373046875
-31.9921875 40.60546875 5.537109375 1.58203125 -2.1750798207308 1.93359375 -77.958984375 -1.669921875
-31.728515625 44.912109375 5.712890625 1.58203125 -1.94607021701153 1.669921875 -69.08203125 -1.494140625
-29.53125 45.52734375 5.888671875 1.58203125 -2.40418071761994 2.373046875 -67.8515625 -1.845703125
-27.421875 46.142578125 5.9765625 1.494140625 -2.74768856661444 2.548828125 -62.841796875 -2.109375
-25.400390625 46.318359375 6.15234375 1.58203125 -1.4882544641882 2.021484375 -56.865234375 -1.142578125
11.6015625 -36.9140625 4.39453125 1.58203125 -1.94601437549192 -1.40625 -105.99609375 -1.494140625
13.88671875 -37.001953125 4.658203125 1.58203125 -0.228944512874599 1.23046875 -108.896484375 -0.17578125
22.1484375 -43.681640625 5.09765625 1.58203125 -1.37357911419743 -0.17578125 -107.314453125 -1.0546875
25.6640625 -43.76953125 4.921875 1.58203125 -1.14470502695136 1.142578125 -101.513671875 -0.87890625
30.5859375 -46.40625 5.09765625 1.58203125 -1.03021137451116 0.791015625 -101.6015625 -0.791015625
33.662109375 -46.142578125 5.2734375 1.58203125 -1.60257430869225 1.142578125 -98.525390625 -1.23046875
36.38671875 -46.494140625 5.537109375 1.58203125 -0.11447319198037 1.318359375 -90.615234375 -0.087890625
-43.505859375 48.427734375 5.2734375 1.58203125 -2.51885979627324 2.8125 -80.419921875 -1.93359375
-43.41796875 54.580078125 5.537109375 1.494140625 -4.69394304711529 2.98828125 -75.41015625 -3.603515625
-44.296875 60.205078125 5.625 1.494140625 -2.86170628433204 1.40625 -71.279296875 -2.197265625
-41.748046875 60.556640625 5.888671875 1.494140625 -2.86221017116742 2.63671875 -62.75390625 -2.197265625
33.046875 -50.712890625 5.185546875 1.58203125 -1.94626601906988 2.373046875 -98.61328125 -1.494140625
39.55078125 -53.701171875 5.537109375 1.58203125 -3.43377522199939 0.615234375 -94.39453125 -2.63671875
43.154296875 -53.701171875 5.625 1.58203125 -2.63265259547837 0.703125 -90 -2.021484375
19.51171875 -51.416015625 4.658203125 1.58203125 -0.572331046998384 -0.263671875 -115.83984375 -0.439453125
27.158203125 -55.810546875 5.009765625 1.58203125 -3.09056552573759 -1.23046875 -110.126953125 -2.373046875
33.57421875 -60.556640625 4.658203125 1.58203125 -2.74752626971001 -2.197265625 -112.587890625 -2.109375
36.650390625 -61.435546875 5.185546875 1.58203125 -1.83146037140308 -0.791015625 -104.58984375 -1.40625
41.044921875 -63.10546875 5.2734375 1.58203125 -0.114466436671058 -0.263671875 -106.787109375 -0.087890625
47.021484375 -64.599609375 5.2734375 1.58203125 -0.6868266530514 -1.142578125 -101.77734375 -0.52734375
50.888671875 -64.775390625 5.361328125 1.58203125 0.457876561008944 -0.87890625 -90.87890625 0.3515625
-52.646484375 65.302734375 5.625 1.58203125 -3.43463132707691 2.724609375 -74.00390625 -2.63671875
-52.91015625 70.3125 5.712890625 1.58203125 -2.97631244651981 1.845703125 -70.13671875 -2.28515625
-50.80078125 72.333984375 5.9765625 1.58203125 -2.97668601108237 2.63671875 -67.587890625 -2.28515625
42.01171875 -69.2578125 5.09765625 1.58203125 -0.572374833859717 -1.494140625 -110.390625 -0.439453125
45.966796875 -69.43359375 5.361328125 1.58203125 -0.114466655548258 -0.3515625 -102.83203125 -0.087890625
50.625 -69.43359375 5.537109375 1.58203125 -0.686795130567015 -0.087890625 -90.3515625 -0.52734375
55.546875 -69.521484375 5.625 1.58203125 -1.03019871004771 -0.52734375 -87.1875 -0.791015625
28.30078125 -65.91796875 4.833984375 1.58203125 -0.114470658404029 -1.0546875 -124.1015625 -0.087890625
35.15625 -71.455078125 4.658203125 1.58203125 -0.228974555238514 -2.28515625 -116.806640625 -0.17578125
40.60546875 -74.1796875 4.833984375 1.58203125 0.801347486948671 -1.7578125 -118.125 0.615234375
45.17578125 -74.1796875 5.361328125 1.494140625 -0.228934505037172 -0.52734375 -114.697265625 -0.17578125
52.03125 -76.640625 5.185546875 1.58203125 -0.343422257857382 -1.40625 -98.96484375 -0.263671875
56.25 -76.640625 5.537109375 1.58203125 -0.114468156501426 -0.703125 -91.142578125 -0.087890625
60.1171875 -76.640625 5.712890625 1.58203125 1.37358099018928 -0.263671875 -83.14453125 1.0546875
-62.666015625 78.134765625 5.80078125 1.58203125 -3.09101581005738 2.373046875 -65.830078125 -2.373046875
-62.40234375 82.705078125 5.9765625 1.58203125 -3.31968778419899 1.845703125 -59.58984375 -2.548828125
-60.556640625 85.60546875 6.15234375 1.494140625 -2.74735728356359 1.7578125 -58.0078125 -2.109375
-58.18359375 87.36328125 6.416015625 1.58203125 -1.94607021701153 1.669921875 -54.140625 -1.494140625
-54.31640625 87.5390625 6.591796875 1.58203125 -2.86207631303344 2.373046875 -50.009765625 -2.197265625
-50.80078125 88.154296875 6.767578125 1.58203125 -3.32005085563854 2.548828125 -49.306640625 -2.548828125
-46.7578125 85.869140625 6.943359375 1.58203125 -1.60310036508197 3.251953125 -40.166015625 -1.23046875
-21.4453125 9.580078125 1.7578125 1.58203125 -3.66262298380669 0.3515625 -84.0234375 -2.8125
-5.80078125 -9.31640625 2.021484375 1.58203125 -2.06049842321733 1.494140625 -90 -1.58203125
2.021484375 -16.171875 1.93359375 1.58203125 0.915893672680187 2.28515625 -92.28515625 0.703125
10.986328125 -23.5546875 2.021484375 1.58203125 0.343435774037505 1.7578125 -86.923828125 0.263671875
20.91796875 -31.9921875 1.93359375 1.58203125 -1.37358099018928 -0.263671875 -85.693359375 -1.0546875
24.08203125 -32.34375 2.197265625 1.58203125 -0.572329639962354 0 -80.68359375 -0.439453125
27.158203125 -32.16796875 2.373046875 1.58203125 -0.343398238516253 0 -75.76171875 -0.263671875
-31.728515625 29.70703125 2.021484375 1.58203125 -3.77730726761517 1.40625 -78.486328125 -2.900390625
-31.201171875 32.431640625 2.28515625 1.58203125 -2.2897738307336 2.548828125 -78.3984375 -1.7578125
-32.16796875 38.408203125 2.4609375 1.58203125 -0.22896535175922 2.021484375 -74.267578125 -0.17578125
-33.75 46.318359375 2.4609375 1.58203125 -1.03019561445995 0.439453125 -61.962890625 -0.791015625
-30.673828125 46.40625 2.724609375 1.58203125 -2.6328662400462 1.669921875 -58.88671875 -2.021484375
-29.00390625 46.7578125 2.98828125 1.58203125 -0.801323176086842 1.494140625 -54.404296875 -0.615234375
-26.71875 46.845703125 3.076171875 1.58203125 -0.915773505275876 1.23046875 -54.31640625 -0.703125
-39.990234375 41.572265625 2.197265625 1.58203125 -2.63281443599427 1.494140625 -76.904296875 -2.021484375
-41.66015625 48.427734375 2.109375 1.58203125 -1.83144436161305 0.615234375 -67.763671875 -1.40625
-39.55078125 50.44921875 2.63671875 1.58203125 -1.83160049993453 1.669921875 -65.478515625 -1.40625
-38.14453125 53.173828125 2.724609375 1.58203125 -1.25923941067181 1.669921875 -63.6328125 -0.966796875
-33.92578125 53.7890625 2.98828125 1.58203125 -3.89278084292769 3.076171875 -57.568359375 -2.98828125
-31.904296875 54.931640625 3.076171875 1.58203125 -3.09116037256398 2.63671875 -53.525390625 -2.373046875
-30.05859375 55.1953125 3.251953125 1.58203125 -2.17513452739699 2.109375 -43.681640625 -1.669921875
16.787109375 -45.791015625 1.7578125 1.58203125 -3.31939753212934 -0.966796875 -111.181640625 -2.548828125
22.939453125 -50.537109375 1.494140625 1.58203125 -1.7169985018296 -0.791015625 -110.21484375 -1.318359375
27.158203125 -52.119140625 2.021484375 1.58203125 -1.83142785256931 0.3515625 -109.16015625 -1.40625
30.849609375 -52.55859375 2.109375 1.58203125 -2.51830957969753 1.318359375 -103.359375 -1.93359375
37.177734375 -58.7109375 2.021484375 1.58203125 -0.228934505037172 -0.52734375 -100.8984375 -0.17578125
40.95703125 -58.53515625 2.28515625 1.58203125 0 0.087890625 -94.04296875 0
44.208984375 -58.447265625 2.4609375 1.58203125 1.14465999459139 0.439453125 -92.28515625 0.87890625
-48.603515625 58.18359375 2.4609375 1.58203125 -3.89243473088067 2.63671875 -72.421875 -2.98828125
-47.98828125 61.69921875 2.63671875 1.58203125 -3.09137688433771 2.98828125 -69.873046875 -2.373046875
-46.58203125 63.896484375 2.724609375 1.58203125 -2.51925698359779 3.515625 -61.435546875 -1.93359375
-45.17578125 65.390625 3.076171875 1.494140625 -1.25972295117144 3.69140625 -63.6328125 -0.966796875
-43.76953125 67.939453125 3.251953125 1.58203125 -1.60306832791359 3.1640625 -52.3828125 -1.23046875
-41.044921875 68.37890625 3.33984375 1.58203125 -1.48859652421956 3.251953125 -49.5703125 -1.142578125
-38.3203125 68.73046875 3.603515625 1.58203125 -0.457962182466336 2.4609375 -47.900390625 -0.3515625
-53.701171875 66.97265625 2.4609375 1.58203125 -5.03702725434852 2.724609375 -73.037109375 -3.8671875
-51.328125 67.8515625 2.8125 1.58203125 -3.77904392752389 3.8671875 -67.5 -2.900390625
-48.69140625 68.5546875 2.98828125 1.58203125 -3.43723153325043 5.361328125 -63.80859375 -2.63671875
-47.548828125 71.015625 3.1640625 1.58203125 -2.40576700076021 4.921875 -57.744140625 -1.845703125
-46.23046875 73.828125 3.33984375 1.58203125 -2.51967741538729 4.130859375 -53.26171875 -1.93359375
-44.82421875 75.849609375 3.515625 1.58203125 -1.94645770142595 2.900390625 -51.240234375 -1.494140625
-42.1875 76.2890625 3.69140625 1.58203125 -2.17536357007124 2.724609375 -44.384765625 -1.669921875
-56.6015625 70.3125 2.724609375 1.58203125 -4.00812948102631 3.955078125 -73.30078125 -3.076171875
-57.216796875 74.8828125 2.900390625 1.58203125 -2.17543975766547 2.900390625 -62.578125 -1.669921875
-55.37109375 77.607421875 3.076171875 1.58203125 -2.06102595092351 3.076171875 -60.8203125 -1.58203125
-53.0859375 79.892578125 3.33984375 1.58203125 -2.4046511407008 3.33984375 -53.0859375 -1.845703125
-50.09765625 80.5078125 3.427734375 1.58203125 -1.83226214387506 3.603515625 -45.791015625 -1.40625
-46.93359375 80.771484375 3.69140625 1.58203125 -2.17610721655122 4.130859375 -43.41796875 -1.669921875
-44.912109375 81.73828125 3.8671875 1.58203125 -1.83199878469219 2.98828125 -41.748046875 -1.40625
31.46484375 -72.59765625 1.93359375 1.58203125 -0.114466186529365 -0.087890625 -121.46484375 -0.087890625
37.79296875 -77.607421875 1.845703125 1.58203125 1.14466749910162 -0.615234375 -121.025390625 0.87890625
42.71484375 -78.134765625 2.373046875 1.58203125 0 0.87890625 -116.455078125 0
50.361328125 -81.298828125 2.373046875 1.58203125 -0.228932316241287 -0.087890625 -109.072265625 -0.17578125
55.107421875 -81.38671875 2.724609375 1.58203125 -0.915740479069598 0.703125 -106.69921875 -0.703125
60.029296875 -81.5625 2.900390625 1.58203125 -1.03022910663772 1.0546875 -98.876953125 -0.791015625
64.072265625 -82.177734375 2.98828125 1.58203125 1.14472254297063 1.318359375 -98.173828125 0.87890625
-6.6796875 -12.65625 -1.669921875 1.58203125 -2.28924816401239 -0.087890625 -92.021484375 -1.7578125
-3.251953125 -12.919921875 -1.0546875 1.58203125 -1.4882544641882 2.021484375 -87.1875 -1.142578125
10.810546875 -27.0703125 -1.40625 1.58203125 -0.801263407019134 0.3515625 -87.01171875 -0.615234375
13.447265625 -26.982421875 -0.966796875 1.58203125 0.686885785712259 1.93359375 -82.177734375 0.52734375
17.138671875 -27.0703125 -0.791015625 1.58203125 -0.343477191099767 2.548828125 -77.607421875 -0.263671875
21.884765625 -27.158203125 -0.615234375 1.58203125 -3.09101581005738 2.373046875 -73.828125 -2.373046875
24.2578125 -27.158203125 -0.3515625 1.58203125 -2.06080941207533 2.548828125 -69.169921875 -1.58203125
-0.52734375 -21.26953125 -1.40625 1.58203125 -1.94613564599317 1.93359375 -92.4609375 -1.494140625
3.251953125 -21.357421875 -1.23046875 1.58203125 -1.71799873932147 4.130859375 -93.603515625 -1.318359375
15.029296875 -33.662109375 -1.142578125 1.58203125 -1.03035075740718 2.109375 -92.900390625 -0.791015625
21.884765625 -39.287109375 -1.0546875 1.58203125 -0.22894826662334 1.40625 -85.517578125 -0.17578125
25.13671875 -39.287109375 -0.87890625 1.58203125 -0.114487306046006 2.28515625 -84.90234375 -0.087890625
29.619140625 -41.30859375 -0.703125 1.58203125 0.343439623092664 1.845703125 -78.92578125 0.263671875
33.22265625 -41.396484375 -0.703125 1.58203125 -1.37366205060199 1.318359375 -66.708984375 -1.0546875
-37.529296875 36.650390625 -0.966796875 1.58203125 -0.572619230113946 3.779296875 -79.98046875 -0.439453125
-38.14453125 43.330078125 -0.615234375 1.58203125 -1.60338846689834 3.955078125 -67.412109375 -1.23046875
-37.6171875 47.548828125 -0.439453125 1.58203125 -1.48890118758224 4.04296875 -65.7421875 -1.142578125
-35.33203125 49.482421875 -0.263671875 1.58203125 -1.71828151750525 4.658203125 -49.04296875 -1.318359375
-37.6171875 57.3046875 -0.3515625 1.58203125 -1.37369921476925 1.58203125 -60.8203125 -1.0546875
-34.365234375 57.392578125 -0.087890625 1.58203125 -1.03030118353813 1.7578125 -56.25 -0.791015625
-31.2890625 57.568359375 0 1.58203125 -1.60267547830254 1.7578125 -43.76953125 -1.23046875
15.29296875 -44.912109375 -1.40625 1.58203125 -1.25917334183939 1.142578125 -100.810546875 -0.966796875
21.884765625 -48.779296875 -1.142578125 1.58203125 -2.28935322807431 1.142578125 -106.435546875 -1.7578125
28.125 -53.525390625 -1.142578125 1.58203125 -1.60253577994366 0.791015625 -101.865234375 -1.23046875
30.5859375 -53.173828125 -1.142578125 1.58203125 -0.915965075640695 2.724609375 -87.275390625 -0.703125
35.5078125 -56.42578125 -0.703125 1.58203125 -0.457924615050624 1.93359375 -94.130859375 -0.3515625
39.638671875 -56.42578125 -0.52734375 1.58203125 -1.03035075740718 2.109375 -89.912109375 -0.791015625
42.890625 -56.42578125 -0.439453125 1.58203125 0.457969322775663 2.548828125 -76.9921875 0.3515625
20.56640625 -55.37109375 -1.669921875 1.58203125 2.17484029806201 0.791015625 -116.103515625 1.669921875
26.19140625 -56.689453125 -1.142578125 1.58203125 -1.14472254297063 1.318359375 -106.69921875 -0.87890625
31.201171875 -59.58984375 -0.966796875 1.58203125 -0.915814800059268 1.669921875 -103.095703125 -0.703125
36.9140625 -63.017578125 -0.966796875 1.58203125 -1.48806535181594 0.703125 -100.458984375 -1.142578125
41.396484375 -63.720703125 -0.703125 1.58203125 -1.25918263126562 1.23046875 -94.21875 -0.966796875
45.966796875 -64.599609375 -0.52734375 1.58203125 -0.572369672015288 1.40625 -89.6484375 -0.439453125
50.537109375 -64.6875 -0.52734375 1.58203125 -0.801296900027455 1.142578125 -87.099609375 -0.615234375
23.291015625 -57.65625 -1.318359375 1.58203125 -2.28952340521102 1.845703125 -115.3125 -1.7578125
32.16796875 -67.060546875 -1.494140625 1.58203125 0.114468156501426 -0.703125 -116.982421875 0.087890625
34.716796875 -66.796875 -0.966796875 1.58203125 0.343428640022254 1.58203125 -114.521484375 0.263671875
39.55078125 -68.642578125 -0.966796875 1.58203125 1.03035075740718 2.109375 -110.126953125 0.791015625
44.47265625 -68.73046875 -0.615234375 1.58203125 -0.343477191099767 2.548828125 -101.77734375 -0.263671875
52.734375 -72.685546875 -0.703125 1.58203125 -0.457864177943173 0.087890625 -97.294921875 -0.3515625
56.953125 -72.421875 -0.615234375 1.58203125 -0.343398332318347 0.087890625 -96.85546875 -0.263671875
29.70703125 -69.2578125 -1.494140625 1.58203125 0.686804135931425 -0.615234375 -122.080078125 0.52734375
33.837890625 -70.927734375 -1.0546875 1.58203125 0.343404242221075 0.703125 -119.1796875 0.263671875
40.517578125 -74.443359375 -1.0546875 1.58203125 -0.228932503846476 0.17578125 -110.0390625 -0.17578125
45.703125 -75.41015625 -0.615234375 1.58203125 -0.343409589905104 0.966796875 -111.181640625 -0.263671875
50.2734375 -75.41015625 -0.439453125 1.58203125 -1.14476508988522 1.669921875 -94.21875 -0.87890625
55.986328125 -77.16796875 -0.439453125 1.58203125 -0.228944512874599 1.23046875 -97.646484375 -0.17578125
58.18359375 284.501953125 359.82421875 1.58203125 0.801498507990528 2.900390625 -104.4140625 0.615234375
32.607421875 -74.091796875 -1.23046875 1.58203125 -0.114466936966215 -0.439453125 -124.62890625 -0.087890625
37.529296875 -77.080078125 -1.0546875 1.58203125 0.801265376917926 0.439453125 -120.673828125 0.615234375
42.978515625 -79.013671875 -0.703125 1.58203125 1.03026063582846 1.40625 -118.388671875 0.791015625
49.21875 -81.2109375 -0.87890625 1.58203125 1.25921463194384 1.494140625 -111.357421875 0.966796875
53.7890625 -81.2109375 -0.52734375 1.58203125 0.915920725945122 2.4609375 -110.302734375 0.703125
59.326171875 -82.44140625 -0.17578125 1.58203125 1.37381225319464 2.197265625 -99.140625 1.0546875
63.720703125 -82.79296875 0 1.58203125 2.28967050638841 2.28515625 -100.634765625 1.7578125
