DataSet_1
0.20672963559627533 0.9146550893783569 0.34737423062324524 -121.12371063232422 
-0.9671141505241394 0.13726551830768585 0.21412226557731628 -77.12749481201172 
0.1481655091047287 -0.38021597266197205 0.9129527807235718 -1382.428955078125 
0.0 0.0 0.0 1.0

DataSet_2
0.1845005601644516 0.9169936180114746 0.35366976261138916 -131.21694946289062 
-0.9817328453063965 0.1549309641122818 0.11044073104858398 -71.27644348144531 
0.04647904634475708 -0.36758556962013245 0.9288275241851807 -1424.2178955078125 
0.0 0.0 0.0 1.0

DataSet_3
0.17335191369056702 0.9177067279815674 0.35744020342826843 -141.6322021484375 
-0.9848592877388 0.1619429588317871 0.061859630048274994 -62.49018859863281 
-0.0011159329442307353 -0.3627518117427826 0.9318851232528687 -1466.035888671875 
0.0 0.0 0.0 1.0

DataSet_4
0.2441045343875885 0.914203941822052 0.3234875798225403 -149.26748657226562 
-0.911973774433136 0.1029931828379631 0.3971099853515625 -66.26972961425781 
0.32972249388694763 -0.39194852113723755 0.8588710427284241 -1500.822998046875 
0.0 0.0 0.0 1.0

DataSet_5
0.24937832355499268 0.9142590761184692 0.3192816376686096 -159.4541015625 
-0.89994877576828 0.0970333069562912 0.42506086826324463 -54.8065071105957 
0.3576348125934601 -0.39333808422088623 0.846984326839447 -1543.144775390625 
0.0 0.0 0.0 1.0

DataSet_6
0.26126229763031006 0.9140252470970154 0.3103221356868744 -164.54083251953125 
-0.8710326552391052 0.08469436317682266 0.483868807554245 -39.51340103149414 
0.41598573327064514 -0.3967173993587494 0.8182733058929443 -1561.7598876953125 
0.0 0.0 0.0 1.0

DataSet_7
0.30102458596229553 0.9144183397293091 0.27059778571128845 -121.88790893554688 
-0.7350708246231079 0.04173101857304573 0.6767047047615051 -97.61790466308594 
0.6074989438056946 -0.4026132822036743 0.6847244501113892 -1393.05322265625 
0.0 0.0 0.0 1.0

DataSet_8
0.2779819667339325 0.9133592844009399 0.2974907159805298 -134.2126007080078 
-0.8277804255485535 0.07065004110336304 0.5565860271453857 -68.72539520263672 
0.4873453378677368 -0.40097787976264954 0.7757005095481873 -1434.6468505859375 
0.0 0.0 0.0 1.0

DataSet_9
0.27288347482681274 0.9137762784957886 0.3009111285209656 -142.60458374023438 
-0.8404977917671204 0.07426153123378754 0.5367016792297363 -50.45703887939453 
0.46807917952537537 -0.3993721604347229 0.7882916927337646 -1466.3868408203125 
0.0 0.0 0.0 1.0

DataSet_10
0.29477235674858093 0.9145782589912415 0.27686792612075806 -151.1181182861328 
-0.754131019115448 0.04471251741051674 0.6552000641822815 -36.442054748535156 
0.5868523120880127 -0.4019295275211334 0.7028918862342834 -1500.410400390625 
0.0 0.0 0.0 1.0

DataSet_11
0.30979424715042114 0.9148774147033691 0.2588954567909241 -160.42935180664062 
-0.6764169931411743 0.020706674084067345 0.7362277507781982 -6.684455871582031 
0.6681972742080688 -0.4032004177570343 0.625253438949585 -1534.2890625 
0.0 0.0 0.0 1.0

DataSet_12
0.33389654755592346 0.918993353843689 0.2096768319606781 -169.34344482421875 
-0.46993544697761536 -0.030534837394952774 0.8821724653244019 16.31698226928711 
0.8171131014823914 -0.3930889368057251 0.4216720461845398 -1567.31884765625 
0.0 0.0 0.0 1.0

DataSet_13
0.2886005640029907 0.9164345860481262 0.2772316336631775 -172.96038818359375 
-0.7652720808982849 0.04678342118859291 0.642004668712616 34.11480712890625 
0.5753854513168335 -0.39744052290916443 0.7148234844207764 -1581.9461669921875 
0.0 0.0 0.0 1.0

DataSet_14
0.22918276488780975 0.9160939455032349 0.329009473323822 -177.26809692382812 
-0.933521032333374 0.11112228035926819 0.3408670425415039 59.36349105834961 
0.2757059633731842 -0.38525810837745667 0.8806602358818054 -1597.58056640625 
0.0 0.0 0.0 1.0

DataSet_15
0.2152954339981079 0.9160187840461731 0.33846333622932434 -182.49307250976562 
-0.9538540244102478 0.12297045439481735 0.2739356458187103 68.97201538085938 
0.20930923521518707 -0.3818216919898987 0.9002231955528259 -1617.99755859375 
0.0 0.0 0.0 1.0

DataSet_16
0.21707892417907715 0.9170718789100647 0.3344487249851227 -191.05361938476562 
-0.9485940933227539 0.11734350025653839 0.2939384877681732 87.14602661132812 
0.23031733930110931 -0.38106390833854675 0.8954017162322998 -1652.5032958984375 
0.0 0.0 0.0 1.0

DataSet_17
0.2048017680644989 0.9179739952087402 0.3396763503551483 -196.36485290527344 
-0.9625630378723145 0.12593244016170502 0.24002815783023834 108.73058319091797 
0.17756332457065582 -0.3761180639266968 0.9093989729881287 -1671.780517578125 
0.0 0.0 0.0 1.0

DataSet_18
0.20705795288085938 0.9177991151809692 0.3387799561023712 -200.902099609375 
-0.9595174193382263 0.12293243408203125 0.2534047067165375 130.0810546875 
0.19092759490013123 -0.3775347173213959 0.9060983657836914 -1687.9595947265625 
0.0 0.0 0.0 1.0

DataSet_19
0.1614135503768921 0.9222553968429565 0.3512701094150543 -207.60548400878906 
-0.9867300987243652 0.15716290473937988 0.04078702628612518 152.95785522460938 
-0.017590567469596863 -0.35319235920906067 0.9353853464126587 -1715.4749755859375 
0.0 0.0 0.0 1.0

DataSet_20
0.2338433563709259 0.9138677716255188 0.33190807700157166 -130.41427612304688 
-0.9324072003364563 0.11403179913759232 0.34294816851615906 -6.854331016540527 
0.27556121349334717 -0.38966965675354004 0.8787625432014465 -1403.176513671875 
0.0 0.0 0.0 1.0

DataSet_21
0.28230977058410645 0.9119223356246948 0.2978234589099884 -141.0723114013672 
-0.8137576580047607 0.06323228776454926 0.5777543783187866 35.49110794067383 
0.5080351233482361 -0.4054618179798126 0.7599349021911621 -1441.71142578125 
0.0 0.0 0.0 1.0

DataSet_22
0.23969511687755585 0.9135475158691406 0.32859891653060913 -148.9731903076172 
-0.9207631349563599 0.10660380870103836 0.3752744793891907 44.76280212402344 
0.30780115723609924 -0.3925132155418396 0.8667132258415222 -1475.0701904296875 
0.0 0.0 0.0 1.0

DataSet_23
0.2902607321739197 0.9139261841773987 0.28370338678359985 -154.65948486328125 
-0.7700435519218445 0.04705642908811569 0.6362535953521729 68.06036376953125 
0.5681387186050415 -0.40314343571662903 0.7174215912818909 -1494.43310546875 
0.0 0.0 0.0 1.0

DataSet_24
0.19731372594833374 0.9165794253349304 0.347777783870697 -162.44972229003906 
-0.9726770520210266 0.13876843452453613 0.1861252635717392 72.08065795898438 
0.12233801931142807 -0.375000536441803 0.9189167618751526 -1528.8280029296875 
0.0 0.0 0.0 1.0

DataSet_25
0.2757721245288849 0.9139464497566223 0.2977442443370819 -168.44790649414062 
-0.8199954032897949 0.0620567612349987 0.5689960718154907 90.13754272460938 
0.5015548467636108 -0.4010621905326843 0.7665453553199768 -1550.8233642578125 
0.0 0.0 0.0 1.0

DataSet_26
0.18119047582149506 0.9176602959632874 0.353651762008667 -175.3784942626953 
-0.9822975397109985 0.15148288011550903 0.11020199954509735 77.95713806152344 
0.04755580425262451 -0.3673588037490845 0.9288626909255981 -1585.8782958984375 
0.0 0.0 0.0 1.0

DataSet_27
0.2344486564397812 0.9178792238235474 0.3202055096626282 -180.9797821044922 
-0.9156344532966614 0.09784960746765137 0.3899218738079071 109.72833251953125 
0.32656916975975037 -0.38460785150527954 0.8633825182914734 -1604.5849609375 
0.0 0.0 0.0 1.0

DataSet_28
0.1827002614736557 0.9190280437469482 0.3492966294288635 -185.88856506347656 
-0.9804756045341492 0.14403501152992249 0.1338716596364975 115.23648834228516 
0.07272085547447205 -0.3669351637363434 0.927399754524231 -1623.718994140625 
0.0 0.0 0.0 1.0

DataSet_29
0.18520629405975342 0.9187244772911072 0.34877505898475647 -192.15090942382812 
-0.9787284731864929 0.1405741274356842 0.14943088591098785 145.81195068359375 
0.08825705200433731 -0.3690316081047058 0.9252169132232666 -1646.389404296875 
0.0 0.0 0.0 1.0

DataSet_30
0.2215355634689331 0.9168015718460083 0.33226028084754944 -197.61544799804688 
-0.9396429657936096 0.10958509892225266 0.3241330087184906 165.4681854248047 
0.26075488328933716 -0.3840130567550659 0.8857431411743164 -1666.4923095703125 
0.0 0.0 0.0 1.0

DataSet_31
0.22202855348587036 0.9157640337944031 0.3347827196121216 -204.44393920898438 
-0.9386734366416931 0.10785448551177979 0.32750505208969116 191.48667907714844 
0.26380953192710876 -0.38696712255477905 0.883550226688385 -1691.7957763671875 
0.0 0.0 0.0 1.0

DataSet_32
0.1775076538324356 0.9203912615776062 0.3483832776546478 -210.17095947265625 
-0.9819880723953247 0.1423676609992981 0.1242208182811737 206.3306121826172 
0.06473325937986374 -0.36415839195251465 0.9290846586227417 -1717.2957763671875 
0.0 0.0 0.0 1.0

DataSet_33
0.21190913021564484 0.9148918390274048 0.3436093330383301 -122.66371154785156 
-0.9615594148635864 0.13235816359519958 0.24059250950813293 -3.1675148010253906 
0.1746366173028946 -0.38138455152511597 0.9077708125114441 -1369.21533203125 
0.0 0.0 0.0 1.0

DataSet_34
0.22987902164459229 0.9137648940086365 0.33494675159454346 -129.06192016601562 
-0.9381032586097717 0.11643136292695999 0.3261992335319519 19.900789260864258 
0.25907111167907715 -0.38920101523399353 0.8839709758758545 -1391.077880859375 
0.0 0.0 0.0 1.0

DataSet_35
0.27806079387664795 0.9128007292747498 0.29912689328193665 -134.84756469726562 
-0.8242959976196289 0.06686709821224213 0.5621964335441589 33.297386169433594 
0.4931716024875641 -0.40289390087127686 0.7710111737251282 -1413.0042724609375 
0.0 0.0 0.0 1.0

DataSet_36
0.07968051731586456 0.9270710349082947 0.366319864988327 -142.51666259765625 
-0.9130437970161438 0.21534214913845062 -0.34637942910194397 46.92209243774414 
-0.40000244975090027 -0.30686643719673157 0.863615095615387 -1443.83984375 
0.0 0.0 0.0 1.0

DataSet_37
0.16050416231155396 0.9194232821464539 0.3590252995491028 -145.75584411621094 
-0.9856791496276855 0.16836422681808472 0.009491294622421265 59.239837646484375 
-0.051720499992370605 -0.35540714859962463 0.9332795739173889 -1458.1842041015625 
0.0 0.0 0.0 1.0

DataSet_38
0.21488028764724731 0.9148756265640259 0.34180277585983276 -151.81204223632812 
-0.9560178518295288 0.12549935281276703 0.26510345935821533 87.02534484863281 
0.19964061677455902 -0.3837350606918335 0.9016047120094299 -1478.628173828125 
0.0 0.0 0.0 1.0

DataSet_39
0.26040905714035034 0.9137750267982483 0.3117726445198059 -158.35211181640625 
-0.8695436716079712 0.08162150532007217 0.48706430196762085 96.82335662841797 
0.4196198880672455 -0.3979358971118927 0.8158223628997803 -1504.920654296875 
0.0 0.0 0.0 1.0

DataSet_40
0.284587562084198 0.9145920276641846 0.287282794713974 -164.44688415527344 
-0.7845969200134277 0.05002233758568764 0.6179850697517395 104.05047607421875 
0.5508336424827576 -0.4012720584869385 0.7318217754364014 -1529.5157470703125 
0.0 0.0 0.0 1.0

DataSet_41
0.3091586232185364 0.914192259311676 0.2620562016963959 -171.92330932617188 
-0.6723657846450806 0.015237269923090935 0.7400622367858887 114.69316864013672 
0.6725661158561707 -0.40499424934387207 0.6193823218345642 -1559.03857421875 
0.0 0.0 0.0 1.0

DataSet_42
0.2347324788570404 0.9162626266479492 0.3245972692966461 -177.60263061523438 
-0.9181917905807495 0.09937848895788193 0.3834679126739502 133.42706298828125 
0.3190993666648865 -0.3880549371242523 0.864632248878479 -1584.568359375 
0.0 0.0 0.0 1.0

DataSet_43
0.16640345752239227 0.920835554599762 0.35266372561454773 -183.85061645507812 
-0.9860535860061646 0.15435947477817535 0.062220823019742966 158.5542755126953 
0.0028581619262695312 -0.358099102973938 0.9336792230606079 -1607.0125732421875 
0.0 0.0 0.0 1.0

DataSet_44
0.23055346310138702 0.9164684414863586 0.327002614736557 -191.29638671875 
-0.9249273538589478 0.1020190417766571 0.3661988079547882 172.20338439941406 
0.30224913358688354 -0.38688206672668457 0.8711875081062317 -1637.0147705078125 
0.0 0.0 0.0 1.0

DataSet_45
0.17684826254844666 0.9198195934295654 0.35022369027137756 -197.32069396972656 
-0.9825877547264099 0.1443987637758255 0.11691993474960327 189.34886169433594 
0.056973353028297424 -0.36480262875556946 0.929340124130249 -1662.7027587890625 
0.0 0.0 0.0 1.0

DataSet_46
0.18778759241104126 0.9192267656326294 0.3460606336593628 -204.07080078125 
-0.9759674072265625 0.13497015833854675 0.17108674347400665 213.68846130371094 
0.11055964976549149 -0.3698718547821045 0.922481119632721 -1689.0733642578125 
0.0 0.0 0.0 1.0

DataSet_47
0.23361247777938843 0.9165918231010437 0.32447585463523865 -208.28170776367188 
-0.915641188621521 0.09510204195976257 0.39058512449264526 216.50152587890625 
0.32714879512786865 -0.3883490562438965 0.8614863157272339 -1706.5001220703125 
0.0 0.0 0.0 1.0

DataSet_48
0.2538168430328369 0.9129980802536011 0.3193923830986023 -124.05353546142578 
-0.8924046158790588 0.09367571771144867 0.44140559434890747 23.689910888671875 
0.3730831444263458 -0.3970634341239929 0.8385401964187622 -1367.499755859375 
0.0 0.0 0.0 1.0

DataSet_49
0.24492135643959045 0.9134458303451538 0.3250078856945038 -132.09561157226562 
-0.9087870717048645 0.0994914099574089 0.40522509813308716 65.1248779296875 
0.3378157317638397 -0.3946112394332886 0.8544954657554626 -1392.64404296875 
0.0 0.0 0.0 1.0

DataSet_50
0.22279074788093567 0.9230772256851196 0.31351664662361145 -129.77099609375 
-0.9374780654907227 0.11465390026569366 0.3286174237728119 69.47621154785156 
0.2673933506011963 -0.3671278953552246 0.8909084796905518 -1387.97607421875 
0.0 0.0 0.0 1.0

DataSet_51
0.11694590002298355 0.9220806956291199 0.3689049780368805 -139.57794189453125 
-0.9627143144607544 0.1964893788099289 -0.18593831360340118 78.02142333984375 
-0.24393604695796967 -0.33340537548065186 0.9106789231300354 -1425.7398681640625 
0.0 0.0 0.0 1.0

DataSet_52
0.21920238435268402 0.9144995212554932 0.3400602340698242 -147.76287841796875 
-0.9504360556602478 0.12137245386838913 0.28625166416168213 96.61021423339844 
0.2205030620098114 -0.38595256209373474 0.8957784175872803 -1458.2108154296875 
0.0 0.0 0.0 1.0

DataSet_53
0.24735692143440247 0.914159893989563 0.32113271951675415 -153.08358764648438 
-0.9000113606452942 0.09401877969503403 0.4256054759025574 113.69476318359375 
0.3588789701461792 -0.39429953694343567 0.8460105061531067 -1477.3330078125 
0.0 0.0 0.0 1.0

DataSet_54
0.2470758557319641 0.9142725467681885 0.32102856040000916 -164.581298828125 
-0.8987395763397217 0.09236857295036316 0.42864349484443665 134.66444396972656 
0.36224400997161865 -0.3944285213947296 0.8445149064064026 -1524.291015625 
0.0 0.0 0.0 1.0

DataSet_55
0.2512930631637573 0.914760172367096 0.3163314759731293 -175.0294952392578 
-0.8852077126502991 0.08501538634300232 0.45736163854599 155.96665954589844 
0.3914831578731537 -0.39495089650154114 0.8311165571212769 -1565.9537353515625 
0.0 0.0 0.0 1.0

DataSet_56
0.26183781027793884 0.9150001406669617 0.30694580078125 -182.15867614746094 
-0.8524982333183289 0.07018496096134186 0.5179970264434814 179.6365203857422 
0.4524243474006653 -0.39730194211006165 0.7984130382537842 -1593.460693359375 
0.0 0.0 0.0 1.0

DataSet_57
0.26264727115631104 0.9158790707588196 0.30361464619636536 -190.17530822753906 
-0.8449767231941223 0.06639865785837173 0.5306650996208191 191.10031127929688 
0.46586546301841736 -0.3959250748157501 0.7913359999656677 -1627.6248779296875 
0.0 0.0 0.0 1.0

DataSet_58
0.20400851964950562 0.9178169369697571 0.3405768871307373 -196.71258544921875 
-0.9622414112091064 0.1239597350358963 0.2423332780599594 194.94955444335938 
0.1801997721195221 -0.37715521454811096 0.9084503054618835 -1656.9622802734375 
0.0 0.0 0.0 1.0

DataSet_59
0.19368469715118408 0.9189503788948059 0.3435351848602295 -202.191162109375 
-0.971413791179657 0.13064457476139069 0.1982099860906601 214.08056640625 
0.1372641623020172 -0.37210503220558167 0.9179849624633789 -1679.26611328125 
0.0 0.0 0.0 1.0

DataSet_60
0.24302753806114197 0.9153624176979065 0.3210130035877228 -100.7381362915039 
-0.9128926992416382 0.10393651574850082 0.3947456479072571 -78.31185150146484 
0.32797032594680786 -0.3889845013618469 0.8608870506286621 -1520.571533203125 
0.0 0.0 0.0 1.0

DataSet_61
0.2193363457918167 0.9165565371513367 0.33438846468925476 -115.26560974121094 
-0.9500377178192139 0.12262826412916183 0.28703761100769043 -57.53145217895508 
0.22208073735237122 -0.3806394338607788 0.8976601362228394 -1555.982666015625 
0.0 0.0 0.0 1.0

DataSet_62
0.2569407522678375 0.9156467318534851 0.3091481029987335 -121.53447723388672 
-0.8773555755615234 0.08686470985412598 0.4719129204750061 -37.30339050292969 
0.4052514433860779 -0.39248648285865784 0.8256667852401733 -1576.2464599609375 
0.0 0.0 0.0 1.0

DataSet_63
0.25656023621559143 0.9158101677894592 0.308979868888855 -132.53115844726562 
-0.8764382004737854 0.0856667160987854 0.4738325774669647 -21.84691047668457 
0.4074714183807373 -0.392368346452713 0.8246296644210815 -1610.2469482421875 
0.0 0.0 0.0 1.0

DataSet_64
0.2691895365715027 0.9150936007499695 0.3002343475818634 -144.6266326904297 
-0.8395816087722778 0.07024243474006653 0.5386731028556824 -3.92850399017334 
0.4718471169471741 -0.39707639813423157 0.7872043251991272 -1635.4046630859375 
0.0 0.0 0.0 1.0

DataSet_65
0.27154290676116943 0.9155386686325073 0.2967377305030823 -148.66375732421875 
-0.8278642296791077 0.064958356320858 0.5571545362472534 25.15416717529297 
0.49082091450691223 -0.3969499468803406 0.7755807638168335 -1643.3349609375 
0.0 0.0 0.0 1.0

DataSet_66
0.27412721514701843 0.9166306257247925 0.2909340560436249 -141.22976684570312 
-0.8120184540748596 0.05853404477238655 0.5806890726089478 51.2047119140625 
0.5152478814125061 -0.39542651176452637 0.760366678237915 -1649.4688720703125 
0.0 0.0 0.0 1.0

DataSet_67
0.30736780166625977 0.9153984785079956 0.2599434554576874 -78.75984954833984 
-0.6986079216003418 0.03159307315945625 0.714806854724884 -125.47145080566406 
0.6461207270622253 -0.4013071656227112 0.6492153406143188 -1397.188720703125 
0.0 0.0 0.0 1.0

DataSet_68
0.3015934228897095 0.9151231646537781 0.2675650119781494 -90.30736541748047 
-0.7271668314933777 0.039269737899303436 0.6853366494178772 -102.16056823730469 
0.6166602373123169 -0.4012574255466461 0.677290678024292 -1425.7764892578125 
0.0 0.0 0.0 1.0

DataSet_69
0.29987841844558716 0.9153074622154236 0.26885902881622314 -100.80552673339844 
-0.7306840419769287 0.03918314725160599 0.6815904378890991 -70.38004302978516 
0.613330066204071 -0.4008452594280243 0.680550754070282 -1468.45751953125 
0.0 0.0 0.0 1.0

DataSet_70
0.29338034987449646 0.9152516722679138 0.27612024545669556 -108.30806732177734 
-0.7570521235466003 0.0460512675344944 0.6517295241355896 -45.22528076171875 
0.583780825138092 -0.4002420902252197 0.7064037322998047 -1502.103271484375 
0.0 0.0 0.0 1.0

DataSet_71
0.2897871136665344 0.9155420064926147 0.2789378762245178 -115.85700988769531 
-0.7667796015739441 0.04767024144530296 0.6401380300521851 -24.272560119628906 
0.572776198387146 -0.3993876278400421 0.7158330678939819 -1549.147705078125 
0.0 0.0 0.0 1.0

DataSet_72
0.28659066557884216 0.9157010912895203 0.28170421719551086 -119.99378204345703 
-0.7768134474754333 0.0500052273273468 0.6277422904968262 -11.868485450744629 
0.5607376098632812 -0.39873671531677246 0.725659966468811 -1581.60400390625 
0.0 0.0 0.0 1.0

DataSet_73
0.2877035140991211 0.9156072735786438 0.2808736264705658 -121.4410171508789 
-0.7681475877761841 0.04545258358120918 0.6386574506759644 6.423864364624023 
0.5719929933547974 -0.3994963765144348 0.7163983583450317 -1613.705078125 
0.0 0.0 0.0 1.0

DataSet_74
0.28618699312210083 0.9168474078178406 0.2783663272857666 -129.13157653808594 
-0.7642983198165894 0.04322177916765213 0.6434127688407898 30.520029067993164 
0.5778798460960388 -0.3968912959098816 0.7131144404411316 -1642.9493408203125 
0.0 0.0 0.0 1.0

DataSet_75
0.2966457009315491 0.9168277978897095 0.26726034283638 -127.14630889892578 
-0.7151773571968079 0.027816057205200195 0.6983892321586609 58.784584045410156 
0.6328685283660889 -0.3983127176761627 0.6639460325241089 -1653.605224609375 
0.0 0.0 0.0 1.0

DataSet_76
0.32745203375816345 0.9160774946212769 0.23146751523017883 -50.0460205078125 
-0.5723605751991272 -0.00260050967335701 0.8199979662895203 -59.59430694580078 
0.7517836093902588 -0.40099287033081055 0.5234750509262085 -1384.0029296875 
0.0 0.0 0.0 1.0

DataSet_77
0.31340035796165466 0.9147194027900696 0.25508537888526917 -63.453758239746094 
-0.6643434166908264 0.01925281062722206 0.747179388999939 -36.4896354675293 
0.6785483956336975 -0.4036305844783783 0.6137217283248901 -1420.76806640625 
0.0 0.0 0.0 1.0

DataSet_78
0.30181536078453064 0.9149006009101868 0.2680754065513611 -66.95310974121094 
-0.7223004698753357 0.035912174731492996 0.6906462907791138 -26.201555252075195 
0.6222455501556396 -0.40207865834236145 0.671671986579895 -1438.6575927734375 
0.0 0.0 0.0 1.0

DataSet_79
0.31822192668914795 0.9148560762405396 0.24854198098182678 -81.66421508789062 
-0.6309058666229248 0.008686117827892303 0.7758107781410217 -2.0746498107910156 
0.7075963616371155 -0.40368661284446716 0.5799521803855896 -1471.169921875 
0.0 0.0 0.0 1.0

DataSet_80
0.27475500106811523 0.9136279225349426 0.29965612292289734 -94.33626556396484 
-0.8307175636291504 0.06862680613994598 0.5524479746818542 28.233951568603516 
0.4841674268245697 -0.40071743726730347 0.7778222560882568 -1499.626953125 
0.0 0.0 0.0 1.0

DataSet_81
0.30112603306770325 0.9151647090911865 0.26794901490211487 -98.8756103515625 
-0.7124139666557312 0.029123319312930107 0.701154887676239 41.26093673706055 
0.6338686347007751 -0.40202659368515015 0.6607459187507629 -1529.53271484375 
0.0 0.0 0.0 1.0

DataSet_82
0.30186140537261963 0.9147469997406006 0.26854726672172546 -106.37557220458984 
-0.7094255685806274 0.027356179431080818 0.7042492628097534 58.78681182861328 
0.6368634104728699 -0.40309998393058777 0.6572026610374451 -1559.9510498046875 
0.0 0.0 0.0 1.0

DataSet_83
0.30252647399902344 0.9154084324836731 0.2655279338359833 -113.84756469726562 
-0.6978441476821899 0.022973274812102318 0.7158810496330261 75.38487243652344 
0.6492235064506531 -0.40187013149261475 0.6457625031471252 -1584.40625 
0.0 0.0 0.0 1.0

DataSet_84
0.2916038930416107 0.9162669777870178 0.27463066577911377 -120.68788146972656 
-0.7425808906555176 0.035871472209692 0.668795108795166 91.38002014160156 
0.6029434204101562 -0.3989587128162384 0.6908625960350037 -1605.6767578125 
0.0 0.0 0.0 1.0

DataSet_85
0.283927321434021 0.9163898825645447 0.2821608781814575 -126.08026885986328 
-0.7718728184700012 0.04385880008339882 0.6342623829841614 115.01643371582031 
0.568856418132782 -0.3978767395019531 0.7197892069816589 -1628.420166015625 
0.0 0.0 0.0 1.0

DataSet_86
0.28748881816864014 0.9160236120223999 0.2797335088253021 -129.77703857421875 
-0.7552796006202698 0.03721756115555763 0.6543450951576233 134.2253875732422 
0.5889846086502075 -0.3993939161300659 0.7025536298751831 -1656.282470703125 
0.0 0.0 0.0 1.0

DataSet_87
0.2843558192253113 0.91684490442276 0.280244916677475 -137.58023071289062 
-0.7622625827789307 0.0389254055917263 0.646096408367157 154.48609924316406 
0.5814615488052368 -0.3973414897918701 0.7099452018737793 -1684.975830078125 
0.0 0.0 0.0 1.0

DataSet_88
0.3266547620296478 0.9154781103134155 0.23493920266628265 -49.39203643798828 
-0.5769450664520264 -0.0037471388932317495 0.8167742490768433 16.48843765258789 
0.7486193776130676 -0.40235021710395813 0.5269566774368286 -1371.0098876953125 
0.0 0.0 0.0 1.0

DataSet_89
0.3360999524593353 0.9186680316925049 0.20757126808166504 -54.21562194824219 
-0.4667966067790985 -0.02893328107893467 0.883891224861145 36.15605926513672 
0.8180084228515625 -0.3939693570137024 0.419106662273407 -1393.59130859375 
0.0 0.0 0.0 1.0

DataSet_90
0.33136942982673645 0.9173296689987183 0.22068209946155548 -59.683319091796875 
-0.5178676247596741 -0.01867850497364998 0.8552567958831787 58.65960693359375 
0.7886744737625122 -0.397690087556839 0.46886587142944336 -1415.016357421875 
0.0 0.0 0.0 1.0

DataSet_91
0.30528274178504944 0.9135143756866455 0.26887524127960205 -68.01517486572266 
-0.7050138711929321 0.0270191989839077 0.7086786031723022 80.82084655761719 
0.6401233077049255 -0.40590816736221313 0.6522887945175171 -1446.638916015625 
0.0 0.0 0.0 1.0

DataSet_92
0.2951236665248871 0.9139286875724792 0.2786329686641693 -77.98014831542969 
-0.7438955307006836 0.03677982836961746 0.6672829985618591 128.8300018310547 
0.5996010303497314 -0.4042048454284668 0.6907221078872681 -1478.544921875 
0.0 0.0 0.0 1.0

DataSet_93
0.3233267068862915 0.9152527451515198 0.24035847187042236 -86.1146240234375 
-0.5815421342849731 -0.008191760629415512 0.8134750723838806 136.07261657714844 
0.7465042471885681 -0.40279683470726013 0.5296094417572021 -1513.0150146484375 
0.0 0.0 0.0 1.0

DataSet_94
0.29517862200737 0.9142605066299438 0.2774839401245117 -94.26187133789062 
-0.7368177771568298 0.03293490782380104 0.675288736820221 162.73526000976562 
0.6082509160041809 -0.4037858843803406 0.6833650469779968 -1540.312255859375 
0.0 0.0 0.0 1.0

DataSet_95
0.3057623505592346 0.9141831398010254 0.2660425901412964 -99.2280044555664 
-0.6843960285186768 0.016779419034719467 0.7289174199104309 174.00050354003906 
0.6618999242782593 -0.4049540162086487 0.6307937502861023 -1565.87255859375 
0.0 0.0 0.0 1.0

DataSet_96
0.29811230301856995 0.9147528409957886 0.2726835012435913 -104.24951171875 
-0.7146912813186646 0.024542100727558136 0.6990092992782593 204.22801208496094 
0.6327285170555115 -0.4032678008079529 0.6610822081565857 -1598.6337890625 
0.0 0.0 0.0 1.0

DataSet_97
0.3227648138999939 0.9169588685035706 0.23454074561595917 -85.92864990234375 
-0.5609971284866333 -0.014240696094930172 0.8276952505111694 244.5742645263672 
0.7623025178909302 -0.39872756600379944 0.5098148584365845 -1514.2476806640625 
0.0 0.0 0.0 1.0

DataSet_98
0.319833904504776 0.9148130416870117 0.2466239631175995 -75.29365539550781 
-0.6052305698394775 -0.003006573533639312 0.7960445880889893 208.12313842773438 
0.7289734482765198 -0.40386641025543213 0.5527111887931824 -1468.62548828125 
0.0 0.0 0.0 1.0

DataSet_99
0.2984671890735626 0.912844717502594 0.27862489223480225 -63.927734375 
-0.7350620031356812 0.03364984691143036 0.6771642565727234 190.88720703125 
0.6087701320648193 -0.40691789984703064 0.68104088306427 -1442.2950439453125 
0.0 0.0 0.0 1.0

DataSet_100
0.28764814138412476 0.9130566716194153 0.2891124188899994 -60.2279052734375 
-0.7813242077827454 0.0491361990571022 0.622188150882721 169.74807739257812 
0.5538871884346008 -0.40486180782318115 0.7275272607803345 -1409.13720703125 
0.0 0.0 0.0 1.0

DataSet_101
0.28748732805252075 0.913210391998291 0.28878670930862427 -59.42413330078125 
-0.7831443548202515 0.05054609850049019 0.6197822093963623 136.66415405273438 
0.551394522190094 -0.4043412208557129 0.7297069430351257 -1388.6915283203125 
0.0 0.0 0.0 1.0

DataSet_102
0.26987969875335693 0.913671612739563 0.3039229214191437 -81.98413848876953 
-0.8451979756355286 0.07356613129377365 0.5293660163879395 37.18779754638672 
0.4613082706928253 -0.39974021911621094 0.7920873761177063 -1478.2098388671875 
0.0 0.0 0.0 1.0

DataSet_103
0.2735080420970917 0.9151492118835449 0.2961340546607971 -20.520233154296875 
-0.8395683169364929 0.07689723372459412 0.5377843379974365 -190.0635528564453 
0.4693810045719147 -0.39571306109428406 0.7893621921539307 -1450.4931640625 
0.0 0.0 0.0 1.0

DataSet_104
0.28660228848457336 0.9150879383087158 0.283677875995636 -36.41471862792969 
-0.7929312586784363 0.060386307537555695 0.6063113808631897 -169.58766174316406 
0.537697970867157 -0.3987072706222534 0.7429087162017822 -1497.850830078125 
0.0 0.0 0.0 1.0

DataSet_105
0.2850629687309265 0.915020763874054 0.2854401469230652 -41.402252197265625 
-0.7970806956291199 0.06090302765369415 0.6007937788963318 -155.52349853515625 
0.5323545932769775 -0.398782879114151 0.7467066049575806 -1531.8792724609375 
0.0 0.0 0.0 1.0

DataSet_106
0.29429587721824646 0.9155925512313843 0.2740078270435333 -51.010955810546875 
-0.7518612742424011 0.04481054097414017 0.6577968597412109 -134.8233642578125 
0.5899954438209534 -0.3996027708053589 0.7015860676765442 -1568.4298095703125 
0.0 0.0 0.0 1.0

DataSet_107
0.29663053154945374 0.9165157079696655 0.2683454155921936 -58.912513732910156 
-0.7327820658683777 0.038248129189014435 0.6793875694274902 -123.865478515625 
0.6124057173728943 -0.398165762424469 0.6829518675804138 -1601.455322265625 
0.0 0.0 0.0 1.0

DataSet_108
0.2932262122631073 0.9167954921722412 0.27111685276031494 -68.07122039794922 
-0.7435332536697388 0.040422819554805756 0.6674759984016418 -95.79401397705078 
0.6009796857833862 -0.39730584621429443 0.6935210227966309 -1631.7674560546875 
0.0 0.0 0.0 1.0

DataSet_109
0.2913658618927002 0.9170732498168945 0.27218109369277954 -74.73268127441406 
-0.7462140917778015 0.03985919803380966 0.6645116806030273 -75.28455352783203 
0.5985569953918457 -0.39672139286994934 0.6959466338157654 -1660.8341064453125 
0.0 0.0 0.0 1.0

DataSet_110
0.2958919405937195 0.9173061847686768 0.266453355550766 -77.04338073730469 
-0.72298264503479 0.03275693580508232 0.690089225769043 -53.47638702392578 
0.6242948770523071 -0.3968329429626465 0.6728889346122742 -1674.187255859375 
0.0 0.0 0.0 1.0

DataSet_111
0.30313488841056824 0.9171984195709229 0.2585656940937042 -72.80638122558594 
-0.6858585476875305 0.0216129869222641 0.7274138331413269 -28.5188045501709 
0.6615945100784302 -0.39784401655197144 0.6356200575828552 -1668.1689453125 
0.0 0.0 0.0 1.0

DataSet_112
0.31215330958366394 0.9167652130126953 0.24920237064361572 -67.37202453613281 
-0.6412742137908936 0.009790437296032906 0.7672492861747742 -22.911705017089844 
0.7009477019309998 -0.39930644631385803 0.590954065322876 -1627.6634521484375 
0.0 0.0 0.0 1.0

DataSet_113
0.3120037913322449 0.9168442487716675 0.24909891188144684 -56.08978271484375 
-0.6442696452140808 0.011480242945253849 0.7647122144699097 -50.75315856933594 
0.6982623338699341 -0.39907997846603394 0.5942768454551697 -1585.66748046875 
0.0 0.0 0.0 1.0

DataSet_114
0.3161582946777344 0.9169256687164307 0.24349798262119293 -46.200401306152344 
-0.6248573064804077 0.008131282404065132 0.7806965708732605 -77.19166564941406 
0.713860809803009 -0.3989751935005188 0.5755184888839722 -1542.1885986328125 
0.0 0.0 0.0 1.0

DataSet_115
0.3265732228755951 0.9177626371383667 0.2259681671857834 -35.561744689941406 
-0.5524812340736389 -0.008623726665973663 0.833480715751648 -111.16616821289062 
0.7668861746788025 -0.3970356285572052 0.5042303800582886 -1502.0194091796875 
0.0 0.0 0.0 1.0

DataSet_116
0.32358208298683167 0.917648434638977 0.2306859940290451 -24.41992950439453 
-0.5806176066398621 6.360560655593872e-05 0.8141763806343079 -141.62498474121094 
0.747113049030304 -0.39739322662353516 0.532823383808136 -1462.0615234375 
0.0 0.0 0.0 1.0

DataSet_117
0.3235807418823242 0.9177409410476685 0.2303193211555481 -14.187644958496094 
-0.5835156440734863 0.0019310228526592255 0.8120995759963989 -170.48245239257812 
0.7448523044586182 -0.3971747159957886 0.5361410975456238 -1435.821044921875 
0.0 0.0 0.0 1.0

DataSet_118
0.33359524607658386 0.918176531791687 0.2136961966753006 -8.644271850585938 
-0.503672182559967 -0.018022919073700905 0.8637068271636963 -134.01943969726562 
0.7968868017196655 -0.39576131105422974 0.45644763112068176 -1410.978759765625 
0.0 0.0 0.0 1.0

DataSet_119
0.3064504861831665 0.915873646736145 0.25935235619544983 -21.40735626220703 
-0.695427656173706 0.029371196404099464 0.7179956436157227 -98.04380798339844 
0.6499757766723633 -0.4003908932209015 0.6459246277809143 -1434.5926513671875 
0.0 0.0 0.0 1.0

DataSet_120
0.3317216634750366 0.91774982213974 0.21839436888694763 -31.916397094726562 
-0.5161746740341187 -0.017201967537403107 0.8563106060028076 -67.54876708984375 
0.7896357178688049 -0.3967864513397217 0.46801286935806274 -1461.132568359375 
0.0 0.0 0.0 1.0

DataSet_121
0.33341294527053833 0.9184536337852478 0.21278786659240723 -42.94935607910156 
-0.48960939049720764 -0.02419835329055786 0.8716059923171997 -41.19444274902344 
0.8056788444519043 -0.39478763937950134 0.4416155517101288 -1506.437255859375 
0.0 0.0 0.0 1.0

DataSet_122
0.28753015398979187 0.9152596592903137 0.2821812033653259 -50.98657989501953 
-0.7766482830047607 0.050394244492053986 0.6279155611991882 -8.917993545532227 
0.5604854822158813 -0.39970019459724426 0.7253246307373047 -1526.7044677734375 
0.0 0.0 0.0 1.0

DataSet_123
0.25116243958473206 0.9155130386352539 0.31425029039382935 -58.885658264160156 
-0.8900110125541687 0.09079977124929428 0.4468061625957489 25.384681701660156 
0.38052302598953247 -0.3919071555137634 0.8376222252845764 -1561.4085693359375 
0.0 0.0 0.0 1.0

DataSet_124
0.2283613234758377 0.9161329865455627 0.32947152853012085 -66.78459167480469 
-0.9343211650848389 0.11109587550163269 0.3386763632297516 59.23448181152344 
0.27366968989372253 -0.3851727843284607 0.8813323974609375 -1591.9964599609375 
0.0 0.0 0.0 1.0

DataSet_125
0.2733706533908844 0.9160485863685608 0.29346805810928345 -73.3980712890625 
-0.8168666958808899 0.05998025834560394 0.5736996531486511 75.61589813232422 
0.5079344511032104 -0.39655691385269165 0.7646863460540771 -1611.976806640625 
0.0 0.0 0.0 1.0

DataSet_126
0.16609857976436615 0.9216033816337585 0.35079705715179443 -76.37601470947266 
-0.9860760569572449 0.1581442952156067 0.05142439901828766 95.71192169189453 
-0.00808367133140564 -0.35445407032966614 0.9350385069847107 -1629.642578125 
0.0 0.0 0.0 1.0

DataSet_127
0.12391573935747147 0.9253291487693787 0.35834458470344543 -82.26527404785156 
-0.9718289375305176 0.18613265454769135 -0.14457888901233673 111.97811889648438 
-0.20048269629478455 -0.33033403754234314 0.9223264455795288 -1651.110107421875 
0.0 0.0 0.0 1.0

DataSet_128
0.23021447658538818 0.9170624017715454 0.3255731761455536 -62.45551300048828 
-0.9260879755020142 0.10368651151657104 0.362781286239624 148.72927856445312 
0.29893550276756287 -0.3850269317626953 0.8731505274772644 -1592.971923828125 
0.0 0.0 0.0 1.0

DataSet_129
0.27925869822502136 0.9161036014556885 0.28769558668136597 -53.97654724121094 
-0.7952828407287598 0.052766285836696625 0.6039378643035889 107.37325286865234 
0.5380890369415283 -0.39745426177978516 0.7432969212532043 -1547.366943359375 
0.0 0.0 0.0 1.0

DataSet_130
0.3142927587032318 0.9152816534042358 0.2519514560699463 -42.20838165283203 
-0.641942024230957 0.009382504038512707 0.7666956782341003 63.14326477050781 
0.6993786096572876 -0.4027051329612732 0.5905066728591919 -1494.0159912109375 
0.0 0.0 0.0 1.0

DataSet_131
0.3189660906791687 0.9156435132026672 0.24465803802013397 -38.040618896484375 
-0.6172211766242981 0.004785476252436638 0.7867750525474548 20.938074111938477 
0.7192347049713135 -0.4019626975059509 0.5666810274124146 -1458.9996337890625 
0.0 0.0 0.0 1.0

DataSet_132
0.33436867594718933 0.9191300868988037 0.20832066237926483 -31.92652130126953 
-0.47478729486465454 -0.026661081239581108 0.8796966671943665 0.3734321594238281 
0.8141096830368042 -0.39305102825164795 0.4274766445159912 -1426.198486328125 
0.0 0.0 0.0 1.0

DataSet_133
0.3083454370498657 0.915326714515686 0.25903671979904175 -24.72309112548828 
-0.687516450881958 0.026232097297906876 0.7256947755813599 -22.904857635498047 
0.6574528217315674 -0.4018566906452179 0.6373907327651978 -1398.89892578125 
0.0 0.0 0.0 1.0

DataSet_134
0.30119428038597107 0.9139391183853149 0.2720244228839874 -23.917373657226562 
-0.7272416353225708 0.03564842790365219 0.6854552030563354 49.08161163330078 
0.6167670488357544 -0.40428268909454346 0.675391674041748 -1388.033203125 
0.0 0.0 0.0 1.0

DataSet_135
0.28362706303596497 0.9140427112579346 0.2899681329727173 -33.481895446777344 
-0.7960832118988037 0.05585601180791855 0.6026040315628052 91.76429748535156 
0.5346093773841858 -0.40175357460975647 0.7434963583946228 -1414.390380859375 
0.0 0.0 0.0 1.0

DataSet_136
0.2534639239311218 0.9138562679290771 0.31721094250679016 -40.48329162597656 
-0.8882906436920166 0.09004466235637665 0.45036831498146057 138.00389099121094 
0.38300877809524536 -0.39592763781547546 0.8345930576324463 -1450.12255859375 
0.0 0.0 0.0 1.0

DataSet_137
0.2032567858695984 0.9170379042625427 0.3431154191493988 -50.46490478515625 
-0.966175377368927 0.13104428350925446 0.22210931777954102 169.51092529296875 
0.15871934592723846 -0.37665486335754395 0.9126550555229187 -1484.29931640625 
0.0 0.0 0.0 1.0

DataSet_138
0.1566123068332672 0.9210456609725952 0.35657745599746704 -59.086669921875 
-0.9864753484725952 0.16355255246162415 0.010810598731040955 201.82540893554688 
-0.048362091183662415 -0.35344797372817993 0.9342032074928284 -1515.75537109375 
0.0 0.0 0.0 1.0

DataSet_139
0.1840822994709015 0.9190355539321899 0.34855037927627563 -62.339515686035156 
-0.9803144931793213 0.14590726792812347 0.13302113115787506 62.519493103027344 
0.07139510661363602 -0.3661758005619049 0.9278028011322021 -1556.28173828125 
0.0 0.0 0.0 1.0

DataSet_140
0.3196064829826355 0.9185861945152283 0.23248876631259918 11.52557373046875 
-0.6040681004524231 0.008487732149660587 0.7968874573707581 -232.28672790527344 
0.7300365567207336 -0.3951294720172882 0.5576013922691345 -1476.7581787109375 
0.0 0.0 0.0 1.0

DataSet_141
0.324043869972229 0.9191634058952332 0.22390654683113098 4.3356475830078125 
-0.5633960366249084 -0.0026357732713222504 0.8261827826499939 -217.84222412109375 
0.7599871158599854 -0.393867552280426 0.5169989466667175 -1505.3480224609375 
0.0 0.0 0.0 1.0

DataSet_142
0.3047634959220886 0.9170033931732178 0.2573402523994446 -5.425140380859375 
-0.6974076628684998 0.03084617480635643 0.7160105109214783 -193.553466796875 
0.6486460566520691 -0.3976849615573883 0.6489259600639343 -1532.5284423828125 
0.0 0.0 0.0 1.0

DataSet_143
0.2901015877723694 0.9153294563293457 0.2793082594871521 -12.854324340820312 
-0.7768337726593018 0.054784223437309265 0.6273180842399597 -173.10235595703125 
0.5589010119438171 -0.3989620804786682 0.7269518375396729 -1557.6768798828125 
0.0 0.0 0.0 1.0

DataSet_144
0.2774604260921478 0.9163281321525574 0.28871843218803406 -19.3597412109375 
-0.8165727257728577 0.06659042090177536 0.5733887553215027 -157.84629821777344 
0.5061863660812378 -0.39485231041908264 0.7667248249053955 -1584.823974609375 
0.0 0.0 0.0 1.0

DataSet_145
0.29272744059562683 0.9156870245933533 0.27536866068840027 -31.14990234375 
-0.7557289004325867 0.0451207309961319 0.6533283591270447 -137.0314178466797 
0.5858194828033447 -0.39935117959976196 0.7052192687988281 -1610.3287353515625 
0.0 0.0 0.0 1.0

DataSet_146
0.24775081872940063 0.9160351753234863 0.31543484330177307 -38.79888916015625 
-0.8996756672859192 0.09673503786325455 0.42570656538009644 -110.27734375 
0.3594486117362976 -0.38925817608833313 0.8481006622314453 -1636.81494140625 
0.0 0.0 0.0 1.0

DataSet_147
0.28025227785110474 0.9150833487510681 0.28996723890304565 -47.867835998535156 
-0.8050111532211304 0.05950029939413071 0.5902683138847351 -98.40794372558594 
0.5228915810585022 -0.3988508880138397 0.753327488899231 -1669.61474609375 
0.0 0.0 0.0 1.0

DataSet_148
0.2206018567085266 0.9179196953773499 0.32978516817092896 -52.58698272705078 
-0.9446013569831848 0.11681430041790009 0.3067289888858795 -73.83426666259766 
0.24302898347377777 -0.3791804909706116 0.892837643623352 -1693.7926025390625 
0.0 0.0 0.0 1.0

DataSet_149
0.2678839862346649 0.9159948825836182 0.298649400472641 -49.37286376953125 
-0.8406937122344971 0.07082541286945343 0.5368591547012329 -28.72976303100586 
0.47060826420783997 -0.39488866925239563 0.789044201374054 -1683.993896484375 
0.0 0.0 0.0 1.0

DataSet_150
0.2728779911994934 0.9156950116157532 0.29502585530281067 -42.04750061035156 
-0.8272626996040344 0.06679899245500565 0.5578300356864929 -40.662109375 
0.4910947382450104 -0.39628341794013977 0.7757483124732971 -1638.42919921875 
0.0 0.0 0.0 1.0

DataSet_151
0.27642181515693665 0.9154114127159119 0.2925967574119568 -34.773216247558594 
-0.8183696269989014 0.06459128111600876 0.5710508823394775 -52.10472106933594 
0.5038473010063171 -0.3973032236099243 0.766999363899231 -1597.989990234375 
0.0 0.0 0.0 1.0

DataSet_152
0.2828163504600525 0.9155939221382141 0.2858368158340454 -26.28339385986328 
-0.7966344952583313 0.05824407935142517 0.6016486883163452 -68.54331970214844 
0.5342175960540771 -0.3978635370731354 0.745866060256958 -1558.6260986328125 
0.0 0.0 0.0 1.0

DataSet_153
0.2886011600494385 0.9150019884109497 0.28192344307899475 -5.025947570800781 
-0.7776623368263245 0.05224815383553505 0.6265073418617249 -84.40235900878906 
0.5585254430770874 -0.4000519812107086 0.7266414165496826 -1535.3316650390625 
0.0 0.0 0.0 1.0

DataSet_154
0.29829660058021545 0.9161574840545654 0.2677209973335266 1.7114028930664062 
-0.7295278310775757 0.03797384724020958 0.682896077632904 -93.90734100341797 
0.6154739856719971 -0.39901551604270935 0.679689884185791 -1507.530029296875 
0.0 0.0 0.0 1.0

DataSet_155
0.31224679946899414 0.9170886278152466 0.2478918433189392 14.231658935546875 
-0.6519496440887451 0.017064640298485756 0.7580702304840088 -97.45858764648438 
0.6909874081611633 -0.39831799268722534 0.6032240390777588 -1480.9693603515625 
0.0 0.0 0.0 1.0

DataSet_156
0.3192289173603058 0.9176506996154785 0.2366647571325302 23.670181274414062 
-0.6095101237297058 0.007583640515804291 0.7927420139312744 -123.36003112792969 
0.7256654500961304 -0.39731574058532715 0.5617381930351257 -1460.90234375 
0.0 0.0 0.0 1.0

DataSet_157
0.33276695013046265 0.9191049337387085 0.21097904443740845 25.89242172241211 
-0.4944801926612854 -0.020436476916074753 0.8689485788345337 -88.79846954345703 
0.8029666543006897 -0.3934823274612427 0.44767865538597107 -1440.7862548828125 
0.0 0.0 0.0 1.0

DataSet_158
0.31177788972854614 0.9165475964546204 0.2504696249961853 15.942680358886719 
-0.658484160900116 0.01838969998061657 0.7523698210716248 -65.89070129394531 
0.6849766969680786 -0.39950257539749146 0.6092656254768372 -1463.2279052734375 
0.0 0.0 0.0 1.0

DataSet_159
0.29393061995506287 0.9159120321273804 0.2733311951160431 8.573287963867188 
-0.7500657439231873 0.043773286044597626 0.6599130630493164 -35.142578125 
0.5924577116966248 -0.39898502826690674 0.6998605728149414 -1484.00732421875 
0.0 0.0 0.0 1.0

DataSet_160
0.27410635352134705 0.9147308468818665 0.2968723475933075 -2.6450729370117188 
-0.8307278752326965 0.06968749314546585 0.5522995591163635 -3.2736454010009766 
0.4845171868801117 -0.39800897240638733 0.7789942026138306 -1514.716064453125 
0.0 0.0 0.0 1.0

DataSet_161
0.2527695596218109 0.915934681892395 0.311722993850708 -11.182014465332031 
-0.8854957818984985 0.08917394280433655 0.45601022243499756 23.862197875976562 
0.3898780047893524 -0.3912948966026306 0.8335967063903809 -1549.1114501953125 
0.0 0.0 0.0 1.0

DataSet_162
0.23890970647335052 0.916509747505188 0.3208301067352295 -18.94739532470703 
-0.9143707156181335 0.10111290961503983 0.3920488655567169 51.02351760864258 
0.32687655091285706 -0.38702192902565 0.8621866106987 -1575.7764892578125 
0.0 0.0 0.0 1.0

DataSet_163
0.2160162478685379 0.9181854128837585 0.3320731520652771 -28.643875122070312 
-0.9502286911010742 0.11949512362480164 0.2877262532711029 78.18824768066406 
0.22450493276119232 -0.37769895792007446 0.898298978805542 -1601.1319580078125 
0.0 0.0 0.0 1.0

DataSet_164
0.19037747383117676 0.9190962910652161 0.34499049186706543 -33.568504333496094 
-0.9758082628250122 0.1386846899986267 0.1690114140510559 102.91902160644531 
0.10749287158250809 -0.36882051825523376 0.9232641458511353 -1620.8780517578125 
0.0 0.0 0.0 1.0

DataSet_165
0.20459584891796112 0.9192362427711487 0.3363705575466156 -44.018707275390625 
-0.961694598197937 0.12472140789031982 0.24410662055015564 139.97373962402344 
0.18243904411792755 -0.37342897057533264 0.9095420837402344 -1656.29345703125 
0.0 0.0 0.0 1.0

DataSet_166
0.22170831263065338 0.9178177714347839 0.3293265998363495 -48.52195739746094 
-0.938934862613678 0.10979727655649185 0.3261071741580963 178.33346557617188 
0.2631478011608124 -0.38151687383651733 0.8861140608787537 -1647.031005859375 
0.0 0.0 0.0 1.0

DataSet_167
0.21585899591445923 0.9176942110061646 0.33352991938591003 -36.08708190917969 
-0.9491528272628784 0.11704230308532715 0.29224997758865356 150.4468994140625 
0.22915902733802795 -0.379655659198761 0.8962966799736023 -1604.9874267578125 
0.0 0.0 0.0 1.0

DataSet_168
0.2498495876789093 0.9156078100204468 0.3150198459625244 -26.993881225585938 
-0.8890286087989807 0.08800791949033737 0.4493136405944824 131.91342163085938 
0.383670836687088 -0.39232248067855835 0.835990309715271 -1563.6234130859375 
0.0 0.0 0.0 1.0

DataSet_169
0.2737581431865692 0.9152400493621826 0.2956216037273407 -16.11052703857422 
-0.822079598903656 0.06311965733766556 0.5658630728721619 98.39380645751953 
0.49924105405807495 -0.39793410897254944 0.7696796655654907 -1505.5137939453125 
0.0 0.0 0.0 1.0

DataSet_170
0.29250654578208923 0.9150148630142212 0.27782657742500305 -6.861839294433594 
-0.7542221546173096 0.04214663431048393 0.6552652716636658 67.85990905761719 
0.5878680348396301 -0.40121233463287354 0.7024527192115784 -1460.072021484375 
0.0 0.0 0.0 1.0

DataSet_171
0.31354936957359314 0.9150328040122986 0.2537749707698822 -0.5397415161132812 
-0.656312108039856 0.015690241008996964 0.754326343536377 28.18345832824707 
0.6862515807151794 -0.40307414531707764 0.6054667830467224 -1415.2933349609375 
0.0 0.0 0.0 1.0

DataSet_172
0.33396032452583313 0.9186094403266907 0.21125151216983795 5.397308349609375 
-0.48795413970947266 -0.02326573245227337 0.872559130191803 9.345560073852539 
0.8064560294151306 -0.39448118209838867 0.4404694437980652 -1391.9261474609375 
0.0 0.0 0.0 1.0

DataSet_173
0.30627143383026123 0.9143989086151123 0.26471200585365295 4.826530456542969 
-0.7009984254837036 0.02850380726158619 0.7125929594039917 55.94861602783203 
0.6440489888191223 -0.4038095772266388 0.6497220396995544 -1389.35986328125 
0.0 0.0 0.0 1.0

DataSet_174
0.24180519580841064 0.9150946140289307 0.32269495725631714 10.529792785644531 
-0.9131947755813599 0.10218717157840729 0.3945035934448242 99.36551666259766 
0.32803285121917725 -0.3900763690471649 0.8603690266609192 -1408.0196533203125 
0.0 0.0 0.0 1.0

DataSet_175
0.23359841108322144 0.9151486754417419 0.32853394746780396 -0.21526336669921875 
-0.9276722073554993 0.1085357517004013 0.35727328062057495 143.60055541992188 
0.291300505399704 -0.3882302939891815 0.8743118643760681 -1425.31982421875 
0.0 0.0 0.0 1.0

DataSet_176
0.3316035270690918 0.9197558164596558 0.209972083568573 -6.5821533203125 
-0.4731309115886688 -0.030422762036323547 0.880466639995575 182.7972412109375 
0.8162023425102234 -0.3913101255893707 0.4250766336917877 -1451.8515625 
0.0 0.0 0.0 1.0

DataSet_177
0.29204487800598145 0.9130133986473083 0.2848093509674072 -15.387794494628906 
-0.7602670192718506 0.040946584194898605 0.6483189463615417 182.30813598632812 
0.5802619457244873 -0.40586936473846436 0.7060921788215637 -1475.728271484375 
0.0 0.0 0.0 1.0

DataSet_178
0.2649560570716858 0.9148155450820923 0.3048126697540283 -21.96587371826172 
-0.8491902947425842 0.0716184675693512 0.5232080221176147 191.2949981689453 
0.4568086564540863 -0.3974710702896118 0.7958282232284546 -1509.11376953125 
0.0 0.0 0.0 1.0

DataSet_179
0.24529357254505157 0.9150400161743164 0.32020747661590576 -33.69963073730469 
-0.9008587598800659 0.09311529248952866 0.424008309841156 179.64944458007812 
0.358168363571167 -0.3924682140350342 0.8471623659133911 -1544.244873046875 
0.0 0.0 0.0 1.0

DataSet_180
0.25465837121009827 0.9150143265724182 0.31288647651672363 -38.13665771484375 
-0.8750122785568237 0.08028057217597961 0.47739776968955994 199.51739501953125 
0.4117070734500885 -0.395352840423584 0.8210928440093994 -1577.4132080078125 
0.0 0.0 0.0 1.0

DataSet_181
0.26439234614372253 0.9151610732078552 0.3042643964290619 34.2003059387207 
-0.8633013963699341 0.08395349979400635 0.4976569712162018 -108.94221496582031 
0.42989227175712585 -0.3942485749721527 0.8122565150260925 -1484.918212890625 
0.0 0.0 0.0 1.0

DataSet_182
0.26653775572776794 0.9158602356910706 0.3002626597881317 34.21349334716797 
-0.856935441493988 0.08259230852127075 0.5087633728981018 -163.8000946044922 
0.4411567747592926 -0.392910361289978 0.8068470358848572 -1476.199951171875 
0.0 0.0 0.0 1.0

DataSet_183
0.25339433550834656 0.9160110354423523 0.3109906315803528 22.766399383544922 
-0.8906915187835693 0.0954916924238205 0.4444659352302551 -164.55023193359375 
0.37743866443634033 -0.38962188363075256 0.8400802612304688 -1516.10400390625 
0.0 0.0 0.0 1.0

DataSet_184
0.2582781910896301 0.9154860973358154 0.30850866436958313 26.385047912597656 
-0.8790954947471619 0.09029582142829895 0.46801474690437317 -147.62973022460938 
0.4006039500236511 -0.39208656549453735 0.8281211256980896 -1552.0821533203125 
0.0 0.0 0.0 1.0

DataSet_185
0.26127415895462036 0.9154219031333923 0.3061676323413849 22.958515167236328 
-0.8708901405334473 0.08676887303590775 0.48375773429870605 -129.88035583496094 
0.41627660393714905 -0.3930317163467407 0.8199023604393005 -1582.5799560546875 
0.0 0.0 0.0 1.0

DataSet_186
0.26522037386894226 0.9161484837532043 0.30054956674575806 13.916122436523438 
-0.8553903102874756 0.07972750067710876 0.5118114352226257 -106.48291778564453 
0.4449332058429718 -0.3928300142288208 0.8048099279403687 -1623.619384765625 
0.0 0.0 0.0 1.0

DataSet_187
0.18476858735084534 0.9204083681106567 0.3445416986942291 -2.7557525634765625 
-0.9807649850845337 0.1502372920513153 0.12461452186107635 -66.62345886230469 
0.06293323636054993 -0.36093929409980774 0.930463433265686 -1666.5306396484375 
0.0 0.0 0.0 1.0

DataSet_188
0.228986918926239 0.9178791046142578 0.32413405179977417 -11.817024230957031 
-0.9312912821769714 0.10966237634420395 0.3473769724369049 -43.722442626953125 
0.28330475091934204 -0.3814080059528351 0.8799240589141846 -1698.1136474609375 
0.0 0.0 0.0 1.0

DataSet_189
0.2026454657316208 0.9186522960662842 0.3391352891921997 -14.466285705566406 
-0.9660393595695496 0.13084110617637634 0.22281965613365173 -4.884150505065918 
0.1603209674358368 -0.37277141213417053 0.9139686226844788 -1699.87451171875 
0.0 0.0 0.0 1.0

DataSet_190
0.25299933552742004 0.9170930981636047 0.3081095516681671 -17.615028381347656 
-0.8780149221420288 0.08390575647354126 0.47122135758399963 44.021507263183594 
0.40630170702934265 -0.38974347710609436 0.8264495730400085 -1710.8052978515625 
0.0 0.0 0.0 1.0

DataSet_191
0.2605375051498413 0.9160866141319275 0.3048039972782135 -17.97308349609375 
-0.859637439250946 0.07640460133552551 0.5051591992378235 67.45401763916016 
0.43948113918304443 -0.3936338424682617 0.8074086308479309 -1690.150146484375 
0.0 0.0 0.0 1.0

DataSet_192
0.17775894701480865 0.9210512042045593 0.34650611877441406 -16.169448852539062 
-0.983105480670929 0.15059204399585724 0.10404668003320694 38.93380355834961 
0.04365125671029091 -0.3591472804546356 0.9322595000267029 -1684.359375 
0.0 0.0 0.0 1.0

DataSet_193
0.232514888048172 0.9176476001739502 0.3222726583480835 -12.747520446777344 
-0.9239704012870789 0.10495413094758987 0.3677816390991211 19.746665954589844 
0.30367010831832886 -0.3832851052284241 0.8722826242446899 -1651.44580078125 
0.0 0.0 0.0 1.0

DataSet_194
0.26164647936820984 0.9162405133247375 0.30338820815086365 -2.1131210327148438 
-0.8609079122543335 0.07944992184638977 0.502518892288208 -7.412323474884033 
0.43632400035858154 -0.3926716148853302 0.8095865249633789 -1616.515869140625 
0.0 0.0 0.0 1.0

DataSet_195
0.262340784072876 0.9161977767944336 0.3029174506664276 10.938896179199219 
-0.8617968559265137 0.0812169760465622 0.5007095336914062 -37.236785888671875 
0.4341468811035156 -0.3924098610877991 0.8108828663825989 -1574.796630859375 
0.0 0.0 0.0 1.0

DataSet_196
0.23486125469207764 0.9169496893882751 0.3225576877593994 20.72241973876953 
-0.9258160591125488 0.10991755872964859 0.3616390526294708 -53.25189971923828 
0.2961500287055969 -0.3835641145706177 0.8747420907020569 -1537.3458251953125 
0.0 0.0 0.0 1.0

DataSet_197
0.2324831187725067 0.9169031977653503 0.32440733909606934 32.54554748535156 
-0.9313851594924927 0.11381314694881439 0.34578651189804077 -72.25274658203125 
0.28013092279434204 -0.38253769278526306 0.880449652671814 -1505.74462890625 
0.0 0.0 0.0 1.0

DataSet_198
0.2639232277870178 0.9152700304985046 0.3043440282344818 45.067420959472656 
-0.8661997318267822 0.08609995245933533 0.4922243356704712 -98.59493255615234 
0.4243141710758209 -0.3935321569442749 0.8155304789543152 -1468.385498046875 
0.0 0.0 0.0 1.0

DataSet_199
0.2754395008087158 0.9156655073165894 0.29272815585136414 45.49199295043945 
-0.8313341736793518 0.07397856563329697 0.5508272647857666 -121.54911041259766 
0.48271793127059937 -0.3950745165348053 0.7816005945205688 -1452.898193359375 
0.0 0.0 0.0 1.0

DataSet_200
0.30544376373291016 0.9161890745162964 0.2594258785247803 46.44878005981445 
-0.6990562081336975 0.030765846371650696 0.7144045829772949 -46.87176513671875 
0.6465481519699097 -0.3995636999607086 0.6498648524284363 -1420.373291015625 
0.0 0.0 0.0 1.0

DataSet_201
0.30065855383872986 0.9154690504074097 0.26743391156196594 43.842952728271484 
-0.7250958681106567 0.037257589399814606 0.6876394152641296 -28.867801666259766 
0.6195486187934875 -0.4006599187850952 0.6750045418739319 -1434.992919921875 
0.0 0.0 0.0 1.0

DataSet_202
0.29528874158859253 0.9154865145683289 0.27329280972480774 38.47242736816406 
-0.7471510171890259 0.042994044721126556 0.6632623076438904 -4.530299186706543 
0.5954577326774597 -0.40004491806030273 0.6967023611068726 -1460.0157470703125 
0.0 0.0 0.0 1.0

DataSet_203
0.28658246994018555 0.9152818918228149 0.2830716669559479 33.57005310058594 
-0.7826025485992432 0.05321523919701576 0.6202430129051208 18.864700317382812 
0.5526334047317505 -0.39928340911865234 0.7315524816513062 -1489.357666015625 
0.0 0.0 0.0 1.0

DataSet_204
0.2795884609222412 0.9143007397651672 0.2930603623390198 28.336040496826172 
-0.8119069933891296 0.06222199648618698 0.580461323261261 37.577781677246094 
0.5124814510345459 -0.4002280831336975 0.7597237825393677 -1523.92529296875 
0.0 0.0 0.0 1.0

DataSet_205
0.30710655450820923 0.9150723218917847 0.26139670610427856 26.999919891357422 
-0.6862589120864868 0.022640744224190712 0.7270048260688782 53.39777374267578 
0.6593437790870667 -0.4026537835597992 0.6349296569824219 -1555.402587890625 
0.0 0.0 0.0 1.0

DataSet_206
0.23313619196414948 0.9161377549171448 0.32609686255455017 21.434112548828125 
-0.9278121590614319 0.10913049429655075 0.3567284345626831 75.74626922607422 
0.29122525453567505 -0.38572293519973755 0.8754459619522095 -1591.50732421875 
0.0 0.0 0.0 1.0

DataSet_207
0.19347576797008514 0.918369710445404 0.3452015519142151 12.618804931640625 
-0.9745141267776489 0.1391724795103073 0.17593510448932648 110.44588470458984 
0.11353091895580292 -0.3704429864883423 0.9218908548355103 -1618.25390625 
0.0 0.0 0.0 1.0

DataSet_208
0.2336331009864807 0.9169284105300903 0.3235085904598236 0.8407669067382812 
-0.9216618537902832 0.10284459590911865 0.3741154670715332 127.40676879882812 
0.30976602435112 -0.38557127118110657 0.8691258430480957 -1650.16259765625 
0.0 0.0 0.0 1.0

DataSet_209
0.28019848465919495 0.9161406755447388 0.2866620421409607 4.650489807128906 
-0.7897415161132812 0.050238121300935745 0.6113791465759277 175.79400634765625 
0.5457079410552979 -0.3976964056491852 0.7375909686088562 -1640.5289306640625 
0.0 0.0 0.0 1.0

DataSet_210
0.2821667790412903 0.9157299399375916 0.2860429286956787 11.352554321289062 
-0.7848332524299622 0.04886038228869438 0.6177777647972107 153.99224853515625 
0.5517414808273315 -0.39881235361099243 0.7324821352958679 -1584.115234375 
0.0 0.0 0.0 1.0

DataSet_211
0.2825717031955719 0.9152864813804626 0.2870606780052185 22.310089111328125 
-0.7892711758613586 0.051770903170108795 0.6118584871292114 126.92068481445312 
0.5451644062995911 -0.39946261048316956 0.737038254737854 -1539.2235107421875 
0.0 0.0 0.0 1.0

DataSet_212
0.28693562746047974 0.9148937463760376 0.2839672267436981 34.900238037109375 
-0.778798520565033 0.05018141493201256 0.6252636313438416 98.86378479003906 
0.5577999353408813 -0.40056365728378296 0.7269167304039001 -1492.7952880859375 
0.0 0.0 0.0 1.0

DataSet_213
0.3263346254825592 0.9165577292442322 0.2311440110206604 43.24547576904297 
-0.5625255703926086 -0.008209198713302612 0.8267390727996826 79.62937927246094 
0.7596516609191895 -0.3998180329799652 0.5129082798957825 -1454.452880859375 
0.0 0.0 0.0 1.0

DataSet_214
0.2884117364883423 0.9148983359336853 0.28245317935943604 43.174888610839844 
-0.7797545194625854 0.053219690918922424 0.6238193511962891 35.61028289794922 
0.5556991696357727 -0.40016093850135803 0.7287452220916748 -1435.890625 
0.0 0.0 0.0 1.0

DataSet_215
0.2969870865345001 0.9152851700782776 0.2721244692802429 42.88959884643555 
-0.743277370929718 0.04268394410610199 0.6676203012466431 -9.965672492980957 
0.5994476079940796 -0.4005385637283325 0.692987322807312 -1417.2493896484375 
0.0 0.0 0.0 1.0

DataSet_216
0.25987547636032104 0.9152324199676514 0.3079195022583008 41.59458541870117 
-0.8744363784790039 0.08776481449604034 0.4771355986595154 -21.759519577026367 
0.40966546535491943 -0.39325183629989624 0.8231204152107239 -1477.4296875 
0.0 0.0 0.0 1.0

DataSet_217
0.2890414893627167 0.9148992896080017 0.2818053960800171 -19.893898010253906 
-0.7746236324310303 0.050550416111946106 0.6303989887237549 -37.209075927734375 
0.5625062584877014 -0.40050455927848816 0.7233138084411621 -1486.269287109375 
0.0 0.0 0.0 1.0

DataSet_218
0.3051931858062744 0.9158634543418884 0.2608664333820343 -68.28470611572266 
-0.6885991096496582 0.02302294224500656 0.7247766256332397 -14.939739227294922 
0.6577905416488647 -0.4008292257785797 0.6376892328262329 -1547.783935546875 
0.0 0.0 0.0 1.0

DataSet_219
0.2283942848443985 0.9161655306816101 0.3293580710887909 -103.76054382324219 
-0.9370170831680298 0.11503131687641144 0.32979801297187805 -48.40140914916992 
0.2642630934715271 -0.38393810391426086 0.8847352862358093 -1552.841552734375 
0.0 0.0 0.0 1.0

DataSet_220
0.29405370354652405 0.9161342978477478 0.27245262265205383 -99.55320739746094 
-0.7490909099578857 0.04385598003864288 0.6610140204429626 -109.03033447265625 
0.5936289429664612 -0.3984653949737549 0.6991638541221619 -1547.4471435546875 
0.0 0.0 0.0 1.0

DataSet_221
0.2451213151216507 0.9139986038208008 0.3232986629009247 -146.29949951171875 
-0.9120871424674988 0.10436208546161652 0.39649152755737305 -71.9453125 
0.32865259051322937 -0.3920651078224182 0.8592277765274048 -1511.160400390625 
0.0 0.0 0.0 1.0

DataSet_222
0.32008838653564453 0.9154784083366394 0.2438085675239563 -129.68606567382812 
-0.6168062686920166 0.006043614819645882 0.7870917916297913 -27.560115814208984 
0.719092071056366 -0.40232160687446594 0.5666073560714722 -1486.1329345703125 
0.0 0.0 0.0 1.0

DataSet_223
0.267284095287323 0.9141665101051331 0.3047271966934204 -88.25501251220703 
-0.8548203110694885 0.07896959781646729 0.5128801465034485 0.34264516830444336 
0.4447936713695526 -0.39757171273231506 0.802555501461029 -1473.476806640625 
0.0 0.0 0.0 1.0

DataSet_224
0.1942068487405777 0.9178637862205505 0.34613552689552307 -65.6380615234375 
-0.975983738899231 0.14529454708099365 0.16231247782707214 -51.78986358642578 
0.09868914633989334 -0.3693448007106781 0.9240372776985168 -1488.9522705078125 
0.0 0.0 0.0 1.0

DataSet_225
0.24738211929798126 0.9155409336090088 0.3171544075012207 -79.73658752441406 
-0.9006531834602356 0.09659632295370102 0.42366617918014526 -29.591760635375977 
0.3572477698326111 -0.3904535472393036 0.8484809994697571 -1532.756103515625 
0.0 0.0 0.0 1.0

DataSet_226
0.2384127676486969 0.9159459471702576 0.3228038549423218 -106.24191284179688 
-0.92038893699646 0.10703234374523163 0.3760693669319153 -89.00647735595703 
0.30990877747535706 -0.38676485419273376 0.8685444593429565 -1552.206787109375 
0.0 0.0 0.0 1.0

DataSet_227
0.22361184656620026 0.916038453578949 0.33297351002693176 -125.82109832763672 
-0.9470948576927185 0.12351320683956146 0.2962360978126526 -136.200439453125 
0.23023702204227448 -0.38159939646720886 0.8951942920684814 -1546.5452880859375 
0.0 0.0 0.0 1.0

DataSet_228
0.2561861276626587 0.9149483442306519 0.3118303716182709 -151.02711486816406 
-0.8840192556381226 0.09127748012542725 0.45845213532447815 -97.49484252929688 
0.3909969627857208 -0.3931131064891815 0.8322160243988037 -1583.1767578125 
0.0 0.0 0.0 1.0

DataSet_229
0.20552298426628113 0.9167213439941406 0.34261101484298706 -167.834716796875 
-0.9667384624481201 0.13571390509605408 0.21679145097732544 -48.08716583251953 
0.15224024653434753 -0.3757708668708801 0.9141220450401306 -1589.6011962890625 
0.0 0.0 0.0 1.0

DataSet_230
0.27498728036880493 0.9143840074539185 0.2971259653568268 -163.3910675048828 
-0.8270429968833923 0.06737236678600311 0.5580867528915405 4.6843414306640625 
0.49028751254081726 -0.39920273423194885 0.774761438369751 -1558.1787109375 
0.0 0.0 0.0 1.0

DataSet_231
0.24476183950901031 0.9142201542854309 0.3229445815086365 -152.05618286132812 
-0.9099335074424744 0.10156463086605072 0.4021264612674713 11.324189186096191 
0.3348323702812195 -0.39228329062461853 0.8567386269569397 -1496.364013671875 
0.0 0.0 0.0 1.0

DataSet_232
0.24625042080879211 0.9153650999069214 0.31853947043418884 -107.48397827148438 
-0.9030140042304993 0.09731246531009674 0.4184446334838867 -26.93108558654785 
0.35203176736831665 -0.3906877934932709 0.8505507707595825 -1586.7427978515625 
0.0 0.0 0.0 1.0

DataSet_233
0.22184069454669952 0.9161858558654785 0.33375170826911926 -93.03718566894531 
-0.948784351348877 0.12386167794466019 0.2906312346458435 -102.10415649414062 
0.2249332070350647 -0.38113221526145935 0.8967403769493103 -1506.92626953125 
0.0 0.0 0.0 1.0

DataSet_234
0.2981052100658417 0.9171577095985413 0.2644903361797333 -116.444580078125 
-0.7269957065582275 0.03859549015760422 0.6855564713478088 -124.20027160644531 
0.6185552477836609 -0.3966512680053711 0.6782751679420471 -1550.4620361328125 
0.0 0.0 0.0 1.0

DataSet_235
0.33670902252197266 0.9212865829467773 0.19457143545150757 -113.05638885498047 
-0.4215104579925537 -0.03730243444442749 0.9060559868812561 -67.30535888671875 
0.8419951796531677 -0.38709113001823425 0.3757718503475189 -1533.7532958984375 
0.0 0.0 0.0 1.0

DataSet_236
0.33552616834640503 0.9200783371925354 0.20218338072299957 -112.99432373046875 
-0.4485132694244385 -0.03271207958459854 0.8931773900985718 -24.17605972290039 
0.8284069895744324 -0.39036625623703003 0.4016915559768677 -1524.448486328125 
0.0 0.0 0.0 1.0

DataSet_237
0.18060821294784546 0.9192068576812744 0.34991350769996643 -112.15025329589844 
-0.9828400015830994 0.1551053375005722 0.0998392105102539 -17.17015838623047 
0.037499457597732544 -0.36194077134132385 0.9314465522766113 -1516.5814208984375 
0.0 0.0 0.0 1.0

DataSet_238
0.09119885414838791 0.9262484312057495 0.36571386456489563 -115.93585968017578 
-0.9292213916778564 0.21121008694171906 -0.3032126724720001 -33.733192443847656 
-0.35809269547462463 -0.31217652559280396 0.8799519538879395 -1531.740966796875 
0.0 0.0 0.0 1.0

DataSet_239
0.048377808183431625 0.9333214163780212 0.35576769709587097 -113.89844512939453 
-0.8464486002922058 0.22740338742733002 -0.4814690053462982 -36.429710388183594 
-0.530268132686615 -0.27784666419029236 0.8010099530220032 -1534.89892578125 
0.0 0.0 0.0 1.0

DataSet_240
0.06797443330287933 0.9303478598594666 0.36032259464263916 -118.47663879394531 
-0.8877557516098022 0.22120706737041473 -0.40367943048477173 -62.6385612487793 
-0.4552682042121887 -0.2924385666847229 0.8409581184387207 -1539.9351806640625 
0.0 0.0 0.0 1.0

DataSet_241
0.06727217137813568 0.9307466745376587 0.35942310094833374 -89.29698181152344 
-0.8877776861190796 0.22023946046829224 -0.40415993332862854 -20.296062469482422 
-0.45532968640327454 -0.29189908504486084 0.8411121964454651 -1537.154296875 
0.0 0.0 0.0 1.0

DataSet_242
0.2026098072528839 0.9171295166015625 0.34325331449508667 -99.13825225830078 
-0.9695356488227844 0.13859616219997406 0.20196980237960815 -58.85608673095703 
0.13765886425971985 -0.37371736764907837 0.9172706007957458 -1511.829833984375 
0.0 0.0 0.0 1.0

DataSet_243
0.26108336448669434 0.9152101278305054 0.3069625198841095 -63.406639099121094 
-0.8688136339187622 0.08419611304998398 0.4879281520843506 -23.852886199951172 
0.4207117259502411 -0.3940831124782562 0.8171291947364807 -1488.2493896484375 
0.0 0.0 0.0 1.0

DataSet_244
0.26422739028930664 0.9146577715873718 0.30591651797294617 -106.32508087158203 
-0.8640967607498169 0.08361826837062836 0.49633127450942993 -82.68732452392578 
0.42839309573173523 -0.3954857885837555 0.8124471306800842 -1487.3839111328125 
0.0 0.0 0.0 1.0

DataSet_245
0.2715986371040344 0.914707601070404 0.29923921823501587 -105.63679504394531 
-0.8467438220977783 0.07932433485984802 0.5260537266731262 -169.61520385742188 
0.45744839310646057 -0.39625445008277893 0.7960674166679382 -1500.8682861328125 
0.0 0.0 0.0 1.0

DataSet_246
0.2952638864517212 0.915645956993103 0.27278512716293335 -125.39398193359375 
-0.7526335120201111 0.0470399372279644 0.6567571759223938 -137.75730895996094 
0.5885252356529236 -0.3992238938808441 0.7030350565910339 -1545.7298583984375 
0.0 0.0 0.0 1.0

DataSet_247
0.29994022846221924 0.9173544049263 0.26171866059303284 -138.83355712890625 
-0.7170873284339905 0.035876672714948654 0.6960592865943909 -100.96014404296875 
0.629143476486206 -0.39645132422447205 0.6685841679573059 -1591.121337890625 
0.0 0.0 0.0 1.0

DataSet_248
0.3025752305984497 0.9172649383544922 0.2589849829673767 -149.5670623779297 
-0.6979076266288757 0.02816101536154747 0.7156339287757874 -61.82037353515625 
0.6491326093673706 -0.3972807228565216 0.6486870050430298 -1631.927734375 
0.0 0.0 0.0 1.0

DataSet_249
0.30867478251457214 0.9166947603225708 0.2537528872489929 -148.56092834472656 
-0.6632657051086426 0.016225064173340797 0.7482080459594727 -13.64750862121582 
0.6817612648010254 -0.3992585241794586 0.6130205392837524 -1633.63330078125 
0.0 0.0 0.0 1.0

DataSet_250
0.285175085067749 0.9148645997047424 0.2858285903930664 -131.01661682128906 
-0.7818969488143921 0.04957465082406998 0.621433436870575 16.19746208190918 
0.5543575882911682 -0.40070584416389465 0.7294672727584839 -1613.824951171875 
0.0 0.0 0.0 1.0

DataSet_251
0.28102558851242065 0.9150516390800476 0.289318323135376 -22.13330841064453 
-0.802398681640625 0.05865092948079109 0.5938992500305176 -27.527790069580078 
0.5264797210693359 -0.3990495204925537 0.7507187128067017 -1565.820556640625 
0.0 0.0 0.0 1.0

DataSet_252
0.23960521817207336 0.9169283509254456 0.3191109597682953 3.2052536010742188 
-0.9160568118095398 0.10463834553956985 0.38715726137161255 -102.4810791015625 
0.3216041922569275 -0.3850886821746826 0.8650303483009338 -1585.324462890625 
0.0 0.0 0.0 1.0

DataSet_253
0.2863636910915375 0.9160467386245728 0.2808096706867218 3.4135284423828125 
-0.7768118977546692 0.05041590705513954 0.6277112364768982 -74.80897521972656 
0.5608556270599365 -0.39789000153541565 0.7260333895683289 -1626.5203857421875 
0.0 0.0 0.0 1.0

DataSet_254
0.2567477524280548 0.9160805344581604 0.30802121758461 10.910324096679688 
-0.8782489895820618 0.08810718357563019 0.4700169265270233 -109.55135345458984 
0.40343448519706726 -0.3911950886249542 0.8271681070327759 -1574.6453857421875 
0.0 0.0 0.0 1.0

DataSet_255
0.29007288813591003 0.9171549677848816 0.2732844650745392 -8.445541381835938 
-0.7517839074134827 0.04167899861931801 0.6580910086631775 -61.387351989746094 
0.5921812653541565 -0.39634519815444946 0.7015923261642456 -1684.1837158203125 
0.0 0.0 0.0 1.0

DataSet_256
0.27672138810157776 0.9156702756881714 0.29150161147117615 10.626487731933594 
-0.8145064115524292 0.0625341534614563 0.5767744779586792 33.743473052978516 
0.5099064707756042 -0.39703574776649475 0.7631238698959351 -1618.5950927734375 
0.0 0.0 0.0 1.0

DataSet_257
0.24164865911006927 0.9164354205131531 0.3189859986305237 13.129646301269531 
-0.9101690649986267 0.10008346289396286 0.4019646942615509 21.989246368408203 
0.3364494740962982 -0.38746538758277893 0.8582961559295654 -1557.3817138671875 
0.0 0.0 0.0 1.0

DataSet_258
0.24656686186790466 0.9167450666427612 0.3142980933189392 1.2593841552734375 
-0.9017156362533569 0.09817638993263245 0.42103490233421326 -132.2967529296875 
0.3551250100135803 -0.3872207701206207 0.8508503437042236 -1643.4375 
0.0 0.0 0.0 1.0

DataSet_259
0.27471429109573364 0.9162488579750061 0.2915820777416229 -59.454063415527344 
-0.8232306838035583 0.06744039058685303 0.5636870861053467 -133.61395263671875 
0.49681320786476135 -0.39489221572875977 0.7728109955787659 -1659.1005859375 
0.0 0.0 0.0 1.0

DataSet_260
0.3051089644432068 0.9176216721534729 0.25471362471580505 -88.2065658569336 
-0.6776161193847656 0.021255603060126305 0.7351086139678955 -101.94305419921875 
0.6691374778747559 -0.39688625931739807 0.6282804608345032 -1661.4171142578125 
0.0 0.0 0.0 1.0

DataSet_261
0.3299204707145691 0.9189957976341248 0.21586845815181732 -113.79226684570312 
-0.5022695064544678 -0.022731738165020943 0.8644123077392578 -81.70455932617188 
0.7992983460426331 -0.39361146092414856 0.4540838599205017 -1651.4144287109375 
0.0 0.0 0.0 1.0

DataSet_262
0.3284812569618225 0.9180485010147095 0.2220068871974945 -114.57701110839844 
-0.5263978838920593 -0.017219364643096924 0.8500639796257019 -58.19258117675781 
0.7842227816581726 -0.39609405398368835 0.4776025116443634 -1600.8138427734375 
0.0 0.0 0.0 1.0

DataSet_263
0.30693989992141724 0.9171807169914246 0.2541012167930603 -108.39392852783203 
-0.6813499331474304 0.025353478267788887 0.731518566608429 -111.72505950927734 
0.6644923686981201 -0.39766407012939453 0.6327030658721924 -1536.104736328125 
0.0 0.0 0.0 1.0

DataSet_264
0.287501722574234 0.9148705005645752 0.28346899151802063 -99.04103088378906 
-0.7925432324409485 0.06106051057577133 0.6067509651184082 -155.86968994140625 
0.5377898216247559 -0.3991033732891083 0.7426294684410095 -1495.67529296875 
0.0 0.0 0.0 1.0

DataSet_265
0.2640492022037506 0.9147457480430603 0.3058074712753296 -85.14469146728516 
-0.8696408271789551 0.08866998553276062 0.48565673828125 -189.81048583984375 
0.4171365201473236 -0.39417991042137146 0.8189135193824768 -1473.636474609375 
0.0 0.0 0.0 1.0

DataSet_266
0.3018314242362976 0.9153095483779907 0.2666575312614441 -75.77452087402344 
-0.7251843214035034 0.03885865956544876 0.6874574422836304 -115.32359313964844 
0.6188744306564331 -0.4008720815181732 0.6754968762397766 -1431.622802734375 
0.0 0.0 0.0 1.0

DataSet_267
0.2960965931415558 0.9149009585380554 0.2743774950504303 -73.58954620361328 
-0.7519727945327759 0.04616077244281769 0.6575759053230286 -61.48538589477539 
0.5889513492584229 -0.40103039145469666 0.7016487121582031 -1418.60986328125 
0.0 0.0 0.0 1.0

DataSet_268
0.29034242033958435 0.9145432114601135 0.2816239595413208 -73.78096008300781 
-0.7759245038032532 0.052759189158678055 0.62861567735672 -63.49584197998047 
0.5600379705429077 -0.4010327160358429 0.7249346375465393 -1468.107421875 
0.0 0.0 0.0 1.0

DataSet_269
0.29462549090385437 0.9154062867164612 0.2742757499217987 -74.87491607666016 
-0.7493822574615479 0.043222490698099136 0.6607254147529602 -22.770389556884766 
0.5929772853851318 -0.4002039432525635 0.6987236142158508 -1483.4434814453125 
0.0 0.0 0.0 1.0

DataSet_270
0.303636372089386 0.9143106937408447 0.26803138852119446 -58.468475341796875 
-0.7117825746536255 0.03066503442823887 0.7017301321029663 39.745391845703125 
0.6333801746368408 -0.40385085344314575 0.6601014733314514 -1461.7303466796875 
0.0 0.0 0.0 1.0

DataSet_271
0.2857169806957245 0.9144977927207947 0.2864604890346527 -94.83903503417969 
-0.7912278175354004 0.05646691098809242 0.6089089512825012 30.738174438476562 
0.5406703352928162 -0.4006311595439911 0.7397096157073975 -1417.78125 
0.0 0.0 0.0 1.0

DataSet_272
0.15422867238521576 0.9203616380691528 0.3593716025352478 26.949783325195312 
-0.9836843609809875 0.1771288812160492 -0.031472429633140564 -14.423995971679688 
-0.0926210880279541 -0.34865427017211914 0.9326636791229248 -1491.46728515625 
0.0 0.0 0.0 1.0

DataSet_273
0.14624308049678802 0.9198906421661377 0.36388763785362244 18.137832641601562 
-0.979658305644989 0.18576742708683014 -0.07589560747146606 -105.14927673339844 
-0.1374141275882721 -0.3453863263130188 0.9283456802368164 -1492.003173828125 
0.0 0.0 0.0 1.0

DataSet_274
0.21098369359970093 0.9175241589546204 0.3370981812477112 12.15570068359375 
-0.9629811644554138 0.13590483367443085 0.23280268907546997 -166.33331298828125 
0.16778883337974548 -0.37373676896095276 0.9122322797775269 -1517.301025390625 
0.0 0.0 0.0 1.0

DataSet_275
0.24669551849365234 0.9171069860458374 0.3131391406059265 -1.6488418579101562 
-0.90362548828125 0.10094040632247925 0.41625967621803284 -202.597900390625 
0.35014623403549194 -0.3856498897075653 0.8536227345466614 -1559.418212890625 
0.0 0.0 0.0 1.0

DataSet_276
0.26219460368156433 0.9159764051437378 0.30371230840682983 -19.09276580810547 
-0.8639534115791321 0.08259405940771103 0.4967520833015442 -180.81687927246094 
0.42992836236953735 -0.39263901114463806 0.8130167126655579 -1661.361328125 
0.0 0.0 0.0 1.0

DataSet_277
0.2850415110588074 0.915511429309845 0.2838841378688812 -129.41891479492188 
-0.7959977388381958 0.061097025871276855 0.6022082567214966 -173.0170440673828 
0.5339840650558472 -0.39762547612190247 0.7461601495742798 -1609.392333984375 
0.0 0.0 0.0 1.0

DataSet_278
0.33432120084762573 0.9196367859840393 0.2061493992805481 -144.1822509765625 
-0.4715794026851654 -0.026149932295084 0.8814358115196228 -128.61563110351562 
0.8159915804862976 -0.3918984830379486 0.42493927478790283 -1583.8406982421875 
0.0 0.0 0.0 1.0

DataSet_279
0.3267432451248169 0.917324423789978 0.22749660909175873 -143.2415008544922 
-0.5548157095909119 -0.008697528392076492 0.8319277763366699 -82.37373352050781 
0.7651263475418091 -0.39804548025131226 0.5061041712760925 -1589.1751708984375 
0.0 0.0 0.0 1.0

DataSet_280
0.3181890845298767 0.9160445928573608 0.24416784942150116 -131.27464294433594 
-0.6239988207817078 0.008473258465528488 0.7813793420791626 -31.52788734436035 
0.7137094736099243 -0.40098685026168823 0.574306845664978 -1520.9193115234375 
0.0 0.0 0.0 1.0

DataSet_281
0.30233073234558105 0.9146174788475037 0.26846039295196533 -138.61749267578125 
-0.7233222723007202 0.036703743040561676 0.6895344257354736 -48.685890197753906 
0.6208067536354065 -0.4026508033275604 0.6726598739624023 -1464.93603515625 
0.0 0.0 0.0 1.0

DataSet_282
0.2712152898311615 0.9131622910499573 0.30426454544067383 -129.4694061279297 
-0.8517406582832336 0.08045927435159683 0.5177491307258606 -87.99454498291016 
0.4483080804347992 -0.39957594871520996 0.7995992302894592 -1457.3974609375 
0.0 0.0 0.0 1.0

DataSet_283
0.26572877168655396 0.9141364097595215 0.3061746060848236 -108.4813232421875 
-0.8654816150665283 0.08631304651498795 0.4934487044811249 -132.64187622070312 
0.4246525764465332 -0.39611199498176575 0.8141040802001953 -1471.2415771484375 
0.0 0.0 0.0 1.0

DataSet_284
0.25136667490005493 0.9142320156097412 0.31779637932777405 -147.3909454345703 
-0.8999876379966736 0.09995924681425095 0.42429980635643005 -106.61235809326172 
0.3561418056488037 -0.39266765117645264 0.847923994064331 -1505.35498046875 
0.0 0.0 0.0 1.0

DataSet_285
0.2852169871330261 0.913870096206665 0.28895100951194763 -153.4979705810547 
-0.7962562441825867 0.05811614915728569 0.6021615862846375 -9.621819496154785 
0.5335047245025635 -0.40182578563690186 0.744250476360321 -1511.207763671875 
0.0 0.0 0.0 1.0

DataSet_286
0.28910359740257263 0.9152243733406067 0.28068387508392334 -158.48257446289062 
-0.7691338658332825 0.04750083014369011 0.6373199820518494 56.66192626953125 
0.5699580907821655 -0.40013495087623596 0.7176627516746521 -1531.3818359375 
0.0 0.0 0.0 1.0

DataSet_287
0.31143882870674133 0.9146792888641357 0.2576192021369934 -173.98150634765625 
-0.6593316197395325 0.012767079286277294 0.7517438530921936 76.80302429199219 
0.6843155026435852 -0.40397870540618896 0.6070531606674194 -1585.8514404296875 
0.0 0.0 0.0 1.0

DataSet_288
0.259702205657959 0.9138338565826416 0.31218963861465454 -142.59744262695312 
-0.8708707094192505 0.08192818611860275 0.4846358299255371 118.91071319580078 
0.4172995388507843 -0.3977378010749817 0.817108154296875 -1507.523681640625 
0.0 0.0 0.0 1.0

DataSet_289
0.2635704278945923 0.9141585826873779 0.30796879529953003 -157.0333709716797 
-0.8629410266876221 0.0807606652379036 0.49880915880203247 33.04669952392578 
0.4311188757419586 -0.39723023772239685 0.8101509809494019 -1522.5546875 
0.0 0.0 0.0 1.0

DataSet_290
0.285567045211792 0.9155842661857605 0.28311988711357117 -172.03399658203125 
-0.785071849822998 0.054057251662015915 0.6170413494110107 -40.370208740234375 
0.549648642539978 -0.39847618341445923 0.7342364192008972 -1595.3663330078125 
0.0 0.0 0.0 1.0

DataSet_291
0.24468864500522614 0.9151790142059326 0.32027310132980347 -160.2432861328125 
-0.9118084907531738 0.10485371947288513 0.39700257778167725 -98.61298370361328 
0.3297465741634369 -0.38916975259780884 0.8601244688034058 -1557.2181396484375 
0.0 0.0 0.0 1.0

DataSet_292
0.30136796832084656 0.9148762822151184 0.2686610221862793 -146.33956909179688 
-0.7235924005508423 0.035941384732723236 0.6892911195755005 -45.91579055786133 
0.6209600567817688 -0.4021313190460205 0.6728290915489197 -1495.666748046875 
0.0 0.0 0.0 1.0

DataSet_293
0.2899578809738159 0.9153513312339783 0.27938568592071533 -144.6436767578125 
-0.7659878134727478 0.046953994780778885 0.6411380767822266 19.371583938598633 
0.5737482905387878 -0.3999090790748596 0.7147626280784607 -1551.3348388671875 
0.0 0.0 0.0 1.0

DataSet_294
0.24591435492038727 0.9154778122901917 0.3184753656387329 -108.45109558105469 
-0.9044548869132996 0.09857557713985443 0.41502323746681213 -20.057531356811523 
0.3485506474971771 -0.39010676741600037 0.8522494435310364 -1555.638671875 
0.0 0.0 0.0 1.0

DataSet_295
0.21696552634239197 0.9168945550918579 0.33500802516937256 -114.16063690185547 
-0.9531145095825195 0.12481380254030228 0.27567070722579956 -69.27120971679688 
0.21094730496406555 -0.37911203503608704 0.9009857177734375 -1572.8134765625 
0.0 0.0 0.0 1.0

DataSet_296
0.22747927904129028 0.9168252944946289 0.3281533420085907 -107.46207427978516 
-0.9387455582618713 0.11688531935214996 0.32418304681777954 -108.51029968261719 
0.2588629126548767 -0.3817974030971527 0.8872545957565308 -1592.35595703125 
0.0 0.0 0.0 1.0

DataSet_297
0.251308798789978 0.9156897068023682 0.313618004322052 -85.94927215576172 
-0.892086923122406 0.09341366589069366 0.44210267066955566 -79.66212463378906 
0.3755326569080353 -0.390878826379776 0.8403505086898804 -1585.908935546875 
0.0 0.0 0.0 1.0

DataSet_298
0.2810532748699188 0.9142442941665649 0.29183274507522583 -77.09255981445312 
-0.8085480332374573 0.061767496168613434 0.5851792693138123 -13.693563461303711 
0.5169710516929626 -0.40042737126350403 0.7565704584121704 -1509.6048583984375 
0.0 0.0 0.0 1.0

DataSet_299
0.304919958114624 0.9161450266838074 0.260196328163147 -99.90017700195312 
-0.6851915717124939 0.021276233717799187 0.7280521392822266 26.27890968322754 
0.6614652872085571 -0.4002819359302521 0.6342223882675171 -1577.697509765625 
0.0 0.0 0.0 1.0

DataSet_300
0.29139435291290283 0.9152243733406067 0.27830493450164795 -91.54997253417969 
-0.7536121606826782 0.040437739342451096 0.6560742855072021 110.86493682861328 
0.5892011523246765 -0.40091031789779663 0.701507568359375 -1526.7481689453125 
0.0 0.0 0.0 1.0

DataSet_301
0.26782622933387756 0.9153027534484863 0.3008155822753906 -89.69312286376953 
-0.8483368754386902 0.07602795213460922 0.5239697694778442 -44.11672592163086 
0.45672059059143066 -0.3955257833003998 0.7968473434448242 -1534.2537841796875 
0.0 0.0 0.0 1.0

DataSet_302
0.2918023467063904 0.916517972946167 0.27358031272888184 -106.99452209472656 
-0.7521697878837585 0.04319792985916138 0.6575518846511841 -87.02368927001953 
0.5908400416374207 -0.3976540267467499 0.7019824385643005 -1603.5999755859375 
0.0 0.0 0.0 1.0

DataSet_303
0.29689377546310425 0.915797233581543 0.27049872279167175 -92.03836059570312 
-0.7439767122268677 0.044256728142499924 0.6667383313179016 -169.7685089111328 
0.598625659942627 -0.39919522404670715 0.6944713592529297 -1554.5931396484375 
0.0 0.0 0.0 1.0

DataSet_304
0.26674285531044006 0.9159606695175171 0.299773633480072 -113.26048278808594 
-0.8520157337188721 0.07873453944921494 0.517561674118042 -139.96263122558594 
0.45046359300613403 -0.3934677243232727 0.8014147877693176 -1642.7132568359375 
0.0 0.0 0.0 1.0

DataSet_305
0.27324599027633667 0.9156175255775452 0.2949257791042328 -134.62579345703125 
-0.8293701410293579 0.06892147660255432 0.554432213306427 -75.3163833618164 
0.4873211085796356 -0.3960990011692047 0.7782182693481445 -1669.980712890625 
0.0 0.0 0.0 1.0

DataSet_306
0.283284991979599 0.9161796569824219 0.28348609805107117 -174.8685302734375 
-0.7917750477790833 0.05663405731320381 0.6081815958023071 -60.20287322998047 
0.5411486625671387 -0.3967459499835968 0.7414517998695374 -1650.128173828125 
0.0 0.0 0.0 1.0

DataSet_307
0.29945191740989685 0.9165690541267395 0.26500892639160156 -172.11026000976562 
-0.7187806367874146 0.0340590700507164 0.6944021582603455 -42.3327522277832 
0.6274415850639343 -0.39842331409454346 0.6690111756324768 -1598.5443115234375 
0.0 0.0 0.0 1.0

DataSet_308
0.27470919489860535 0.9146231412887573 0.2966468036174774 -157.59414672851562 
-0.8337597250938416 0.07291434705257416 0.5472916960716248 -85.04471588134766 
0.4789358675479889 -0.3976782262325287 0.7826062440872192 -1541.1922607421875 
0.0 0.0 0.0 1.0

DataSet_309
0.2882801294326782 0.9152576923370361 0.28142136335372925 -140.22186279296875 
-0.7898961901664734 0.06117764860391617 0.6101813316345215 -182.31732177734375 
0.5412564873695374 -0.398196816444397 0.7405948638916016 -1486.81494140625 
0.0 0.0 0.0 1.0

DataSet_310
0.1797429919242859 0.9185725450515747 0.3520183563232422 -153.63323974609375 
-0.9836239814758301 0.1629953384399414 0.07691779732704163 -131.5447235107422 
0.013277217745780945 -0.3600791394710541 0.9328272938728333 -1535.67529296875 
0.0 0.0 0.0 1.0

