59.4140625 -335.56640625 -19.51171875 -9.4921875
40.95703125 -303.22265625 -19.6875 -17.314453125
28.65234375 -283.0078125 -19.775390625 -22.32421875
22.8515625 -269.912109375 -19.775390625 -49.21875
12.744140625 -254.70703125 -19.775390625 -56.162109375
5.888671875 -248.291015625 -19.775390625 -60.205078125
59.677734375 -331.69921875 -19.3359375 -45.703125
38.583984375 -299.8828125 -19.775390625 -47.63671875
27.24609375 -284.0625 -19.86328125 -50.80078125
17.40234375 -270.263671875 -19.775390625 -63.10546875
4.658203125 -257.6953125 -19.775390625 -69.521484375
-6.6796875 -247.5 -19.86328125 -83.49609375
-15.205078125 -244.248046875 -19.775390625 -57.65625
334.775390625 -247.236328125 -19.6875 -31.11328125
326.953125 -242.2265625 -19.775390625 -24.2578125
312.01171875 -239.677734375 -19.775390625 -18.369140625
301.552734375 -239.677734375 -19.775390625 -6.50390625
293.203125 -239.677734375 -19.775390625 0.966796875
281.6015625 -239.677734375 -19.775390625 24.9609375
37.001953125 -328.18359375 -19.775390625 -18.984375
19.3359375 -307.880859375 -19.6875 -37.08984375
8.701171875 -294.08203125 -19.6875 -26.982421875
0.966796875 -287.75390625 -19.6875 -43.06640625
-9.140625 -276.50390625 -19.775390625 -15.46875
-16.875 -270.263671875 -19.6875 -37.880859375
334.599609375 -259.189453125 -19.6875 -12.216796875
324.66796875 -256.640625 -19.775390625 -21.357421875
317.98828125 -252.861328125 -19.775390625 -3.33984375
307.880859375 -252.158203125 -19.775390625 5.09765625
300.05859375 -250.927734375 -19.775390625 0.966796875
291.533203125 -251.71875 -19.775390625 9.66796875
283.974609375 -252.158203125 -19.775390625 30.5859375
54.84375 -0.52734375 -19.6875 1.58203125
38.232421875 -336.533203125 -19.775390625 -11.07421875
28.4765625 -322.470703125 -19.775390625 -30.673828125
17.138671875 -309.19921875 -19.86328125 22.060546875
11.07421875 -302.16796875 -19.775390625 -0.087890625
2.4609375 -295.400390625 -19.6875 -12.919921875
-5.537109375 -286.171875 -19.775390625 -28.037109375
-12.744140625 -278.349609375 -19.775390625 -37.44140625
338.37890625 -270.263671875 -19.775390625 -46.23046875
328.359375 -265.341796875 -19.6875 -15.99609375
319.833984375 -264.111328125 -19.775390625 10.1953125
309.7265625 -258.486328125 -19.775390625 -3.69140625
301.376953125 -257.431640625 -19.6875 18.720703125
293.642578125 -258.134765625 -19.6875 24.08203125
287.841796875 -255.41015625 -19.775390625 13.359375
53.701171875 -3.8671875 -19.775390625 -6.591796875
33.046875 -337.587890625 -19.86328125 -9.931640625
19.423828125 -319.74609375 -19.86328125 30.5859375
19.51171875 -319.74609375 -19.775390625 20.390625
7.470703125 -304.62890625 -19.775390625 -9.931640625
0.439453125 -298.212890625 -19.775390625 -18.193359375
-14.4140625 -283.88671875 -19.775390625 -17.9296875
332.314453125 -273.955078125 -19.775390625 -16.259765625
323.0859375 -270.3515625 -19.775390625 -14.765625
312.36328125 -264.111328125 -19.775390625 -11.162109375
303.22265625 -259.365234375 -19.775390625 11.25
296.71875 -259.8046875 -19.775390625 21.005859375
20.830078125 -281.42578125 -5.625 -52.55859375
9.31640625 -267.978515625 -7.119140625 -47.63671875
1.142578125 -260.68359375 -7.294921875 -58.798828125
-9.66796875 -249.78515625 -7.91015625 -59.150390625
339.521484375 -241.875 -9.31640625 -60.732421875
328.798828125 -239.677734375 -9.580078125 -53.61328125
320.09765625 -239.58984375 -6.943359375 -47.109375
64.3359375 10.01953125 -7.822265625 -50.712890625
47.373046875 -324.140625 -8.876953125 -57.216796875
30.146484375 -300.5859375 -8.701171875 -63.28125
17.841796875 -285.908203125 -8.26171875 -63.369140625
3.8671875 -269.296875 -7.20703125 -65.302734375
-5.712890625 -258.92578125 -6.15234375 -65.126953125
-17.490234375 -249.345703125 -4.39453125 -63.6328125
328.0078125 -240.99609375 -4.39453125 -58.095703125
317.98828125 -239.677734375 -2.900390625 -53.876953125
58.359375 6.416015625 -0.087890625 -50.888671875
37.265625 -322.119140625 -1.23046875 -54.4921875
30.05859375 -312.1875 -0.966796875 -52.55859375
17.75390625 -297.333984375 -2.548828125 -62.314453125
5.009765625 -285.8203125 -3.779296875 -43.9453125
-3.955078125 -276.064453125 -3.076171875 -55.634765625
-14.4140625 -267.01171875 -2.900390625 -54.4921875
336.26953125 -260.419921875 -3.251953125 -52.734375
327.3046875 -255.41015625 -3.603515625 -45.087890625
316.845703125 -251.806640625 -3.427734375 -35.771484375
305.5078125 -247.5 -2.548828125 -30.322265625
293.466796875 -244.51171875 -2.724609375 -21.005859375
55.458984375 -4.74609375 0.263671875 -36.73828125
38.232421875 20.654296875 0.52734375 -52.3828125
26.982421875 -325.72265625 0.615234375 -51.416015625
13.798828125 -310.341796875 0.615234375 -39.7265625
0 -301.201171875 0.439453125 -31.9921875
-9.755859375 -289.599609375 0.52734375 -46.494140625
-19.86328125 -283.88671875 0.263671875 -30.146484375
332.578125 -277.998046875 0.703125 -32.783203125
322.119140625 -274.482421875 1.58203125 -23.5546875
-12.392578125 -308.84765625 1.845703125 -26.455078125
1.494140625 -319.21875 1.58203125 -26.71875
10.986328125 -329.150390625 2.724609375 -15.99609375
24.873046875 14.0625 1.494140625 -8.876953125
35.68359375 3.603515625 0.17578125 -8.876953125
9.31640625 -294.345703125 -1.7578125 -38.14453125
66.97265625 21.533203125 9.4921875 -51.767578125
50.009765625 -308.935546875 8.4375 -69.43359375
41.30859375 -294.08203125 9.404296875 -75.146484375
31.376953125 -278.96484375 9.31640625 -84.375
24.78515625 -267.71484375 9.31640625 -90.703125
13.18359375 -255.41015625 9.140625 -90.52734375
2.98828125 -245.126953125 9.31640625 -90.439453125
-6.6796875 -239.765625 9.84375 -88.681640625
-14.23828125 -239.677734375 10.986328125 -84.287109375
-7.91015625 -250.751953125 10.107421875 -83.056640625
7.470703125 -264.814453125 10.283203125 -83.84765625
21.26953125 -280.72265625 9.931640625 -83.14453125
36.474609375 -299.267578125 9.84375 -84.990234375
52.03125 -321.416015625 9.931640625 -76.376953125
68.90625 13.271484375 10.72265625 -67.8515625
72.509765625 -2.021484375 11.25 -61.787109375
48.779296875 -327.568359375 9.66796875 -58.359375
35.771484375 -310.78125 9.052734375 -75.41015625
20.478515625 -290.478515625 9.140625 -82.177734375
8.4375 -280.634765625 8.61328125 -57.919921875
-6.328125 -269.033203125 8.96484375 -42.71484375
339.521484375 -260.771484375 9.140625 -30.146484375
331.34765625 -255.498046875 8.7890625 -42.36328125
322.294921875 -253.125 9.31640625 -3.955078125
313.154296875 -249.78515625 9.228515625 13.0078125
328.974609375 -270 11.42578125 -12.041015625
-14.4140625 -278.173828125 10.458984375 -36.03515625
5.625 -293.90625 10.01953125 -53.173828125
20.302734375 -306.5625 8.4375 -57.041015625
33.310546875 -323.0859375 7.822265625 -63.369140625
46.40625 19.16015625 7.734375 -43.330078125
43.06640625 9.404296875 8.26171875 -27.24609375
26.279296875 -332.138671875 7.822265625 -22.763671875
10.810546875 -318.69140625 8.61328125 -11.07421875
-1.58203125 -308.671875 8.349609375 5.537109375
-11.6015625 -303.134765625 8.26171875 22.32421875
-12.3046875 -274.04296875 8.26171875 -14.94140625
82.265625 3.603515625 19.072265625 -72.333984375
67.763671875 -330.29296875 19.072265625 -86.748046875
55.107421875 -310.166015625 18.369140625 -84.0234375
46.0546875 -296.455078125 18.193359375 -82.08984375
38.759765625 -284.677734375 18.28125 -82.44140625
30.41015625 -273.251953125 17.05078125 -91.40625
19.248046875 -261.298828125 16.962890625 -76.552734375
13.359375 -251.3671875 16.69921875 -91.845703125
0.52734375 -241.259765625 17.138671875 -70.400390625
-14.0625 -240.46875 18.10546875 -72.333984375
-2.109375 -253.828125 17.2265625 -72.333984375
7.734375 -266.220703125 16.5234375 -70.48828125
18.28125 -279.755859375 16.259765625 -69.609375
28.125 -291.708984375 20.302734375 -69.169921875
35.5078125 -303.310546875 20.302734375 -69.08203125
43.41796875 -317.109375 22.060546875 -69.43359375
55.986328125 -333.984375 23.02734375 -68.291015625
55.283203125 18.720703125 23.02734375 -68.203125
41.1328125 -321.591796875 21.884765625 -62.138671875
29.267578125 -308.3203125 21.533203125 -55.986328125
15.556640625 -293.818359375 20.7421875 -49.306640625
2.4609375 -281.162109375 20.91796875 -42.451171875
-8.96484375 -272.8125 20.830078125 -35.33203125
339.2578125 -266.044921875 20.0390625 -23.994140625
330.1171875 -262.880859375 20.302734375 -10.8984375
314.736328125 -257.87109375 20.0390625 -5.2734375
314.736328125 -265.95703125 18.6328125 -2.28515625
329.326171875 -272.724609375 19.16015625 -7.91015625
-17.40234375 -282.12890625 18.984375 -21.62109375
1.494140625 -298.388671875 17.9296875 -31.640625
17.75390625 -315.17578125 17.314453125 -37.353515625
37.529296875 21.533203125 15.8203125 -41.8359375
55.546875 -5.09765625 15.8203125 -45.17578125
53.349609375 -11.6015625 16.083984375 -21.357421875
38.583984375 3.603515625 19.16015625 0.263671875
26.89453125 13.359375 17.841796875 4.482421875
16.34765625 -337.1484375 18.369140625 -35.33203125
5.888671875 -322.55859375 17.40234375 -18.10546875
-5.2734375 -309.7265625 17.666015625 -11.162109375
-16.083984375 -294.345703125 16.5234375 -9.404296875
334.3359375 -287.9296875 17.578125 -9.4921875
48.251953125 -322.119140625 27.685546875 -49.5703125
63.544921875 -337.587890625 26.279296875 -50.09765625
53.349609375 -315.703125 25.576171875 -57.48046875
45.615234375 -301.376953125 29.1796875 -65.56640625
38.056640625 -288.720703125 30.498046875 -71.71875
27.685546875 -272.548828125 30.849609375 -79.541015625
8.701171875 -253.65234375 29.443359375 -55.810546875
-2.8125 -242.666015625 29.1796875 -68.5546875
-18.896484375 -239.677734375 29.091796875 -47.98828125
322.294921875 -239.677734375 29.619140625 -47.900390625
322.03125 -246.4453125 28.564453125 -42.978515625
329.677734375 -246.533203125 28.212890625 -26.015625
-16.69921875 -254.8828125 26.89453125 -46.7578125
-1.142578125 -266.1328125 27.333984375 -59.677734375
14.326171875 -281.42578125 27.861328125 -59.677734375
24.521484375 -295.751953125 28.037109375 -46.318359375
35.771484375 -311.220703125 29.091796875 -41.044921875
52.55859375 -335.56640625 29.8828125 -42.802734375
63.10546875 9.66796875 28.65234375 -42.71484375
63.10546875 -8.26171875 28.037109375 -37.08984375
49.74609375 11.865234375 28.4765625 -41.572265625
36.123046875 -329.501953125 28.916015625 -44.82421875
24.169921875 -314.560546875 29.70703125 -44.6484375
13.0078125 -300.76171875 30.76171875 -44.560546875
4.74609375 -290.91796875 32.783203125 -57.216796875
-7.91015625 -279.931640625 33.75 -29.970703125
339.521484375 -274.5703125 33.3984375 -11.953125
327.48046875 -266.1328125 32.255859375 -20.302734375
327.48046875 -276.943359375 33.3984375 -25.224609375
-16.5234375 -288.984375 31.376953125 -29.70703125
-1.845703125 -301.201171875 31.2890625 -31.728515625
14.677734375 -318.515625 31.552734375 -31.728515625
30.673828125 20.654296875 31.2890625 -43.9453125
40.078125 13.974609375 29.267578125 -29.35546875
55.283203125 -2.900390625 27.333984375 -31.025390625
34.716796875 -322.734375 30.5859375 -37.265625
24.9609375 -304.892578125 13.974609375 -55.810546875
4.482421875 -278.173828125 5.2734375 -69.345703125
7.998046875 -275.361328125 -4.130859375 -48.1640625
24.873046875 -283.359375 -4.130859375 -79.453125
21.97265625 -289.951171875 -18.28125 -51.6796875
18.45703125 -296.71875 -14.58984375 -70.3125
15.732421875 -301.11328125 -4.130859375 -42.36328125
21.97265625 -298.740234375 1.93359375 -29.00390625
8.7890625 -282.041015625 1.142578125 -48.251953125
18.10546875 -278.7890625 -5.361328125 -57.568359375
30.9375 -285.8203125 -11.513671875 -58.271484375
17.138671875 -269.82421875 -15.556640625 -70.83984375
2.109375 -263.14453125 -19.072265625 -47.724609375
-3.779296875 -270.966796875 -18.984375 -55.986328125
8.61328125 -291.708984375 -19.6875 -37.177734375
-3.33984375 -264.111328125 -2.8125 -53.7890625
28.4765625 -295.048828125 -4.833984375 -46.318359375
28.4765625 -283.798828125 -8.61328125 -84.287109375
18.017578125 -283.7109375 -7.822265625 -96.328125
10.1953125 -283.88671875 -7.734375 -86.572265625
7.91015625 -285.1171875 -8.0859375 -25.13671875
7.998046875 -281.513671875 -8.349609375 -5.537109375
7.998046875 -281.162109375 -7.734375 5.537109375
12.744140625 -280.546875 -8.96484375 -4.833984375
4.74609375 -280.810546875 -0.966796875 3.251953125
17.666015625 -289.16015625 -5.537109375 -36.38671875
17.666015625 -297.861328125 2.8125 -45.615234375
28.212890625 -299.619140625 -9.140625 -54.66796875
46.40625 -307.44140625 -9.404296875 -66.97265625
32.783203125 -287.138671875 -11.513671875 -83.14453125
17.578125 -268.59375 -11.77734375 -89.736328125
0.17578125 -252.94921875 -11.689453125 -89.6484375
-15.99609375 -249.2578125 -10.546875 -80.068359375
339.697265625 -254.619140625 -6.767578125 -60.1171875
8.4375 -278.173828125 18.369140625 -63.369140625
26.89453125 -282.48046875 25.400390625 -63.369140625
17.138671875 -268.9453125 28.564453125 -83.583984375
31.2890625 -288.017578125 26.806640625 -67.587890625
6.943359375 -251.54296875 29.091796875 -93.33984375
-7.646484375 -267.890625 31.728515625 -56.513671875
5.44921875 -285.732421875 28.212890625 -39.90234375
31.46484375 -271.845703125 28.125 -80.68359375
24.08203125 -261.03515625 12.48046875 -94.04296875
11.77734375 -253.388671875 5.537109375 -102.3046875
5.2734375 -252.158203125 -1.318359375 -109.951171875
4.39453125 -262.79296875 -4.130859375 -96.767578125
27.421875 -286.875 -7.119140625 -84.0234375
44.208984375 -307.353515625 -7.734375 -70.83984375
56.337890625 -323.26171875 -5.888671875 -58.447265625
48.955078125 -329.501953125 -4.921875 -59.23828125
41.484375 -329.4140625 -4.39453125 -49.74609375
29.35546875 -307.177734375 -1.58203125 -57.65625
18.369140625 -298.916015625 -0.439453125 -57.392578125
14.853515625 -308.408203125 3.427734375 -47.8125
26.455078125 -325.1953125 -8.7890625 -35.5078125
26.455078125 -312.099609375 27.421875 -9.4921875
41.8359375 -316.40625 23.73046875 -17.75390625
51.064453125 -315 22.67578125 -45.791015625
53.96484375 -306.2109375 20.91796875 -68.37890625
42.626953125 -274.39453125 22.763671875 -94.39453125
36.5625 -275.625 -9.228515625 -94.39453125
27.421875 -275.537109375 -13.88671875 -110.56640625
13.271484375 -267.5390625 -12.744140625 -98.7890625
11.865234375 -284.501953125 -13.0078125 -75.498046875
27.333984375 -306.03515625 -18.720703125 -61.435546875
36.298828125 -312.36328125 -17.2265625 -51.6796875
42.71484375 -312.36328125 -11.42578125 -56.25
31.2890625 -295.83984375 -19.51171875 -56.77734375
9.580078125 -286.787109375 -19.423828125 -56.42578125
-7.03125 -280.634765625 -18.6328125 -48.779296875
336.005859375 -265.078125 -19.16015625 -56.42578125
-8.96484375 -293.466796875 -14.94140625 -23.818359375
-1.23046875 -282.744140625 -19.072265625 -42.802734375
0.52734375 -261.2109375 -19.6875 -74.091796875
21.4453125 -277.734375 -19.6875 -63.369140625
20.21484375 -293.994140625 -18.896484375 -66.357421875
-5.712890625 -273.076171875 -14.150390625 -57.83203125
1.142578125 -272.98828125 -4.833984375 -49.21875
9.404296875 -270.439453125 -5.9765625 -51.064453125
17.75390625 -269.384765625 -3.603515625 -63.193359375
11.6015625 -269.384765625 1.93359375 -64.86328125
10.8984375 -289.3359375 0.703125 -54.052734375
-12.392578125 -266.66015625 -0.615234375 -64.423828125
-12.216796875 -287.314453125 -0.439453125 -38.3203125
11.42578125 -281.689453125 -1.494140625 -58.0078125
11.42578125 -264.375 -2.548828125 -84.638671875
40.078125 -291.181640625 -2.63671875 -87.275390625
24.08203125 -261.826171875 -2.63671875 -89.82421875
-1.142578125 -244.6875 -5.712890625 -84.7265625
-2.28515625 -247.412109375 -17.40234375 -84.55078125
0.791015625 -260.33203125 -19.51171875 -80.947265625
20.830078125 -281.337890625 -19.6875 -69.08203125
53.701171875 -316.318359375 -19.775390625 -71.455078125
32.080078125 -288.45703125 -19.6875 -44.208984375
