-3.427734375 0 -1.40625 3.955078125 1.25933029595642 2.197265625 -95.537109375
-3.427734375 -0.966796875 -1.40625 3.955078125 1.25933029595642 2.197265625 -95.537109375
-3.427734375 -2.021484375 -1.318359375 3.955078125 1.14484771336488 2.197265625 -95.537109375
-3.427734375 -2.98828125 -1.0546875 3.955078125 1.25933029595642 2.197265625 -95.537109375
-3.427734375 -3.955078125 -1.142578125 3.955078125 1.25933029595642 2.197265625 -95.537109375
-3.427734375 -5.185546875 -0.966796875 3.955078125 1.25933029595642 2.197265625 -95.537109375
-3.427734375 -5.9765625 -1.0546875 3.955078125 1.25933029595642 2.197265625 -95.537109375
-3.427734375 -6.943359375 -0.966796875 3.955078125 1.25933029595642 2.197265625 -95.537109375
-3.427734375 -7.91015625 -0.966796875 3.955078125 1.25933029595642 2.197265625 -95.537109375
-3.427734375 -9.052734375 -0.966796875 3.955078125 1.25933029595642 2.197265625 -95.537109375
-3.427734375 -9.931640625 -1.0546875 3.955078125 1.25933029595642 2.197265625 -95.537109375
-3.427734375 -11.162109375 -1.0546875 3.955078125 1.25933029595642 2.197265625 -95.537109375
-3.427734375 -11.953125 -0.966796875 3.955078125 1.25933029595642 2.197265625 -95.537109375
-3.427734375 -13.0078125 -1.0546875 3.955078125 1.25933029595642 2.197265625 -95.537109375
-3.427734375 -13.974609375 -1.0546875 3.955078125 1.25933029595642 2.197265625 -95.537109375
-3.427734375 -15.029296875 -1.0546875 3.955078125 1.25933029595642 2.197265625 -95.537109375
-3.427734375 -15.99609375 -0.966796875 3.955078125 1.25933029595642 2.197265625 -95.537109375
-3.427734375 -17.2265625 -0.966796875 3.955078125 1.25933029595642 2.197265625 -95.537109375
-3.427734375 -17.9296875 -1.0546875 3.955078125 1.25933029595642 2.197265625 -95.537109375
-3.33984375 -18.984375 -1.0546875 3.955078125 1.25933029595642 2.197265625 -95.537109375
-3.33984375 -19.951171875 -1.0546875 3.955078125 1.25933029595642 2.197265625 -95.537109375
-3.33984375 -21.09375 -1.0546875 3.955078125 1.25933029595642 2.197265625 -95.537109375
-3.33984375 -22.060546875 -1.0546875 3.955078125 1.25933029595642 2.197265625 -95.537109375
-3.33984375 -22.939453125 -1.0546875 3.955078125 1.14484771336488 2.197265625 -95.537109375
-3.33984375 -23.994140625 -1.0546875 3.955078125 1.25933029595642 2.197265625 -95.537109375
-3.33984375 -25.048828125 -1.0546875 3.955078125 1.14484771336488 2.197265625 -95.537109375
-3.33984375 -26.015625 -1.0546875 3.955078125 1.14484771336488 2.197265625 -95.537109375
-3.33984375 -27.0703125 -1.0546875 3.955078125 1.25933029595642 2.197265625 -95.537109375
-3.33984375 -27.94921875 -1.0546875 3.955078125 1.25933029595642 2.197265625 -95.537109375
-3.33984375 -29.00390625 -1.0546875 3.955078125 1.25933029595642 2.197265625 -95.537109375
-3.33984375 -30.05859375 -1.0546875 3.955078125 1.14484771336488 2.197265625 -95.537109375
-3.33984375 -31.025390625 -1.0546875 3.955078125 1.25933029595642 2.197265625 -95.537109375
-3.33984375 -31.9921875 -1.0546875 3.955078125 1.25933029595642 2.197265625 -95.537109375
-3.33984375 -33.134765625 -1.0546875 3.955078125 1.25933029595642 2.197265625 -95.537109375
-3.33984375 -34.1015625 -1.0546875 3.955078125 1.25933029595642 2.197265625 -95.537109375
-3.251953125 -36.9140625 -0.791015625 3.955078125 1.25933029595642 2.197265625 -95.537109375
-3.251953125 -36.9140625 -1.0546875 3.955078125 1.25933029595642 2.197265625 -95.537109375
-3.251953125 -38.14453125 -1.0546875 3.955078125 1.25933029595642 2.197265625 -95.537109375
-3.251953125 -39.0234375 -1.0546875 3.955078125 1.25933029595642 2.197265625 -95.537109375
-3.251953125 -39.990234375 -1.0546875 3.955078125 1.25933029595642 2.197265625 -95.537109375
-3.251953125 -40.95703125 -1.0546875 3.955078125 1.25933029595642 2.197265625 -95.537109375
-3.251953125 -41.923828125 -1.0546875 3.955078125 1.25933029595642 2.197265625 -95.537109375
-3.251953125 -42.978515625 -1.0546875 3.955078125 1.25933029595642 2.197265625 -95.537109375
-3.251953125 -43.9453125 -1.0546875 3.955078125 1.25933029595642 2.197265625 -95.537109375
-3.251953125 -45.17578125 -1.0546875 3.955078125 1.25933029595642 2.197265625 -95.537109375
-3.251953125 -45.966796875 -1.0546875 3.955078125 1.14484771336488 2.197265625 -95.537109375
-3.251953125 -46.93359375 -1.0546875 3.955078125 1.25933029595642 2.197265625 -95.537109375
-3.251953125 -48.1640625 -1.0546875 3.955078125 1.25933029595642 2.197265625 -95.537109375
-3.251953125 -49.04296875 -1.0546875 3.955078125 1.25933029595642 2.197265625 -95.537109375
-3.251953125 -50.185546875 -1.0546875 3.955078125 1.25933029595642 2.197265625 -95.537109375
-3.251953125 -49.482421875 -1.0546875 3.955078125 1.25933029595642 2.197265625 -95.537109375
-3.251953125 -48.515625 -1.0546875 3.955078125 1.14484771336488 2.197265625 -95.537109375
-3.251953125 -47.63671875 -1.0546875 3.955078125 1.25933029595642 2.197265625 -95.537109375
-3.251953125 -46.40625 -1.0546875 3.955078125 1.25933029595642 2.197265625 -95.537109375
-3.251953125 -45.615234375 -1.0546875 3.955078125 1.25931342353891 2.109375 -95.537109375
-3.251953125 -44.560546875 -1.0546875 3.955078125 1.25933029595642 2.197265625 -95.537109375
-3.251953125 -43.681640625 -1.0546875 3.955078125 1.25933029595642 2.197265625 -95.537109375
-3.251953125 -42.451171875 -1.0546875 3.955078125 1.25933029595642 2.197265625 -95.537109375
-3.251953125 -41.396484375 -1.0546875 3.955078125 1.25933029595642 2.197265625 -95.537109375
-3.251953125 -40.4296875 -1.0546875 3.955078125 1.25933029595642 2.197265625 -95.537109375
-3.251953125 -39.462890625 -1.0546875 3.955078125 1.25933029595642 2.197265625 -95.537109375
-3.251953125 -38.3203125 -1.0546875 3.955078125 1.25933029595642 2.197265625 -95.537109375
-3.251953125 -37.44140625 -1.0546875 3.955078125 1.25933029595642 2.197265625 -95.537109375
-3.251953125 -36.474609375 -1.0546875 3.955078125 1.25933029595642 2.197265625 -95.537109375
-3.251953125 -35.5078125 -1.0546875 3.955078125 1.14484771336488 2.197265625 -95.537109375
-3.251953125 -34.453125 -1.0546875 3.955078125 1.25933029595642 2.197265625 -95.537109375
-3.33984375 -5.44921875 -1.0546875 3.955078125 1.25933029595642 2.197265625 -95.537109375
-3.33984375 -4.5703125 -1.0546875 3.955078125 1.25933029595642 2.197265625 -95.537109375
-3.33984375 -3.515625 -1.0546875 3.955078125 1.25931342353891 2.109375 -95.537109375
-3.33984375 -2.63671875 -1.0546875 3.955078125 1.14484771336488 2.197265625 -95.537109375
-3.33984375 -1.58203125 -1.0546875 3.955078125 1.25933029595642 2.197265625 -95.537109375
-3.33984375 -0.615234375 -1.0546875 3.955078125 1.25933029595642 2.197265625 -95.537109375
-3.33984375 0.966796875 -1.0546875 3.955078125 1.25933029595642 2.197265625 -95.537109375
-3.33984375 1.93359375 -1.0546875 3.955078125 1.25933029595642 2.197265625 -95.537109375
-3.33984375 2.98828125 -1.0546875 3.955078125 1.25933029595642 2.197265625 -95.537109375
-3.33984375 3.955078125 -1.0546875 3.955078125 1.25933029595642 2.197265625 -95.537109375
-3.33984375 5.09765625 -1.0546875 3.955078125 1.25931342353891 2.109375 -95.537109375
-3.33984375 5.9765625 -1.0546875 3.955078125 1.25933029595642 2.197265625 -95.537109375
-3.33984375 7.03125 -1.0546875 3.955078125 1.25933029595642 2.197265625 -95.537109375
-3.33984375 8.26171875 -1.0546875 3.955078125 1.25933029595642 2.197265625 -95.537109375
-3.33984375 9.052734375 -1.0546875 3.955078125 1.25931342353891 2.109375 -95.537109375
-3.33984375 10.01953125 -1.0546875 3.955078125 1.14484771336488 2.197265625 -95.537109375
-3.33984375 11.07421875 -1.0546875 3.955078125 1.25933029595642 2.197265625 -95.537109375
-3.33984375 12.041015625 -1.0546875 3.955078125 1.25933029595642 2.197265625 -95.537109375
-3.33984375 13.18359375 -1.0546875 3.955078125 1.25933029595642 2.197265625 -95.537109375
-3.33984375 14.0625 -1.0546875 3.955078125 1.25933029595642 2.197265625 -95.537109375
-3.33984375 14.94140625 -1.0546875 3.955078125 1.25931342353891 2.109375 -95.537109375
-3.33984375 15.8203125 -1.0546875 3.955078125 1.25933029595642 2.197265625 -95.537109375
-3.33984375 17.05078125 -1.0546875 3.955078125 1.25933029595642 2.197265625 -95.537109375
-3.33984375 18.017578125 -1.0546875 3.955078125 1.25931342353891 2.109375 -95.537109375
-3.33984375 18.984375 -1.0546875 3.955078125 1.25933029595642 2.197265625 -95.537109375
-3.33984375 19.951171875 -1.0546875 3.955078125 1.25933029595642 2.197265625 -95.537109375
-3.33984375 21.005859375 -1.0546875 3.955078125 1.25933029595642 2.197265625 -95.537109375
-3.33984375 22.060546875 -1.0546875 3.955078125 1.25931342353891 2.109375 -95.537109375
-3.33984375 23.02734375 -1.142578125 3.955078125 1.25933029595642 2.197265625 -95.537109375
-3.33984375 23.90625 -1.0546875 3.955078125 1.25933029595642 2.197265625 -95.537109375
-3.33984375 24.9609375 -1.0546875 3.955078125 1.25933029595642 2.197265625 -95.537109375
-3.33984375 26.015625 -1.0546875 3.955078125 1.25933029595642 2.197265625 -95.537109375
-3.33984375 26.982421875 -1.0546875 3.955078125 1.25933029595642 2.197265625 -95.537109375
-3.33984375 27.94921875 -1.0546875 3.955078125 1.25933029595642 2.197265625 -95.537109375
-3.33984375 28.916015625 -1.0546875 3.955078125 1.14484771336488 2.197265625 -95.537109375
-3.33984375 29.970703125 -1.0546875 3.955078125 1.25933029595642 2.197265625 -95.537109375
-3.33984375 31.025390625 -1.0546875 3.955078125 1.25931342353891 2.109375 -95.537109375
-3.33984375 32.080078125 -1.0546875 3.955078125 1.25933029595642 2.197265625 -95.537109375
-3.33984375 33.046875 -1.0546875 3.955078125 1.25933029595642 2.197265625 -95.537109375
-3.33984375 33.92578125 -1.0546875 3.955078125 1.25933029595642 2.197265625 -95.537109375
-3.33984375 34.98046875 -1.0546875 3.955078125 1.25933029595642 2.197265625 -95.537109375
-3.33984375 36.2109375 -1.0546875 3.955078125 1.14484771336488 2.197265625 -95.537109375
-3.33984375 36.9140625 -1.0546875 3.955078125 1.25933029595642 2.197265625 -95.537109375
-3.33984375 37.96875 -1.0546875 3.955078125 1.25933029595642 2.197265625 -95.537109375
-3.33984375 39.111328125 -1.0546875 3.955078125 1.25933029595642 2.197265625 -95.537109375
-3.33984375 39.90234375 -1.0546875 3.955078125 1.25933029595642 2.197265625 -95.537109375
-3.33984375 41.044921875 -1.0546875 3.955078125 1.25933029595642 2.197265625 -95.537109375
-3.33984375 41.923828125 -1.0546875 3.955078125 1.25933029595642 2.197265625 -95.537109375
-3.33984375 43.154296875 -1.0546875 3.955078125 1.25933029595642 2.197265625 -95.537109375
-3.33984375 44.12109375 -1.0546875 3.955078125 1.25933029595642 2.197265625 -95.537109375
-3.33984375 44.912109375 -1.0546875 3.955078125 1.14484771336488 2.197265625 -95.537109375
-3.33984375 45.966796875 -1.0546875 3.955078125 1.25933029595642 2.197265625 -95.537109375
-3.33984375 47.021484375 -1.0546875 3.955078125 1.25933029595642 2.197265625 -95.537109375
-3.33984375 48.1640625 -1.0546875 3.955078125 1.25933029595642 2.197265625 -95.537109375
-3.33984375 49.306640625 -1.0546875 3.955078125 1.25933029595642 2.197265625 -95.537109375
-3.33984375 50.09765625 -1.0546875 3.955078125 1.25933029595642 2.197265625 -95.537109375
-3.33984375 49.5703125 -1.0546875 3.955078125 1.14484771336488 2.197265625 -95.537109375
-3.33984375 48.515625 -1.0546875 3.955078125 1.25933029595642 2.197265625 -95.537109375
-3.33984375 47.548828125 -1.0546875 3.955078125 1.25933029595642 2.197265625 -95.537109375
-3.33984375 46.40625 -1.0546875 3.955078125 1.14484771336488 2.197265625 -95.537109375
-3.33984375 45.439453125 -1.0546875 3.955078125 1.25933029595642 2.197265625 -95.537109375
-3.33984375 44.560546875 -1.0546875 3.955078125 1.25933029595642 2.197265625 -95.537109375
-3.33984375 43.41796875 -1.0546875 3.955078125 1.25933029595642 2.197265625 -95.537109375
-3.33984375 42.5390625 -1.0546875 3.955078125 1.25933029595642 2.197265625 -95.537109375
-3.33984375 41.572265625 -1.0546875 3.955078125 1.25933029595642 2.197265625 -95.537109375
-3.33984375 40.517578125 -1.0546875 3.955078125 1.25933029595642 2.197265625 -95.537109375
-3.33984375 39.55078125 -1.0546875 3.955078125 1.25933029595642 2.197265625 -95.537109375
-3.33984375 38.583984375 -1.0546875 3.955078125 1.25933029595642 2.197265625 -95.537109375
-3.33984375 37.353515625 -1.0546875 3.955078125 1.25933029595642 2.197265625 -95.537109375
-3.33984375 36.5625 -1.0546875 3.955078125 1.25933029595642 2.197265625 -95.537109375
-3.33984375 35.5078125 -1.0546875 3.955078125 1.25933029595642 2.197265625 -95.537109375
-3.33984375 34.453125 -1.0546875 3.955078125 1.25933029595642 2.197265625 -95.537109375
-3.33984375 33.3984375 -1.0546875 3.955078125 1.25933029595642 2.197265625 -95.537109375
-3.33984375 32.34375 -1.0546875 3.955078125 1.25933029595642 2.197265625 -95.537109375
-3.33984375 31.640625 -1.0546875 3.955078125 1.25933029595642 2.197265625 -95.537109375
-3.33984375 30.498046875 -1.0546875 3.955078125 1.25933029595642 2.197265625 -95.537109375
-3.33984375 29.53125 -1.0546875 3.955078125 1.25933029595642 2.197265625 -95.537109375
-3.33984375 28.564453125 -1.0546875 3.955078125 1.25933029595642 2.197265625 -95.537109375
-3.33984375 27.59765625 -1.0546875 3.955078125 1.25933029595642 2.197265625 -95.537109375
-3.33984375 26.54296875 -1.0546875 3.955078125 1.25933029595642 2.197265625 -95.537109375
-3.33984375 25.48828125 -1.0546875 3.955078125 1.25933029595642 2.197265625 -95.537109375
-3.33984375 24.43359375 -1.0546875 3.955078125 1.25933029595642 2.197265625 -95.537109375
-3.33984375 23.466796875 -1.0546875 3.955078125 1.25933029595642 2.197265625 -95.537109375
-3.33984375 22.587890625 -1.0546875 3.955078125 1.25933029595642 2.197265625 -95.537109375
-3.33984375 21.4453125 -1.0546875 3.955078125 1.25933029595642 2.197265625 -95.537109375
-3.33984375 20.302734375 -1.0546875 3.955078125 1.25933029595642 2.197265625 -95.537109375
-3.33984375 19.599609375 -1.0546875 3.955078125 1.25933029595642 2.197265625 -95.537109375
-3.33984375 18.544921875 -1.0546875 3.955078125 1.25933029595642 2.197265625 -95.537109375
-3.33984375 17.578125 -1.0546875 3.955078125 1.25933029595642 2.197265625 -95.537109375
-3.33984375 16.435546875 -1.0546875 3.955078125 1.25933029595642 2.197265625 -95.537109375
-3.33984375 15.46875 -1.0546875 3.955078125 1.14484771336488 2.197265625 -95.537109375
-3.33984375 14.58984375 -1.0546875 3.955078125 1.25933029595642 2.197265625 -95.537109375
-3.33984375 13.447265625 -1.0546875 3.955078125 1.25933029595642 2.197265625 -95.537109375
-3.33984375 12.568359375 -1.0546875 3.955078125 1.25933029595642 2.197265625 -95.537109375
-3.33984375 11.513671875 -1.142578125 3.955078125 1.25933029595642 2.197265625 -95.537109375
-3.33984375 10.546875 -1.0546875 3.955078125 1.25933029595642 2.197265625 -95.537109375
-3.33984375 9.4921875 -1.0546875 3.955078125 1.25933029595642 2.197265625 -95.537109375
-3.33984375 8.525390625 -1.0546875 3.955078125 1.14484771336488 2.197265625 -95.537109375
-3.33984375 7.55859375 -1.0546875 3.955078125 1.25933029595642 2.197265625 -95.537109375
-3.33984375 6.50390625 -1.0546875 3.955078125 1.25933029595642 2.197265625 -95.537109375
-3.33984375 5.537109375 -1.0546875 3.955078125 1.25933029595642 2.197265625 -95.537109375
-3.33984375 4.5703125 -1.0546875 3.955078125 1.25933029595642 2.197265625 -95.537109375
-3.33984375 3.515625 -1.0546875 3.955078125 1.25933029595642 2.197265625 -95.537109375
-3.33984375 2.4609375 -1.0546875 3.955078125 1.25933029595642 2.197265625 -95.537109375
-3.33984375 1.494140625 -1.0546875 3.955078125 1.25933029595642 2.197265625 -95.537109375
-3.33984375 0.52734375 -1.0546875 3.955078125 1.25933029595642 2.197265625 -95.537109375
-3.33984375 -0.615234375 -1.0546875 3.955078125 1.25933029595642 2.197265625 -95.537109375
-3.33984375 -1.669921875 -1.0546875 3.955078125 1.25933029595642 2.197265625 -95.537109375
-3.33984375 -2.4609375 -1.0546875 3.955078125 1.25933029595642 2.197265625 -95.537109375
-3.33984375 -3.69140625 -1.0546875 3.955078125 1.25933029595642 2.197265625 -95.537109375
-3.33984375 -4.658203125 -1.0546875 3.955078125 1.25933029595642 2.197265625 -95.537109375
-3.33984375 -5.44921875 -1.0546875 3.955078125 1.25933029595642 2.197265625 -95.537109375
-3.33984375 -6.416015625 -1.0546875 3.955078125 1.25933029595642 2.197265625 -95.537109375
-3.33984375 -7.55859375 -1.0546875 3.955078125 1.25933029595642 2.197265625 -95.537109375
-3.33984375 -8.701171875 -1.0546875 3.955078125 1.25933029595642 2.197265625 -95.537109375
-3.33984375 -9.4921875 -1.0546875 3.955078125 1.25933029595642 2.197265625 -95.537109375
-3.33984375 -10.458984375 -1.0546875 3.955078125 1.14484771336488 2.197265625 -95.537109375
-3.33984375 -11.513671875 -1.0546875 3.955078125 1.25933029595642 2.197265625 -95.537109375
-3.33984375 -12.568359375 -1.0546875 3.955078125 1.14484771336488 2.197265625 -95.537109375
-3.33984375 -13.53515625 -1.0546875 3.955078125 1.25933029595642 2.197265625 -95.537109375
-3.33984375 -14.501953125 -1.0546875 3.955078125 1.14484771336488 2.197265625 -95.537109375
-3.33984375 -15.732421875 -1.0546875 3.955078125 1.25933029595642 2.197265625 -95.537109375
-3.33984375 -16.611328125 -1.0546875 3.955078125 1.14484771336488 2.197265625 -95.537109375
-3.33984375 -17.40234375 -1.0546875 3.955078125 1.25933029595642 2.197265625 -95.537109375
-3.33984375 -18.45703125 -1.0546875 3.955078125 1.25933029595642 2.197265625 -95.537109375
-3.33984375 -19.51171875 -1.0546875 3.955078125 1.25933029595642 2.197265625 -95.537109375
-3.33984375 -20.478515625 -1.0546875 3.955078125 1.25933029595642 2.197265625 -95.537109375
-3.33984375 -21.62109375 -1.0546875 3.955078125 1.25933029595642 2.197265625 -95.537109375
-3.33984375 -22.5 -1.0546875 3.955078125 1.25933029595642 2.197265625 -95.537109375
-3.33984375 -23.466796875 -1.0546875 3.955078125 1.25933029595642 2.197265625 -95.537109375
-3.33984375 -24.43359375 -1.0546875 3.955078125 1.25933029595642 2.197265625 -95.537109375
-3.33984375 -25.751953125 -1.0546875 3.955078125 1.25933029595642 2.197265625 -95.537109375
-3.33984375 -26.806640625 -1.0546875 3.955078125 1.25933029595642 2.197265625 -95.537109375
-3.33984375 -27.59765625 -1.0546875 3.955078125 1.25933029595642 2.197265625 -95.537109375
-3.33984375 -28.388671875 -1.0546875 3.955078125 1.25933029595642 2.197265625 -95.537109375
-3.33984375 -29.443359375 -1.0546875 3.955078125 1.25933029595642 2.197265625 -95.537109375
-3.33984375 -30.5859375 -1.0546875 3.955078125 1.25933029595642 2.197265625 -95.537109375
