-6.6796875 -0.791015625 1.7578125 3.955078125 0 -18.896484375 -79.98046875
-6.6796875 -0.791015625 1.7578125 3.955078125 -1.97186345451766 -18.984375 -79.98046875
-6.6796875 -0.791015625 1.7578125 3.955078125 -3.94293251245011 -18.896484375 -80.859375
-6.6796875 -0.791015625 1.7578125 3.955078125 -5.91366987910766 -18.896484375 -80.859375
-6.6796875 -0.791015625 1.7578125 3.955078125 -8.00039265198535 -18.984375 -79.8046875
-6.767578125 -0.791015625 1.7578125 3.955078125 -10.0812034884896 -18.720703125 -77.783203125
-6.767578125 -0.791015625 1.7578125 3.955078125 -11.9336261974928 -18.80859375 -76.376953125
-6.767578125 -0.791015625 1.7578125 3.955078125 -14.017847085325 -18.984375 -72.685546875
-6.767578125 -0.791015625 1.7578125 3.955078125 -16.0967120211271 -18.984375 -68.90625
-6.767578125 -0.791015625 1.7578125 3.955078125 -18.0599415987453 -19.072265625 -67.412109375
-6.767578125 -0.791015625 1.7578125 3.955078125 -19.9058643664687 -19.16015625 -64.775390625
-6.767578125 -0.791015625 1.7578125 3.955078125 -22.0057737148824 -20.0390625 -59.677734375
-6.767578125 -0.791015625 1.7578125 3.955078125 -24.0757243526037 -20.0390625 -58.623046875
-6.6796875 -0.791015625 1.7578125 3.955078125 -26.0520413350764 -20.654296875 -55.458984375
-6.767578125 -0.791015625 1.7578125 3.955078125 -28.0091365789267 -20.830078125 -50.9765625
-6.767578125 -0.791015625 1.7578125 3.955078125 -30.0732812182352 -20.91796875 -50.2734375
-6.6796875 -0.791015625 1.7578125 3.955078125 -31.9094012280544 -21.09375 -48.1640625
-6.6796875 -0.791015625 1.7578125 3.955078125 -33.8465513834222 -21.09375 -44.82421875
-6.6796875 -0.791015625 1.7578125 3.955078125 -36.0108952160684 -23.02734375 -29.619140625
-6.6796875 -0.791015625 1.7578125 3.955078125 -35.0140397940661 -21.62109375 -29.8828125
-6.6796875 -0.791015625 1.7578125 3.955078125 -38.0556636561072 -21.26953125 -29.1796875
-6.6796875 -0.791015625 1.7578125 3.955078125 -39.9648964806492 -21.09375 -27.509765625
-6.6796875 -0.791015625 1.7578125 3.955078125 -41.9737658569237 -20.830078125 -27.7734375
-6.6796875 -0.791015625 1.7578125 3.955078125 -44.0945924198616 -18.984375 -22.67578125
-6.6796875 -0.791015625 1.7578125 3.955078125 -46.0411980923583 -19.775390625 -21.181640625
-6.6796875 -0.791015625 1.7578125 3.955078125 -47.9242977213188 -19.6875 -21.09375
-6.6796875 -0.791015625 1.7578125 3.955078125 -47.036198294044 -19.6875 -21.181640625
-6.6796875 -0.791015625 1.7578125 3.955078125 -44.9324963232978 -19.86328125 -20.0390625
-6.767578125 -0.791015625 1.7578125 3.955078125 -43.015453999534 -19.599609375 -20.478515625
-6.6796875 -0.791015625 1.7578125 3.955078125 -40.9971882654426 -19.599609375 -21.005859375
-6.767578125 -0.791015625 1.7578125 3.955078125 -39.0450827394586 -18.896484375 -22.5
-6.767578125 -0.791015625 1.7578125 3.955078125 -37.0066375084018 -18.720703125 -23.73046875
-6.767578125 -0.791015625 1.7578125 3.955078125 -35.0849035151528 -18.720703125 -24.43359375
-6.767578125 -0.791015625 1.7578125 3.955078125 -33.0444657750823 -18.720703125 -26.279296875
-6.767578125 -0.791015625 1.7578125 3.955078125 -31.0140911974415 -19.072265625 -27.861328125
-6.767578125 -0.791015625 1.7578125 3.955078125 -29.0688038615494 -18.896484375 -28.916015625
-6.767578125 -0.791015625 1.7578125 3.955078125 -27.0160856642128 -18.984375 -30.5859375
-6.6796875 -0.791015625 1.7578125 3.955078125 -25.0957988231298 -19.6875 -32.783203125
-6.767578125 -0.791015625 1.7578125 3.955078125 -23.0288992988298 -19.6875 -34.189453125
-6.767578125 -0.791015625 1.7578125 3.955078125 -20.9498954024728 -19.423828125 -34.892578125
-6.767578125 -0.791015625 1.7578125 3.955078125 -19.001790925764 -19.775390625 -35.5078125
-6.767578125 -0.791015625 1.7578125 3.955078125 -17.0466921508825 -20.0390625 -37.08984375
-6.767578125 -0.791015625 1.7578125 3.955078125 -15.0813917997651 -20.0390625 -39.19921875
-6.767578125 -0.791015625 1.7578125 3.955078125 -12.9980496485541 -20.0390625 -46.93359375
-6.767578125 -0.791015625 1.7578125 3.955078125 -11.0269594613623 -19.951171875 -47.373046875
-6.767578125 -0.791015625 1.7578125 3.955078125 -9.05599414298078 -19.951171875 -47.548828125
-6.767578125 -0.791015625 1.7578125 3.955078125 -6.99382421839502 -7.3828125 -50.888671875
-6.6796875 -0.791015625 1.7578125 3.955078125 -5.04959085416142 -8.7890625 -51.15234375
-6.767578125 -0.791015625 1.7578125 3.955078125 -2.98518813858784 -9.31640625 -51.328125
-6.767578125 -0.791015625 1.7578125 3.955078125 -1.03350879174288 -9.4921875 -51.416015625
-6.767578125 -0.791015625 1.7578125 3.955078125 1.0337624053019 -9.84375 -53.349609375
-6.767578125 -0.791015625 1.7578125 3.955078125 3.10490468607586 -11.42578125 -66.26953125
-6.767578125 -0.791015625 1.7578125 3.955078125 5.05933372777284 -11.42578125 -66.26953125
-6.767578125 -0.791015625 1.7578125 3.955078125 6.90337711254527 -12.3046875 -68.73046875
-6.767578125 -0.791015625 1.7578125 3.955078125 9.08815485995005 -12.392578125 -71.19140625
-6.767578125 -0.791015625 1.7578125 3.955078125 11.0428486787749 -12.568359375 -74.267578125
-6.767578125 -0.791015625 1.7578125 3.955078125 13.0020132049169 -13.18359375 -79.453125
-6.767578125 -0.791015625 1.7578125 3.955078125 15.0740779581916 -13.623046875 -82.001953125
-6.767578125 -0.791015625 1.7578125 3.955078125 17.0341885285383 -14.23828125 -85.95703125
-6.767578125 -0.791015625 1.7578125 3.955078125 18.9840566183629 -14.326171875 -91.142578125
-6.767578125 -0.791015625 1.7578125 3.955078125 21.0478480076088 -14.501953125 -119.70703125
-6.767578125 -0.791015625 1.7578125 3.955078125 23.0220637021178 -15.732421875 -120.673828125
-6.767578125 -0.791015625 1.7578125 3.955078125 24.9665092568275 -15.8203125 -120.673828125
-6.767578125 -0.791015625 1.7578125 3.955078125 27.1244295767494 -15.556640625 -124.189453125
-6.767578125 -0.791015625 1.7578125 3.955078125 29.0240451883241 -14.501953125 -134.208984375
-6.767578125 -0.791015625 1.7578125 3.955078125 30.9396471056111 -14.150390625 -134.6484375
-6.767578125 -0.791015625 1.7578125 3.955078125 33.047309737898 -12.919921875 -134.6484375
-6.767578125 -0.791015625 1.7578125 3.955078125 34.9339413324218 -12.041015625 -136.7578125
-6.767578125 -0.791015625 1.7578125 3.955078125 37.0712994314666 -12.216796875 -139.658203125
-6.767578125 -0.791015625 1.7578125 3.955078125 38.9445057442774 -11.337890625 -143.96484375
-6.6796875 -0.791015625 1.7578125 3.955078125 41.0315601392947 -10.37109375 -144.404296875
-6.767578125 -0.791015625 1.7578125 3.955078125 43.0321176633092 -10.458984375 -145.634765625
-6.767578125 -0.791015625 1.7578125 3.955078125 44.9725836943218 -8.7890625 -152.841796875
-6.6796875 -0.791015625 1.7578125 3.955078125 46.9237042010073 -7.646484375 -156.09375
-6.767578125 -0.791015625 1.7578125 3.955078125 49.0299224658289 -8.525390625 -155.478515625
-6.767578125 -0.791015625 1.7578125 3.955078125 48.0251861815094 -7.822265625 -157.1484375
-6.6796875 -0.791015625 1.7578125 3.955078125 46.042309587577 -7.55859375 -155.7421875
-6.767578125 -0.791015625 1.7578125 3.955078125 44.0691748352743 -7.998046875 -154.6875
-6.767578125 -0.791015625 1.7578125 3.955078125 42.0739757977587 -7.822265625 -152.2265625
-6.767578125 -0.791015625 1.7578125 3.955078125 40.0801321775601 -7.998046875 -151.5234375
-6.6796875 -0.791015625 1.7578125 3.955078125 38.0776281325151 -8.0859375 -150.99609375
-6.767578125 -0.791015625 1.7578125 3.955078125 36.0688027194841 -8.173828125 -146.865234375
-6.767578125 -0.791015625 1.7578125 3.955078125 34.0522392380496 -8.173828125 -146.513671875
-6.767578125 -0.791015625 1.7578125 3.955078125 32.031802420819 -8.26171875 -144.4921875
-6.6796875 -0.791015625 1.7578125 3.955078125 30.0107544500382 -8.61328125 -142.734375
-6.6796875 -0.791015625 1.7578125 3.955078125 28.0942292645059 -8.7890625 -140.625
-6.6796875 -0.791015625 1.7578125 3.955078125 25.9496284509006 -9.140625 -137.900390625
-6.6796875 -0.791015625 1.7578125 3.955078125 24.0418082399993 -10.37109375 -133.2421875
-6.6796875 -0.791015625 1.7578125 3.955078125 21.9958375650286 -10.458984375 -131.8359375
-6.6796875 -0.791015625 1.7578125 3.955078125 20.0641583337396 -10.810546875 -128.935546875
-6.767578125 -0.791015625 1.7578125 3.955078125 17.905340364889 -11.513671875 -123.486328125
-6.767578125 -0.791015625 1.7578125 3.955078125 15.9807992965811 -12.919921875 -119.1796875
-6.767578125 -0.791015625 1.7578125 3.955078125 14.0350771863109 -13.18359375 -116.015625
-6.767578125 -0.791015625 1.7578125 3.955078125 12.1053304720794 -14.94140625 -108.80859375
-6.767578125 -0.791015625 1.7578125 3.955078125 10.1659853441716 -16.435546875 -103.623046875
-6.767578125 -0.791015625 1.7578125 3.955078125 8.04350509892297 -10.8984375 -98.96484375
-6.6796875 -0.791015625 1.7578125 3.955078125 6.1018525964525 -12.919921875 -97.822265625
-6.767578125 -0.791015625 1.7578125 3.955078125 4.01040877045423 -5.625 -93.33984375
-6.767578125 -0.791015625 1.7578125 3.955078125 2.0774814771314 -15.1171875 -88.505859375
-6.767578125 -0.791015625 1.7578125 3.955078125 0.115476751056916 -15.556640625 -86.8359375
