26.3671875 -52.20703125 -1.142578125 1.58203125 0.343466669085511 2.373046875 -107.841796875 0.263671875
26.455078125 -52.3828125 -1.142578125 1.58203125 0.34346169072405 2.28515625 -107.75390625 0.263671875
26.455078125 -52.3828125 -1.142578125 1.58203125 0.34346169072405 2.28515625 -107.75390625 0.263671875
24.78515625 -50.361328125 -1.142578125 1.58203125 0.687080712607887 3.427734375 -113.203125 0.52734375
26.015625 -52.119140625 -1.23046875 1.58203125 0.915935006368819 2.548828125 -99.404296875 0.703125
-44.384765625 57.744140625 -0.3515625 1.494140625 -0.458008796787359 2.98828125 -67.5 -0.3515625
-44.033203125 58.095703125 -0.3515625 1.58203125 -1.71767489703965 3.427734375 -70.927734375 -1.318359375
-44.47265625 58.53515625 -0.263671875 1.58203125 -1.14499303414876 2.900390625 -73.740234375 -0.87890625
-43.857421875 58.0078125 -0.263671875 1.58203125 -2.06128330292181 3.603515625 -68.642578125 -1.58203125
-45.263671875 60.380859375 -0.52734375 1.58203125 -1.25929724131554 2.021484375 -65.56640625 -0.966796875
-42.451171875 55.986328125 -0.263671875 1.58203125 -2.63478814690998 4.833984375 -69.609375 -2.021484375
-44.208984375 58.798828125 -0.3515625 1.58203125 -1.71760340948745 3.251953125 -68.115234375 -1.318359375
28.125 -54.66796875 -1.318359375 1.58203125 0.457879188028946 0.966796875 -106.259765625 0.3515625
26.982421875 -53.96484375 -1.142578125 1.58203125 1.48820198346593 1.7578125 -111.26953125 1.142578125
27.333984375 -54.580078125 -1.40625 1.58203125 1.83156445953298 1.494140625 -110.0390625 1.40625
42.1875 -78.837890625 -0.703125 1.58203125 2.06068768066926 2.197265625 -113.994140625 1.58203125
41.66015625 -78.837890625 -0.703125 1.58203125 2.74768856661444 2.548828125 -121.376953125 2.109375
42.890625 -79.27734375 -0.703125 1.58203125 1.71712987348689 1.669921875 -119.267578125 1.318359375
42.275390625 -79.189453125 -0.615234375 1.58203125 2.74756458360893 2.28515625 -120.41015625 2.109375
42.5390625 -79.27734375 -0.703125 1.58203125 2.1750798207308 1.93359375 -121.728515625 1.669921875
-61.5234375 84.0234375 0.17578125 1.58203125 -0.457992252326031 2.8125 -69.697265625 -0.3515625
-60.908203125 83.056640625 0.3515625 1.58203125 0.11451136940589 3.33984375 -68.37890625 0.087890625
-62.05078125 83.583984375 0.087890625 1.494140625 -0.228977874150874 2.373046875 -66.181640625 -0.17578125
-61.083984375 82.177734375 0.3515625 1.58203125 0.229008950898669 3.076171875 -65.91796875 0.17578125
-61.083984375 79.453125 0.263671875 1.58203125 0.801528341799133 3.076171875 -71.630859375 0.615234375
-49.74609375 72.7734375 0.17578125 1.58203125 -1.03044206317013 2.63671875 -57.919921875 -0.791015625
-49.482421875 72.0703125 0.263671875 1.58203125 -0.801513204533226 2.98828125 -59.326171875 -0.615234375
-49.833984375 71.982421875 0.17578125 1.58203125 0 2.63671875 -60.908203125 0
-50.09765625 72.7734375 0 1.58203125 -0.686931803051395 2.373046875 -59.765625 -0.52734375
-49.5703125 72.24609375 0.263671875 1.58203125 -0.572500071788739 2.900390625 -60.8203125 -0.439453125
41.748046875 -73.037109375 -0.52734375 1.58203125 2.06091258601366 2.8125 -106.34765625 1.58203125
43.06640625 -73.740234375 -0.615234375 1.58203125 0.915845592139592 1.93359375 -107.314453125 0.703125
42.01171875 -73.4765625 -0.615234375 1.58203125 2.28981078513596 2.63671875 -110.830078125 1.7578125
42.099609375 -73.125 -0.52734375 1.58203125 1.48838144923365 2.548828125 -108.45703125 1.142578125
42.71484375 -73.564453125 -0.52734375 1.58203125 1.37379384704143 2.109375 -107.578125 1.0546875
39.462890625 -60.029296875 -0.703125 1.58203125 -0.915935006368819 2.548828125 -97.91015625 -0.703125
40.166015625 -61.171875 -0.615234375 1.58203125 -0.228962534898198 1.93359375 -98.701171875 -0.17578125
39.19921875 -60.46875 -0.52734375 1.58203125 0.572480020505903 2.724609375 -95.361328125 0.439453125
40.78125 -62.138671875 -0.615234375 1.58203125 0.572398613942333 1.845703125 -93.076171875 0.439453125
39.990234375 -62.138671875 -0.703125 1.58203125 1.83170815087878 2.109375 -93.8671875 1.40625
-39.0234375 61.171875 0.087890625 1.58203125 -0.457955293451254 2.373046875 -55.458984375 -0.3515625
-39.111328125 60.1171875 0.17578125 1.58203125 1.14488027376027 2.373046875 -56.07421875 0.87890625
-39.111328125 60.556640625 0.087890625 1.58203125 0 2.28515625 -56.42578125 0
-38.056640625 59.58984375 0.3515625 1.494140625 -0.343526826046977 3.251953125 -54.228515625 -0.263671875
-39.111328125 60.908203125 0.087890625 1.58203125 -0.343466669085511 2.373046875 -54.228515625 -0.263671875
-51.591796875 84.111328125 1.0546875 1.58203125 -2.29094278225772 4.5703125 -49.130859375 -1.7578125
-53.173828125 85.341796875 0.703125 1.58203125 -0.686999460515934 2.900390625 -45.87890625 -0.52734375
-51.50390625 84.0234375 0.966796875 1.58203125 -2.29100879265622 4.658203125 -45.87890625 -1.7578125
-51.50390625 83.84765625 1.0546875 1.58203125 -2.06192090181483 4.658203125 -49.658203125 -1.58203125
-51.064453125 83.759765625 1.0546875 1.58203125 -2.52055718350836 5.185546875 -49.5703125 -1.93359375
59.58984375 -86.572265625 -0.17578125 1.58203125 2.17584184503308 3.69140625 -111.181640625 1.669921875
59.4140625 -86.30859375 -0.087890625 1.58203125 2.06142731737492 3.8671875 -106.083984375 1.58203125
60.029296875 -86.66015625 -0.087890625 1.58203125 1.48865848108449 3.427734375 -106.611328125 1.142578125
59.94140625 -87.451171875 -0.3515625 1.58203125 3.09168577100305 3.427734375 -107.666015625 2.373046875
58.18359375 -85.78125 0 1.58203125 2.74933344145111 4.833984375 -106.69921875 2.109375
27.421875 -57.65625 1.7578125 1.58203125 0.572532509136093 3.1640625 -106.69921875 0.439453125
27.421875 -58.0078125 1.669921875 1.58203125 1.03055373797736 3.1640625 -106.69921875 0.791015625
27.861328125 -58.623046875 1.58203125 1.58203125 1.25944603624591 2.724609375 -109.3359375 0.966796875
28.125 -59.326171875 1.494140625 1.58203125 1.60289461722754 2.63671875 -109.51171875 1.23046875
28.828125 -60.029296875 1.40625 1.58203125 1.71723079713736 2.109375 -109.16015625 1.318359375
-45.439453125 56.337890625 2.4609375 1.58203125 -1.03075954833729 3.955078125 -65.654296875 -0.791015625
-44.384765625 53.876953125 2.724609375 1.58203125 -0.114571686855292 5.09765625 -69.521484375 -0.087890625
-44.384765625 54.580078125 2.8125 1.58203125 -1.71865482354809 5.2734375 -68.37890625 -1.318359375
-44.912109375 54.84375 2.548828125 1.58203125 -0.229101797146167 4.5703125 -70.576171875 -0.17578125
-44.560546875 54.31640625 2.724609375 1.494140625 -0.34369330878351 4.921875 -73.828125 -0.263671875
-61.259765625 80.5078125 3.1640625 1.58203125 -1.03101149496438 4.74609375 -66.533203125 -0.791015625
-61.5234375 80.859375 3.076171875 1.494140625 -0.687284144702667 4.482421875 -66.181640625 -0.52734375
-61.083984375 80.419921875 3.251953125 1.58203125 -0.916511311186515 4.921875 -65.830078125 -0.703125
-60.908203125 80.068359375 3.251953125 1.494140625 -0.572857294330275 5.09765625 -62.138671875 -0.439453125
-61.083984375 79.98046875 3.251953125 1.58203125 -0.114568067678581 5.009765625 -62.841796875 -0.087890625
42.099609375 -82.265625 2.28515625 1.58203125 2.06147759822791 3.955078125 -115.3125 1.58203125
42.5390625 -82.880859375 2.109375 1.58203125 2.40480721692869 3.603515625 -118.564453125 1.845703125
42.01171875 -82.353515625 2.28515625 1.58203125 2.17599746176884 3.955078125 -118.30078125 1.669921875
41.572265625 -82.001953125 2.197265625 1.58203125 2.17616389895707 4.21875 -117.861328125 1.669921875
42.01171875 -82.529296875 2.109375 1.58203125 2.51955033534422 3.955078125 -117.509765625 1.93359375
42.275390625 -82.353515625 2.197265625 1.58203125 1.71782923237714 3.779296875 -115.13671875 1.318359375
41.396484375 -73.564453125 2.021484375 1.58203125 3.32203826301304 4.833984375 -108.896484375 2.548828125
41.220703125 -73.564453125 1.93359375 1.58203125 3.66564178408866 4.833984375 -108.896484375 2.8125
42.71484375 -73.564453125 2.373046875 1.58203125 1.14528658440292 3.955078125 -108.6328125 0.87890625
42.978515625 -73.740234375 2.28515625 1.58203125 0.916166471577274 3.69140625 -106.611328125 0.703125
42.978515625 -74.091796875 2.109375 1.58203125 1.37420935502207 3.603515625 -105.99609375 1.0546875
42.451171875 -73.65234375 2.28515625 1.58203125 2.06163527722179 4.21875 -105.64453125 1.58203125
-49.5703125 71.54296875 3.1640625 1.58203125 0.343662455973499 4.658203125 -58.0078125 0.263671875
-49.658203125 71.630859375 3.076171875 1.58203125 0 4.5703125 -56.25 0
-49.21875 72.0703125 3.1640625 1.58203125 -0.114564512241318 4.921875 -59.150390625 -0.087890625
-48.955078125 71.71875 3.251953125 1.58203125 -0.687472704250462 5.2734375 -58.18359375 -0.52734375
-51.50390625 84.990234375 3.779296875 1.58203125 -1.3750725738765 5.537109375 -41.396484375 -1.0546875
-51.416015625 85.078125 3.8671875 1.58203125 -1.71895019835411 5.712890625 -45.791015625 -1.318359375
-52.20703125 84.90234375 3.69140625 1.58203125 -0.114557592417065 4.74609375 -47.373046875 -0.087890625
-51.85546875 84.638671875 3.779296875 1.58203125 -0.458315896299343 5.2734375 -44.736328125 -0.3515625
-52.119140625 85.693359375 3.603515625 1.58203125 -1.37480051271393 5.009765625 -43.59375 -1.0546875
60.205078125 -85.95703125 2.8125 1.58203125 1.48879224050596 3.779296875 -100.986328125 1.142578125
59.23828125 -85.166015625 2.98828125 1.58203125 1.60368706115765 4.5703125 -101.337890625 1.23046875
60.99609375 -86.66015625 2.548828125 1.58203125 1.3740644829526 3.1640625 -102.392578125 1.0546875
58.798828125 -84.990234375 2.8125 1.58203125 1.6038283615959 4.833984375 -103.7109375 1.23046875
60.556640625 -86.923828125 2.4609375 1.58203125 2.29015171897976 3.33984375 -105.732421875 1.7578125
38.84765625 -59.765625 2.548828125 1.58203125 0.916568707072115 5.09765625 -97.470703125 0.703125
38.84765625 -60.8203125 2.548828125 1.58203125 2.86414398016534 5.09765625 -82.880859375 2.197265625
40.869140625 -62.05078125 2.109375 1.58203125 0.801610645414803 3.515625 -97.03125 0.615234375
40.517578125 -61.435546875 2.28515625 1.58203125 0.801684440954103 3.8671875 -92.373046875 0.615234375
40.4296875 -61.34765625 2.28515625 1.58203125 0.572632881954423 3.8671875 -92.4609375 0.439453125
-37.6171875 60.1171875 3.1640625 1.58203125 -1.03127437369357 5.44921875 -53.525390625 -0.791015625
-38.232421875 61.34765625 2.98828125 1.58203125 -1.83299344617828 4.921875 -53.173828125 -1.40625
-37.265625 59.94140625 3.076171875 1.58203125 -1.60441520504217 5.80078125 -54.66796875 -1.23046875
-37.96875 60.64453125 3.076171875 1.58203125 -0.916628143965362 5.2734375 -55.986328125 -0.703125
-37.6171875 60.380859375 3.1640625 1.58203125 -1.37521896610787 5.80078125 -54.580078125 -1.0546875
