1.99515625834465 18.28125 -19.3359375 0 -1.87619923354503 -4.04296875 103.5791015625
-21.9550390541554 45.3076171875 -17.0947265625 0 1.73564311836062 2.373046875 79.3212890625
-38.5224218666553 73.7841796875 -7.822265625 0 -0.426750757392695 6.15234375 59.6337890625
-77.9413671791553 96.1512191064285 -21.2255859375 0 -0.165368968791692 -0.791015625 78.0029296875
-106.637656241655 119.799281599731 -20.654296875 0 0.0247279970980793 2.109375 82.2216796875
-109.230429679155 136.926738626131 -19.1162109375 0 1.1890924864568 3.251953125 64.9072265625
-74.6894140541553 123.711644879873 -2.5927734375 0 -0.165368968791692 2.197265625 50.7568359375
-78.6884374916553 135.274851907849 -19.775390625 0 -0.331703040513517 1.494140625 41.9677734375
-97.6288671791554 137.361445657258 -18.10546875 0 -0.307941074463641 1.845703125 56.9091796875
-73.0634374916553 111.018199570968 -15.908203125 0 -0.59308369474799 2.900390625 71.6748046875
-53.8153906166553 85.5615234375 -14.326171875 0 -9.28891453978041 3.1640625 67.9833984375
-40.4560156166553 65.0830078125 -20.6103515625 0 11.0044272340387 -2.4609375 74.3115234375
-39.3573828041553 61.259765625 -6.416015625 0 -1.40097626510396 1.0546875 67.7197265625
-16.5058203041553 42.626953125 -12.2607421875 0 -2.23261259271721 -4.306640625 61.4794921875
0.98441407084465 27.2021484375 -16.787109375 0 0.26235053034325 -1.318359375 55.6787109375
19.4853906333447 6.2841796875 -16.611328125 0 -1.75739404388599 -4.21875 64.2919921875
38.2939843833447 -9.2724609375 -17.841796875 0 -1.56730497436583 -5.712890625 64.8193359375
50.9502343833447 -18.0615234375 -13.53515625 0 -2.18509100301068 -5.2734375 48.7353515625
60.3545312583447 -36.474609375 -16.083984375 0 -0.901985806100698 2.109375 69.1259765625
63.4307031333447 -53.4375 -18.10546875 0 -0.783177596374929 -5.09765625 81.8701171875
62.4639062583447 -63.6767578125 -19.1162109375 0 -0.87822419361961 1.58203125 93.9990234375
58.2451562583447 -73.037109375 -15.1611328125 0 2.16338383162287 -0.615234375 103.4033203125
45.7207421958447 -72.861328125 -14.765625 0 2.85253168731464 1.845703125 116.6748046875
51.6973046958447 -93.8671875 -17.0947265625 0 3.01887957768328 1.0546875 124.6728515625
37.5908593833447 -86.396484375 -15.8642578125 0 1.14156671285294 -8.26171875 141.2841796875
20.1445703208447 -78.75 -12.0849609375 0 -1.18712400677519 -3.251953125 147.6123046875
2.17093750834465 -59.8974609375 -11.6455078125 0 0.666312217861578 -8.4375 177.3193359375
2.17093750834465 -59.8974609375 -11.6455078125 0 0.666312217861578 -8.4375 177.3193359375
10.9160546958447 -71.982421875 -12.1728515625 0 0.26235053034325 2.63671875 168.6181640625
32.8447656333447 -85.2099609375 -17.138671875 0 0.26235053034325 1.318359375 152.6220703125
43.2598046958447 -86.7919921875 -17.138671875 0 0.167301340260787 -1.23046875 134.1650390625
56.9267968833447 -92.5048828125 -16.4794921875 0 2.85253168731464 -2.8125 123.0029296875
65.2324609458447 -89.560546875 -15.1171875 0 2.78123995528001 -5.44921875 114.0380859375
65.1885156333447 -79.541015625 -14.5458984375 0 3.18522818992153 -5.2734375 105.8642578125
66.9902734458447 -68.8623046875 -13.4912109375 0 2.13962033344157 -4.833984375 84.2431640625
66.9902734458447 -56.42578125 -14.4140625 0 2.11585684999231 -0.966796875 79.4970703125
66.7705468833447 -44.560546875 -13.1396484375 0 0.713837402184123 -2.373046875 68.5986328125
60.7939843833447 -32.2998046875 -13.3154296875 0 5.58548137215195 -7.03125 57.9638671875
74.1094140708447 -46.1865234375 -14.5458984375 0 0.143539079570254 -0.87890625 62.7978515625
80.9209375083447 -62.578125 -15.46875 0 0.357399956138237 1.494140625 69.4775390625
85.5351953208447 -75.3662109375 -15.9521484375 0 -1.51978255966546 0.52734375 79.4091796875
85.6670312583447 -85.517578125 -17.9736328125 0 -5.53521871076515 -2.373046875 92.7685546875
82.0635156333447 -90.1318359375 -13.9306640625 0 10.2675957510111 4.306640625 101.5576171875
76.9658593833447 -95.44921875 -15.380859375 0 1.52177455167149 1.58203125 114.0380859375
67.5176171958447 -95.0537109375 -16.611328125 0 1.59306394131291 1.494140625 122.4755859375
60.3984765708447 -97.470703125 -20.390625 0 0.476212069852711 -1.142578125 123.3544921875
48.0498437583447 -97.734375 -18.720703125 0 1.75940636609736 -1.7578125 138.6474609375
37.9424218833447 -96.943359375 -16.171875 0 0.903938728755617 -5.537109375 162.7294921875
24.9346093833446 -90.87890625 -15.029296875 0 6.22715866989899 -7.119140625 173.8916015625
18.4746484458447 -79.189453125 -14.6337890625 0 1.33167016083717 -6.15234375 166.7724609375
26.6045312583446 -91.1865234375 -23.0712890625 0 -0.355464991831361 -2.373046875 172.3095703125
17.0244531333447 -82.44140625 -21.4892578125 0 -2.51774089346563 -10.634765625 171.6064453125
3.18167969584465 -70.48828125 -22.236328125 0 -0.474274527440086 -8.173828125 179.3408203125
4.58792969584465 -72.6416015625 -20.390625 0 3.63674949052317 -5.009765625 182.2412109375
19.4414453208447 -88.59375 -20.8740234375 0 1.64059027473401 -2.109375 176.1767578125
33.7236718833447 -95.0537109375 -17.6220703125 0 -2.75534619023237 1.7578125 152.4462890625
49.0605859458447 -94.3505859375 -16.69921875 0 -4.5373389576282 0.52734375 136.4501953125
68.1328515708447 -94.8779296875 -21.005859375 0 3.99321743187705 -0.439453125 119.2236328125
85.0517968833447 -94.9658203125 -20.6982421875 0 1.68811666708325 -1.142578125 102.3486328125
92.6543359458446 -85.8251953125 -17.4462890625 0 1.42672223839807 -1.669921875 78.0029296875
92.6543359458446 -75.05859375 -17.1826171875 0 2.6624206965296 -2.197265625 60.6884765625
92.6543359458446 -66.2255859375 -14.501953125 0 2.25843797166837 -1.494140625 42.5830078125
92.4346093833446 -55.9423828125 -15.1171875 0 2.11585684999231 -1.845703125 46.8017578125
105.881875008345 -71.6748046875 -13.4912109375 0 2.09209338127509 -0.439453125 54.1845703125
110.452187508345 -82.6171875 -10.8984375 0 1.97327625866944 0.263671875 58.5791015625
114.407265633345 -92.197265625 -11.8212890625 0 2.44854695889694 1.23046875 66.5771484375
108.914101570845 -96.416015625 -13.8427734375 0 -0.901985806100698 1.0546875 66.7529296875
93.6650781333446 -95.9765625 -17.9296875 0 -8.12483302330864 4.658203125 97.1630859375
85.1396875083447 -95.009765625 -11.9091796875 0 -4.51357959914813 3.955078125 101.7333984375
5.90628907084465 -4.21875 -0.703125 0 0.0247279970980793 3.251953125 93.8232421875
-0.94917967915535 -4.39453125 -4.5703125 0 -2.01876497497879 0.615234375 102.8759765625
-5.56343749165535 -7.294921875 -3.2958984375 0 -3.46815324131287 0.87890625 116.3232421875
-11.1444921791553 -7.3388671875 -1.7138671875 0 -3.94335057601678 -2.021484375 130.2099609375
-20.3730078041554 0.439453125 -2.9443359375 0 -3.87207135147803 -0.791015625 126.7822265625
-35.3144140541553 26.3232421875 -3.955078125 0 -2.85038789644214 1.40625 111.6650390625
-41.0273046791553 27.59765625 -4.74609375 0 -3.13551160079632 -3.1640625 128.1005859375
-49.5526953041553 41.1328125 -2.197265625 0 -2.96918969773362 -0.615234375 119.2236328125
-54.9140234291553 62.2705078125 -4.0869140625 0 -2.09004764681322 1.7578125 94.6142578125
-46.6962499916553 62.6220703125 -4.4384765625 0 -0.973270555151766 0.703125 76.7724609375
-40.8515234291553 65.4345703125 -2.7685546875 0 -0.87822419361961 0.966796875 69.6533203125
-32.2382421791553 65.7861328125 -0.263671875 0 -0.854462566406489 1.7578125 59.5458984375
-23.1415624916554 60.6884765625 -0.3955078125 0 -0.450512649782407 0.087890625 55.4150390625
-16.1542578041553 57.83203125 1.0107421875 0 -4.01462966796724 0.087890625 55.3271484375
-6.39839842915535 49.7900390625 2.3291015625 0 -2.20885180522996 0 49.1748046875
4.50003907084465 40.95703125 2.8125 0 1.87822282576152 -0.439453125 38.5400390625
14.6074609458447 32.4755859375 1.845703125 0 0.119776833611753 -2.197265625 37.8369140625
33.4600000083447 10.2392578125 1.3623046875 0 -0.260417098167789 1.494140625 46.0107421875
52.5762109458447 -11.3818359375 0.1318359375 0 2.30596513008331 -1.669921875 48.2958984375
69.8467187583447 -37.177734375 -2.373046875 0 1.52177455167149 -0.087890625 60.1611328125
76.3945703208447 -52.8662109375 -0.3515625 0 1.49801145125509 3.69140625 69.3017578125
81.7119531333447 -68.4228515625 -3.33984375 0 1.49801145125509 2.548828125 78.3544921875
83.6455468833447 -82.8369140625 -4.5703125 0 1.42672223839807 -0.263671875 89.1650390625
83.6455468833447 -86.8798828125 -2.28515625 0 -4.44230143531575 -1.40625 92.0654296875
82.7226953208447 -94.4384765625 0.8349609375 0 -6.08166565862179 -1.318359375 105.4248046875
73.5820703208447 -94.74609375 -0.2197265625 0 -5.72528809828943 -1.669921875 117.5537109375
-62.2089453041553 104.019416369825 -3.603515625 0 1.47424836557071 -0.263671875 53.2177734375
-71.8769140541553 105.497420275657 -0.703125 0 0.499974536791705 0.791015625 59.5458984375
-74.9530859291553 99.5419339492182 -0.087890625 0 -5.44018366343422 4.04296875 78.2666015625
-79.3476171791553 95.4991585597381 0.5712890625 0 -9.88282005370706 0.3515625 82.4853515625
-80.6659765541553 85.95703125 0.615234375 0 2.30596513008331 1.318359375 101.2060546875
-77.9853124916553 78.0908203125 1.7138671875 0 -6.93695827941329 -3.427734375 134.6923828125
-82.3798437416553 76.9921875 1.0107421875 0 -6.93695827941329 -5.80078125 132.4072265625
-89.9823828041553 89.560546875 -0.7470703125 0 -5.96287350681182 -3.955078125 110.3466796875
-93.0585546791554 99.6723460585563 -0.791015625 0 -5.98663196663788 -1.93359375 94.7900390625
-90.9491796791554 106.627658556587 -2.2412109375 0 -2.16133018605936 2.109375 83.1005859375
-87.1259374916553 114.452385116871 -1.3623046875 0 -3.04047060172412 5.2734375 79.1455078125
-82.9950781166553 118.451689803238 -1.4501953125 0 -2.8741482861645 2.724609375 59.4580078125
-74.3817968666553 118.103924178336 -1.7578125 0 -1.18712400677519 0.87890625 49.2626953125
-62.7802343666553 116.669390975618 0.439453125 0 -9.52647785025354 7.998046875 44.3408203125
-47.7069921791553 107.105836290826 1.0986328125 0 0.642549647798354 -10.107421875 36.9580078125
-32.6337499916553 96.7598089500061 3.427734375 0 -5.89159803894145 -9.66796875 23.4228515625
-19.2743749916553 83.84765625 1.8017578125 0 -12.8759636980688 2.8125 19.7314453125
93.1377343833446 -79.98046875 -0.966796875 0 5.60924700647801 -3.427734375 64.4677734375
93.1377343833446 -67.1044921875 -1.7138671875 0 1.28414421044891 -3.1640625 53.7451171875
87.9961328208447 -50.4052734375 0.966796875 0 -9.47896530601517 -0.52734375 42.1435546875
97.7959375083446 -71.279296875 1.0107421875 0 -2.77910663888286 -7.294921875 57.0849609375
101.663125008345 -84.638671875 1.0546875 0 -5.34514838039077 5.80078125 72.5537109375
99.8613671958446 -92.2412109375 0.87890625 0 -13.2560286950969 0.52734375 78.7060546875
89.1387109458447 -94.7021484375 0.1318359375 0 -4.84620927725402 -1.23046875 81.2548828125
81.6680078208447 -95.2734375 1.58203125 0 -7.60217267346081 3.955078125 97.1630859375
-68.6689062416553 117.19103941297 -4.482421875 0 1.42672223839807 -5.361328125 47.8564453125
-76.4472265541553 121.71199253669 0.6591796875 0 -2.39893769263103 -2.98828125 51.4599609375
-89.5868749916553 122.450994489605 1.58203125 0 0.452449617645751 -6.50390625 54.8876953125
-99.2548437416554 120.364400740196 1.3623046875 0 -4.2997447098861 -5.537109375 78.8818359375
-105.758749991655 117.234510116083 0.6591796875 0 -4.2997447098861 -2.373046875 80.2001953125
-109.713828116655 109.192430040235 5.009765625 0 -8.57621576914135 -4.74609375 112.1044921875
-110.944296866655 104.801889025854 -2.724609375 0 -5.86783952018726 -2.548828125 126.6943359375
-110.856406241655 96.7598089500061 -1.9775390625 0 -5.89159803894145 -4.833984375 139.3505859375
-122.282187491655 114.017678085744 -1.0107421875 0 1.45048529461837 0.087890625 109.9951171875
-122.062460929155 125.580885113719 0.1318359375 0 -2.82662749198775 -0.087890625 94.6142578125
-116.393515616655 128.623834331607 1.1865234375 0 7.84328241165391 -0.439453125 86.6162109375
-103.737265616655 131.058193705918 2.9443359375 0 2.49607435302441 0.3515625 75.5419921875
-91.6083593666554 130.536545268566 4.2626953125 0 -0.521798238559346 -3.515625 53.2177734375
-74.9970312416553 131.840666361946 3.9111328125 0 -1.99500405490324 -2.724609375 35.4638671875
-55.7489843666553 125.233119488817 3.3837890625 0 -1.40097626510396 -0.087890625 21.7529296875
-41.0712499916553 114.93056285111 3.1201171875 0 -7.79223180749022 -3.515625 22.3681640625
-26.2177343666554 100.585230823923 3.2080078125 0 9.05541992232378 -0.615234375 17.9736328125
112.957070320845 -92.6806640625 1.8017578125 0 -2.35141630917296 -1.142578125 51.0205078125
108.914101570845 -76.2890625 2.5048828125 0 -5.72528809828943 -5.888671875 52.2509765625
105.750039070845 -67.8076171875 2.0654296875 0 1.92574951275142 -6.416015625 37.1337890625
104.783242195845 -68.291015625 13.3154296875 0 1.02275253665387 0.966796875 47.2412109375
111.858437508345 -84.7705078125 13.18359375 0 3.68427835785392 0.17578125 54.6240234375
112.473671883345 -95.3173828125 7.55859375 0 -2.8741482861645 -3.251953125 63.8525390625
105.442421883345 -96.5478515625 7.9541015625 0 -1.40097626510396 3.515625 67.1923828125
85.4033593833447 -59.5458984375 10.5029296875 0 0.642549647798354 -3.427734375 65.6982421875
75.8232812583447 -42.890625 10.3271484375 0 -1.70987186489815 -10.546875 51.1962890625
57.9375390708447 -21.26953125 8.26171875 0 -2.47021965732789 -11.77734375 52.0751953125
52.2685937583447 -21.26953125 8.3056640625 0 -4.65613552904802 -0.17578125 63.9404296875
48.4014062583447 -21.5771484375 12.744140625 0 -3.06423087359022 -1.318359375 62.7099609375
62.5517968833447 -43.505859375 7.5146484375 0 1.5693007967004 1.142578125 61.9189453125
80.2178125083447 -68.37890625 7.55859375 0 0.119776833611753 2.8125 78.7060546875
91.7754296958446 -82.265625 6.8115234375 0 -3.9195908492359 -2.900390625 80.2880859375
102.498085945845 -93.955078125 7.119140625 0 1.75940636609736 1.58203125 81.6943359375
92.8301171958446 -95.3173828125 7.822265625 0 -1.37721496199556 2.021484375 90.7470703125
74.9443750083447 -76.7724609375 10.1513671875 0 -4.89372756698519 0.17578125 100.3271484375
58.3769921958447 -59.5458984375 9.9755859375 0 1.45048529461837 -2.373046875 102.6123046875
42.9521875083447 -38.49609375 10.1513671875 0 -2.39893769263103 -0.3515625 103.6669921875
35.9209375083447 -38.1005859375 10.2392578125 0 12.1215858411548 1.318359375 101.2060546875
30.0322656333446 -37.3095703125 11.42578125 0 -4.20470659829233 5.361328125 106.5673828125
25.6377343833446 -37.3095703125 11.77734375 0 -6.15294077292337 -2.98828125 123.0908203125
20.9795312583446 -35.2880859375 12.041015625 0 -6.88944252359177 -3.515625 121.8603515625
22.4736718833446 -47.3291015625 15.8642578125 0 -1.85243822507729 1.0546875 123.7060546875
28.2305078208446 -64.2919921875 11.1181640625 0 -2.75534619023237 -1.845703125 129.6826171875
33.9433984458447 -75.6298828125 9.4482421875 0 -2.85038789644214 -1.845703125 134.6923828125
32.8008203208447 -78.662109375 11.25 0 -8.79002679251017 -8.7890625 149.1064453125
-84.7089453041553 86.220703125 7.822265625 0 -11.3319108655659 0.3515625 103.9306640625
-83.6542578041553 82.7490234375 9.1845703125 0 -16.4151730105451 -3.33984375 119.0478515625
-83.8739843666553 96.0642777002031 9.0087890625 0 -3.63447297876674 1.93359375 80.3759765625
-79.8310156166553 105.975598009896 15.3369140625 0 -13.9923938945528 -2.98828125 67.2802734375
-73.0194921791553 109.627137071362 12.9638671875 0 1.49801145125509 -6.85546875 62.5341796875
-57.7704687416553 102.758765979557 12.1728515625 0 0.595024551868006 -5.361328125 52.2509765625
-47.8827734291553 100.585230823923 11.25 0 -4.94124579778823 -4.74609375 33.6181640625
-37.5116796791553 97.1075745749076 11.2060546875 0 -3.96711028806563 -5.009765625 25.0048828125
-24.2401953041554 87.2314453125 11.07421875 0 1.80693290576692 -7.119140625 13.4033203125
-12.5946874916553 78.5302734375 11.689453125 0 -3.82455179479204 -12.041015625 9.7998046875
3.97269532084465 63.896484375 13.0078125 0 8.31862588812368 -1.93359375 6.9873046875
90.8965234458446 -59.765625 14.0625 0 3.20899233631226 -0.615234375 47.1533203125
103.113320320845 -78.134765625 18.984375 0 1.26038125735284 -1.23046875 52.3388671875
109.089882820845 -95.888671875 5.2734375 0 0.951464207718819 -0.17578125 52.1630859375
98.4990625083446 -96.1962890625 9.755859375 0 -3.06423087359022 3.515625 81.6943359375
84.3486718833447 -95.9765625 11.77734375 0 -5.32138952279983 0.966796875 105.2490234375
73.2744531333447 -95.9765625 11.7333984375 0 -7.29332456974052 0 122.2119140625
-75.9638281166553 113.582971054617 9.6240234375 0 -1.28216960224164 2.900390625 63.8525390625
-83.8300390541553 110.496551133616 9.580078125 0 -1.61482733013807 0.87890625 77.2119140625
-90.6855078041554 107.714426134404 11.5576171875 0 -8.17234724699875 1.40625 102.6123046875
-95.6073828041554 102.106705432867 11.42578125 0 -8.29113254841344 0.52734375 120.6298828125
-103.209921866655 102.193646839092 11.7333984375 0 1.73564311836062 2.63671875 129.2431640625
-122.018515616655 123.755115582986 11.6455078125 0 -3.70575264526647 2.109375 101.0302734375
-122.721640616655 135.448734720299 11.337890625 0 -3.06423087359022 3.076171875 87.1435546875
-122.370078116655 146.577234717148 9.6240234375 0 -2.63654372599941 5.09765625 73.6083984375
-94.7724218666554 140.187041359583 11.3818359375 0 -4.91748668975273 2.021484375 51.4599609375
-46.9599218666553 101.367703479951 13.7548828125 0 -3.77703217917791 1.23046875 36.3427734375
-33.3368749916553 99.2376390274294 15.1171875 0 -3.23055236415599 3.251953125 22.3681640625
109.880898445845 -94.5703125 7.2509765625 0 -3.3018327819894 2.4609375 62.7978515625
109.968789070845 -83.4521484375 8.26171875 0 -2.94542936693939 0.87890625 45.9228515625
102.498085945845 -70.13671875 8.349609375 0 -2.20885180522996 -4.306640625 34.1455078125
116.165078133345 -79.9365234375 9.4921875 0 -0.141606899617585 -7.20703125 44.3408203125
76.4824609458447 -50.0537109375 9.7119140625 0 0.975226969298469 1.142578125 54.6240234375
63.9141015708447 -49.833984375 14.2822265625 0 -6.36676532029835 2.900390625 87.4951171875
42.0732812583447 -33.310546875 14.23828125 0 -1.37721496199556 2.900390625 87.5830078125
25.4619531333446 -17.0947265625 5.009765625 0 -1.82867720187751 6.15234375 85.2099609375
16.5850000083447 -17.2265625 4.6142578125 0 -2.18509100301068 6.15234375 92.2412109375
-24.9433203041554 44.5166015625 1.669921875 0 -2.96918969773362 4.921875 76.8603515625
-40.3241796791553 66.2255859375 1.58203125 0 1.45048529461837 5.361328125 73.7841796875
-64.0107031166553 89.2529296875 0.9228515625 0 1.5693007967004 2.63671875 81.5185546875
-71.4374609291553 107.236248400164 4.8779296875 0 0.856413308720546 4.21875 66.9287109375
-72.5360937416553 102.541412463994 10.7666015625 0 11.2421178292756 7.119140625 70.9716796875
-65.4169531166553 110.018373399376 2.7685546875 0 0.119776833611753 3.69140625 56.9970703125
-51.4423437416553 101.498115589289 7.998046875 0 0.119776833611753 2.109375 41.5283203125
-35.8417578041553 92.2823265293992 10.8544921875 0 0.119776833611753 1.318359375 21.4013671875
-20.7245703041554 73.2568359375 5.7568359375 0 0.0247279970980793 1.494140625 35.4638671875
0.36917969584465 48.6474609375 5.09765625 0 7.32041139373634 6.85546875 42.6708984375
72.5273828208447 -85.869140625 3.9990234375 0 -8.10107588936554 -1.845703125 111.1376953125
59.7392968833447 -85.2099609375 5.712890625 0 -1.42473755348033 1.494140625 114.3896484375
46.3359765708447 -77.783203125 2.724609375 0 -0.498036390365733 1.0546875 121.9482421875
27.9228906333446 -53.8330078125 2.4609375 0 -1.21088542773985 -0.17578125 125.2001953125
66.1113671958447 -69.2138671875 5.3173828125 0 3.56545630001728 4.306640625 94.0869140625
74.7685937583447 -70.0927734375 4.658203125 0 3.35157752402938 1.40625 64.2919921875
80.1738671958447 -62.05078125 7.119140625 0 3.30404906919555 -0.439453125 47.4169921875
82.8545312583447 -78.3984375 3.779296875 0 -1.56730497436583 0.17578125 76.4208984375
78.8994531333447 -89.1650390625 5.2734375 0 -7.48338523590135 -0.52734375 113.0712890625
72.7031640708447 -92.3291015625 9.0966796875 0 -10.3816935698336 -1.7578125 128.1884765625
-65.7685156166553 109.7575491807 2.6806640625 0 -0.331703040513517 1.318359375 60.7763671875
-60.0116796791553 115.930389022702 1.9775390625 0 -0.474274527440086 0.615234375 33.8818359375
-39.5331640541553 100.889525745712 4.39453125 0 -0.450512649782407 1.142578125 30.4541015625
-23.3173437416554 75.1025390625 4.306640625 0 -0.450512649782407 1.40625 41.0888671875
-34.1718359291553 72.9052734375 4.21875 0 6.82131389178241 -1.494140625 55.1513671875
-42.3896093666553 71.3232421875 3.7353515625 0 -9.3601836876087 1.40625 65.0830078125
-56.8476171791553 71.4111328125 3.5595703125 0 -1.02079364752565 -1.58203125 74.3994140625
-70.0312109291553 75.8935546875 3.5595703125 0 -7.86350373967271 -1.494140625 116.2353515625
-67.7021093666553 79.6728515625 -3.7353515625 0 -3.63447297876674 0.3515625 95.6689453125
-44.8066015541553 54.755859375 -3.779296875 0 -2.80286707280132 1.494140625 94.1748046875
-58.4296484291553 79.453125 -3.9990234375 0 -3.13551160079632 1.494140625 77.4755859375
-69.7235937416553 98.0639300433868 -3.9990234375 0 -4.20470659829233 1.0546875 66.1376953125
-70.6024999916553 109.583666368249 -4.04296875 0 -1.23464683397248 2.197265625 57.7001953125
-58.2538671791553 109.453254258911 -4.04296875 0 -1.28216960224164 1.93359375 42.2314453125
-63.2636328041553 123.01611363007 -4.306640625 0 1.5693007967004 0 32.9150390625
-71.4374609291553 128.18912730048 -2.4609375 0 -7.79223180749022 4.833984375 38.9794921875
-52.1015234291553 110.018373399376 -2.4609375 0 7.41547832118636 -5.80078125 31.1572265625
80.9648828208447 -86.220703125 -5.712890625 0 -2.77910663888286 6.416015625 93.9111328125
72.1758203208447 -82.177734375 -3.5595703125 0 -6.77065287622739 -0.087890625 107.0068359375
52.3125390708447 -67.1484375 -2.98828125 0 -4.48982022593604 2.900390625 115.7080078125
49.0605859458447 -70.7080078125 -3.779296875 0 -6.24797405241036 -0.966796875 136.0986328125
66.0674218833447 -89.9560546875 -3.779296875 0 -4.75117252100728 -1.494140625 135.7470703125
57.2344140708447 -91.0986328125 -4.6142578125 0 -4.75117252100728 0.966796875 134.5166015625
-70.8222265541553 114.452385116871 -6.8115234375 0 0.0722523858908505 1.40625 62.9736328125
-46.3886328041553 82.6611328125 -2.9443359375 0 -0.0227963327665606 1.0546875 57.5244140625
-48.2343359291553 96.8467503562315 -1.7578125 0 -4.01462966796724 -0.52734375 73.6962890625
-41.5107031166553 93.1517405916529 -1.0986328125 0 -0.545560072020927 2.4609375 25.3564453125
-21.9110937416554 66.4892578125 -0.439453125 0 -0.59308369474799 0 44.3408203125
