-0.23069600760936737 0.9413855075836182 0.2461150586605072 26.272504806518555 
-0.9664900302886963 -0.2509627640247345 0.05398831143975258 -90.316650390625 
0.112589530646801 -0.22541286051273346 0.9677358269691467 -1286.3419189453125 
0.0 0.0 0.0 1.0
0.0009785627480596304 0.9384794235229492 0.3453337252140045 21.111753463745117 
-0.909142017364502 -0.1429915726184845 0.3911702632904053 11.101508140563965 
0.4164850413799286 -0.314340204000473 0.8530711531639099 -1330.9190673828125 
0.0 0.0 0.0 1.0
0.14790193736553192 0.943027913570404 0.29803258180618286 9.845076560974121 
-0.8733827471733093 -0.016850218176841736 0.48674285411834717 26.961530685424805 
0.4640340209007263 -0.3322867155075073 0.8211321234703064 -1416.9891357421875 
0.0 0.0 0.0 1.0
0.03593868017196655 0.9626194834709167 0.26846250891685486 -70.45345306396484 
-0.8633561134338379 -0.10538893938064575 0.49346673488616943 228.40126037597656 
0.5033136606216431 -0.24951331317424774 0.8272958993911743 -1437.882080078125 
0.0 0.0 0.0 1.0
0.07417245954275131 0.9526367783546448 0.2949262857437134 -137.1808624267578 
-0.8603510856628418 -0.08841880410909653 0.5019741058349609 273.185302734375 
0.5042760968208313 -0.2909727990627289 0.8130439519882202 -1542.3348388671875 
0.0 0.0 0.0 1.0
0.11224464327096939 0.9474536776542664 0.29955416917800903 -171.0679931640625 
-0.8411452770233154 -0.06990174204111099 0.5362726449966431 175.4998321533203 
0.529032826423645 -0.31216228008270264 0.7891001105308533 -1591.4656982421875 
0.0 0.0 0.0 1.0
0.0416250079870224 0.9566602110862732 0.28821635246276855 -83.53549194335938 
-0.8979484438896179 -0.09067552536725998 0.43065837025642395 35.232688903808594 
0.43812787532806396 -0.276729553937912 0.8552570939064026 -1577.5267333984375 
0.0 0.0 0.0 1.0
0.04272185266017914 0.9625342488288879 0.26777350902557373 -185.91610717773438 
-0.8885529041290283 -0.0859321802854538 0.45065438747406006 28.192867279052734 
0.45678064227104187 -0.257183700799942 0.8515914678573608 -1589.6231689453125 
0.0 0.0 0.0 1.0
0.06513383239507675 0.95832759141922 0.2781470715999603 -168.3407440185547 
-0.874559760093689 -0.07940342277288437 0.47837257385253906 111.90470123291016 
0.4805234372615814 -0.2744144797325134 0.8329429030418396 -1585.7574462890625 
0.0 0.0 0.0 1.0
-0.047378700226545334 0.9433345794677734 0.32844337821006775 -94.33184814453125 
-0.9520881175994873 -0.1421046406030655 0.27080321311950684 90.70768737792969 
0.3021313548088074 -0.29987671971321106 0.9048704504966736 -1501.020751953125 
0.0 0.0 0.0 1.0
0.1140744537115097 0.9762477874755859 0.18419377505779266 -18.39625358581543 
-0.9194858074188232 0.03353964909911156 0.39168986678123474 120.86678314208984 
0.3762085437774658 -0.21404536068439484 0.9014719724655151 -1400.07958984375 
0.0 0.0 0.0 1.0
-0.08036039769649506 0.910323441028595 0.4060214161872864 -22.296470642089844 
-0.8254438638687134 -0.2891097962856293 0.4848276674747467 41.87269592285156 
0.5587347745895386 -0.29618698358535767 0.7746539115905762 -1355.857421875 
0.0 0.0 0.0 1.0
0.1283162236213684 0.9623757004737854 0.23951639235019684 56.60474395751953 
-0.821704626083374 -0.03205562010407448 0.5690114498138428 107.54409790039062 
0.5552806258201599 -0.2698251008987427 0.786675214767456 -1363.687744140625 
0.0 0.0 0.0 1.0
0.07419140636920929 0.9833438992500305 0.16592276096343994 50.32012176513672 
-0.7931792140007019 -0.04266025125980377 0.607492208480835 -13.872233390808105 
0.6044520735740662 -0.1766771823167801 0.7768029570579529 -1306.8641357421875 
0.0 0.0 0.0 1.0
0.1376483291387558 0.9690514802932739 0.20491988956928253 20.364578247070312 
-0.7590688467025757 -0.029700683429837227 0.6503325700759888 -99.32865142822266 
0.6362919807434082 -0.24506548047065735 0.7314885258674622 -1317.1170654296875 
0.0 0.0 0.0 1.0
0.054822228848934174 0.9820052981376648 0.180721253156662 16.865772247314453 
-0.816361129283905 -0.06013413518667221 0.5744026899337769 -168.53125 
0.5749339461326599 -0.17902381718158722 0.7983742356300354 -1308.7862548828125 
0.0 0.0 0.0 1.0
-0.0030462665017694235 0.9819459915161133 0.1891368329524994 -26.03615951538086 
-0.8425183892250061 -0.10440140962600708 0.5284534692764282 -267.247314453125 
0.5386589169502258 -0.1577414721250534 0.8276256322860718 -1347.484619140625 
0.0 0.0 0.0 1.0
0.09684358537197113 0.9863722920417786 0.13300785422325134 -44.92539596557617 
-0.7250503301620483 -0.021635103970766068 0.6883559823036194 -315.3656311035156 
0.6818528771400452 -0.1631002426147461 0.7130743265151978 -1401.7860107421875 
0.0 0.0 0.0 1.0
0.11155177652835846 0.9594623446464539 0.2588208317756653 -63.335655212402344 
-0.8527854084968567 -0.04129316657781601 0.5206264853477478 -275.8430480957031 
0.5102090239524841 -0.27879542112350464 0.8136091828346252 -1426.4254150390625 
0.0 0.0 0.0 1.0
0.030195916071534157 0.9833419322967529 0.17923948168754578 -45.13290023803711 
-0.8290022611618042 -0.07554599642753601 0.5541192293167114 -194.86990356445312 
0.558429479598999 -0.16532208025455475 0.8129115104675293 -1377.8436279296875 
0.0 0.0 0.0 1.0
0.10370313376188278 0.9587106704711914 0.26480087637901306 -45.245811462402344 
-0.8473182916641235 -0.05426686257123947 0.5283055901527405 -105.96389770507812 
0.5208621621131897 -0.2791575789451599 0.8067054748535156 -1392.3956298828125 
0.0 0.0 0.0 1.0
0.07935326546430588 0.9676802754402161 0.23936986923217773 -14.13302230834961 
-0.7947770357131958 -0.08352290838956833 0.6011267304420471 -8.593945503234863 
0.6016913652420044 -0.23794704675674438 0.7624622583389282 -1380.03515625 
0.0 0.0 0.0 1.0
0.0793554037809372 0.956388533115387 0.28111159801483154 1.5973358154296875 
-0.7968554496765137 -0.10857448726892471 0.594334065914154 105.203857421875 
0.5989357829093933 -0.27116891741752625 0.7534874677658081 -1373.8929443359375 
0.0 0.0 0.0 1.0
0.12678919732570648 0.9670277833938599 0.22086580097675323 -46.18687438964844 
-0.7204594612121582 -0.06327066570520401 0.6906047463417053 193.12460327148438 
0.681808352470398 -0.24668608605861664 0.6886823177337646 -1427.668212890625 
0.0 0.0 0.0 1.0
0.08165667206048965 0.9890699982643127 0.12277083843946457 -20.5368709564209 
-0.8506139516830444 0.004963662475347519 0.5257673263549805 296.0541076660156 
0.5194113254547119 -0.14736297726631165 0.8417220711708069 -1397.2427978515625 
0.0 0.0 0.0 1.0
0.14079298079013824 0.9696635603904724 0.199824720621109 -13.832494735717773 
-0.8066155910491943 -0.0046842340379953384 0.5910578370094299 406.10528564453125 
0.574063241481781 -0.24439851939678192 0.7814862132072449 -1442.076171875 
0.0 0.0 0.0 1.0
-0.11658191680908203 0.9686387181282043 0.21942581236362457 10.786474227905273 
-0.9840335845947266 -0.14257027208805084 0.10654424875974655 457.15045166015625 
0.13448646664619446 -0.20350123941898346 0.9697940945625305 -1414.263916015625 
0.0 0.0 0.0 1.0
-0.11664670705795288 0.9686335325241089 0.21941417455673218 10.820035934448242 
-0.9841212630271912 -0.1424872875213623 0.10584305226802826 457.1435546875 
0.1337868571281433 -0.20358392596244812 0.9698735475540161 -1414.24658203125 
0.0 0.0 0.0 1.0
-0.08571331948041916 0.9353249073028564 0.34325000643730164 -20.984716415405273 
-0.9144572615623474 -0.21061499416828156 0.3455565273761749 410.7657775878906 
0.3955012261867523 -0.28426864743232727 0.8733671307563782 -1455.7415771484375 
0.0 0.0 0.0 1.0
-0.0002667896915227175 0.9515307545661926 0.30755358934402466 -38.87836837768555 
-0.88333660364151 -0.1443866491317749 0.4459472596645355 294.0067443847656 
0.4687391519546509 -0.2715543508529663 0.8405604362487793 -1431.0010986328125 
0.0 0.0 0.0 1.0
0.09115985780954361 0.9694446325302124 0.22774307429790497 -30.494382858276367 
-0.8179282546043396 -0.05756435915827751 0.5724331140518188 230.7481689453125 
0.5680521130561829 -0.23846040666103363 0.7876886129379272 -1409.6500244140625 
0.0 0.0 0.0 1.0
0.07099255174398422 0.9793647527694702 0.18922127783298492 -37.48702621459961 
-0.7811412215232849 -0.06338348239660263 0.6211286783218384 142.86105346679688 
0.620305061340332 -0.19190403819084167 0.7605224847793579 -1408.3052978515625 
0.0 0.0 0.0 1.0
0.03487580642104149 0.9858253002166748 0.16411003470420837 -32.5615119934082 
-0.8035981059074402 -0.06996214389801025 0.5910460352897644 51.41054916381836 
0.594149649143219 -0.1524917185306549 0.7897673845291138 -1397.356201171875 
0.0 0.0 0.0 1.0
0.007690103258937597 0.9823881983757019 0.18669283390045166 -23.204910278320312 
-0.8125229477882385 -0.10268697142601013 0.5738133788108826 -28.045743942260742 
0.5828784108161926 -0.1561049073934555 0.7974233627319336 -1382.891845703125 
0.0 0.0 0.0 1.0
0.09480283409357071 0.982566773891449 0.15992167592048645 -24.835952758789062 
-0.7279667854309082 -0.04115067422389984 0.6843762993812561 -111.75411224365234 
0.6790263056755066 -0.18129846453666687 0.711374819278717 -1389.1939697265625 
0.0 0.0 0.0 1.0
0.07348903268575668 0.966237485408783 0.24695038795471191 -46.309654235839844 
-0.8077185153961182 -0.08757724612951279 0.5830274224281311 -211.1563262939453 
0.5849701762199402 -0.24231253564357758 0.7740119695663452 -1414.825439453125 
0.0 0.0 0.0 1.0
0.06017346680164337 0.9728270769119263 0.22357681393623352 -59.429298400878906 
-0.8188948035240173 -0.07996608316898346 0.5683456063270569 -290.0055847167969 
0.5707805752754211 -0.21728523075580597 0.7918311953544617 -1433.8167724609375 
0.0 0.0 0.0 1.0
0.0171529408544302 0.966617226600647 0.25565004348754883 -61.90304183959961 
-0.7325252294540405 -0.16187801957130432 0.661212682723999 -344.36614990234375 
0.6805237531661987 -0.19861182570457458 0.7052948474884033 -1426.37158203125 
0.0 0.0 0.0 1.0
0.08834920078516006 0.9690613746643066 0.23046572506427765 -98.73152923583984 
-0.8223021626472473 -0.05961982160806656 0.5659192800521851 -328.1084899902344 
0.5621508359909058 -0.23951098322868347 0.7915939092636108 -1477.4241943359375 
0.0 0.0 0.0 1.0
0.14016178250312805 0.959689736366272 0.24361920356750488 -102.3375473022461 
-0.8001645803451538 -0.0351308174431324 0.5987507104873657 -264.18939208984375 
0.5831735134124756 -0.27885740995407104 0.7629857063293457 -1484.4798583984375 
0.0 0.0 0.0 1.0
0.12303653359413147 0.9666178226470947 0.22474850714206696 -100.76785278320312 
-0.8207514882087708 -0.02819792367517948 0.570589005947113 -205.53684997558594 
0.5578789710998535 -0.2546660006046295 0.7898837327957153 -1480.3089599609375 
0.0 0.0 0.0 1.0
0.11374982446432114 0.9788811206817627 0.16986083984375 -94.89561462402344 
-0.8652802109718323 0.013594582676887512 0.5011041760444641 -119.71575164794922 
0.4882122278213501 -0.20397774875164032 0.8485528230667114 -1456.5802001953125 
0.0 0.0 0.0 1.0
-0.021479982882738113 0.9208170771598816 0.38940271735191345 -82.95539093017578 
-0.7956142425537109 -0.2516058683395386 0.551082968711853 -127.42847442626953 
0.6054226160049438 -0.297977089881897 0.7380197048187256 -1472.404052734375 
0.0 0.0 0.0 1.0
0.03962874412536621 0.9547181129455566 0.29486083984375 -69.31634521484375 
-0.8558565974235535 -0.11986511200666428 0.5031319856643677 -13.331805229187012 
0.5156927704811096 -0.27229708433151245 0.8123517036437988 -1456.9344482421875 
0.0 0.0 0.0 1.0
0.03631393238902092 0.9561837315559387 0.29050642251968384 -58.8011474609375 
-0.8465849757194519 -0.12503185868263245 0.5173595547676086 59.21542739868164 
0.5310133695602417 -0.2647257149219513 0.8049504160881042 -1438.5220947265625 
0.0 0.0 0.0 1.0
0.12251269072294235 0.9704776406288147 0.2077588587999344 -69.05827331542969 
-0.7756150364875793 -0.03698253259062767 0.6301218867301941 150.34274291992188 
0.6192026734352112 -0.23833882808685303 0.7481862306594849 -1430.0999755859375 
0.0 0.0 0.0 1.0
0.08407379686832428 0.9749509692192078 0.20591804385185242 -61.383628845214844 
-0.79911869764328 -0.05748017504811287 0.5984191298484802 249.04037475585938 
0.5952654480934143 -0.2148643285036087 0.7742689251899719 -1438.8836669921875 
0.0 0.0 0.0 1.0
-0.0008153437520377338 0.9766810536384583 0.2146938592195511 -57.85267639160156 
-0.926339328289032 -0.08161060512065887 0.3677433729171753 327.8646240234375 
0.37668925523757935 -0.19857953488826752 0.9048045873641968 -1458.95458984375 
0.0 0.0 0.0 1.0
-0.07476166635751724 0.9862263798713684 0.14754065871238708 -50.35888671875 
-0.9386528134346008 -0.11954827606678009 0.32347971200942993 394.1770324707031 
0.3366624712944031 -0.11430557817220688 0.9346617460250854 -1451.1953125 
0.0 0.0 0.0 1.0
-0.026586364954710007 0.9776984453201294 0.20832395553588867 -23.83758544921875 
-0.9374656677246094 -0.09673742204904556 0.3343649208545685 403.8172607421875 
0.34706079959869385 -0.18640701472759247 0.9191306829452515 -1431.248291015625 
0.0 0.0 0.0 1.0
-0.04612704738974571 0.9586309194564819 0.28088971972465515 -89.2003402709961 
-0.9368501305580139 -0.13910004496574402 0.3208785653114319 369.63714599609375 
0.3466758728027344 -0.2483503669500351 0.9045097827911377 -1464.4898681640625 
0.0 0.0 0.0 1.0
0.061224959790706635 0.9776283502578735 0.20123210549354553 -67.13249969482422 
-0.9556326866149902 -0.0007838882156647742 0.2945599853992462 447.9958801269531 
0.28812792897224426 -0.21033841371536255 0.9342055916786194 -1448.800048828125 
0.0 0.0 0.0 1.0
-0.026799846440553665 0.9708102941513062 0.23834678530693054 -65.82393646240234 
-0.9714269638061523 -0.08153987675905228 0.22289228439331055 494.6040344238281 
0.23582087457180023 -0.22556301951408386 0.9452564716339111 -1450.8046875 
0.0 0.0 0.0 1.0
-0.11898794770240784 0.9680818319320679 0.22058850526809692 -61.07948303222656 
-0.9620370268821716 -0.16736648976802826 0.21557630598545074 471.4893798828125 
0.24561463296413422 -0.18656334280967712 0.9512452483177185 -1448.8465576171875 
0.0 0.0 0.0 1.0
-0.06123700737953186 0.9624646306037903 0.26440855860710144 -84.79840087890625 
-0.9305816292762756 -0.15084470808506012 0.33356207609176636 411.89471435546875 
0.3609263300895691 -0.22562739253044128 0.9048891663551331 -1475.7628173828125 
0.0 0.0 0.0 1.0
0.1198817640542984 0.9470087885856628 0.29799771308898926 -73.1610336303711 
-0.8247362375259399 -0.07209744304418564 0.5609028339385986 345.5674743652344 
0.5526648163795471 -0.3130115270614624 0.7723894119262695 -1485.0416259765625 
0.0 0.0 0.0 1.0
0.15781021118164062 0.9492179751396179 0.27217862010002136 -52.11479187011719 
-0.8360070586204529 -0.018263766542077065 0.5484146475791931 234.52142333984375 
0.525536060333252 -0.31408870220184326 0.7906706929206848 -1451.1351318359375 
0.0 0.0 0.0 1.0
0.01889529451727867 0.9671856164932251 0.25336742401123047 -74.13079071044922 
-0.8181251883506775 -0.13071301579475403 0.55998694896698 49.02411651611328 
0.5747296810150146 -0.2178673893213272 0.7888089418411255 -1421.8638916015625 
0.0 0.0 0.0 1.0
0.05117061361670494 0.9690731167793274 0.24141022562980652 -105.23541259765625 
-0.8301205039024353 -0.09311821311712265 0.5497535467147827 -73.16212463378906 
0.5552310347557068 -0.22853080928325653 0.7996825575828552 -1458.8441162109375 
0.0 0.0 0.0 1.0
0.11198718845844269 0.9714393615722656 0.2091994732618332 -119.6969223022461 
-0.7602099180221558 -0.05182547867298126 0.6476070880889893 -187.51353454589844 
0.6399528980255127 -0.23155920207500458 0.7326940298080444 -1493.047607421875 
0.0 0.0 0.0 1.0
0.1578221321105957 0.9689050912857056 0.1905653476715088 -135.97708129882812 
-0.6824187636375427 -0.03246724233031273 0.7302400469779968 -260.2806701660156 
0.7137203812599182 -0.24529343843460083 0.6560749411582947 -1513.0152587890625 
0.0 0.0 0.0 1.0
0.24544842541217804 0.9602269530296326 0.13311393558979034 -146.35751342773438 
-0.5726766586303711 0.032831624150276184 0.8191236853599548 -308.13262939453125 
0.7821742296218872 -0.2772838771343231 0.5579580068588257 -1546.216796875 
0.0 0.0 0.0 1.0
0.13000550866127014 0.9680061340332031 0.21462221443653107 -173.83258056640625 
-0.743964433670044 -0.04785808548331261 0.6665031909942627 -382.5624084472656 
0.6554505825042725 -0.24632038176059723 0.7139403223991394 -1574.6195068359375 
0.0 0.0 0.0 1.0
0.10457552224397659 0.9626038670539856 0.24991543591022491 -196.40049743652344 
-0.8005109429359436 -0.06763745844364166 0.5954892039299011 -360.165771484375 
0.5901238322257996 -0.2623336613178253 0.763501763343811 -1620.2841796875 
0.0 0.0 0.0 1.0
0.12761200964450836 0.9629578590393066 0.2375444918870926 -179.17315673828125 
-0.7808668613433838 -0.05012369900941849 0.6226833462715149 -311.9042053222656 
0.6115244030952454 -0.26495248079299927 0.745545506477356 -1619.7349853515625 
0.0 0.0 0.0 1.0
0.11017968505620956 0.9559006094932556 0.2722397744655609 -180.70864868164062 
-0.805608332157135 -0.07453175634145737 0.5877416133880615 -272.25347900390625 
0.5821130871772766 -0.2840757966041565 0.7618696093559265 -1619.311279296875 
0.0 0.0 0.0 1.0
0.20688793063163757 0.9631882905960083 0.17165584862232208 -155.7447509765625 
-0.7185612916946411 0.030519753694534302 0.6947936415672302 -191.88450622558594 
0.6639782190322876 -0.2670896649360657 0.6984239816665649 -1571.5208740234375 
0.0 0.0 0.0 1.0
0.19157908856868744 0.9449321627616882 0.26533135771751404 -125.97283935546875 
-0.8835723996162415 0.04834708571434021 0.4657922387123108 -88.96702575683594 
0.42731404304504395 -0.3236755132675171 0.8441781997680664 -1513.9927978515625 
0.0 0.0 0.0 1.0
0.1685217171907425 0.9461321830749512 0.27646756172180176 -76.0672607421875 
-0.8488075137138367 -0.0033014570362865925 0.5286917090415955 -50.63105010986328 
0.5011249780654907 -0.32376375794410706 0.8025277256965637 -1494.9190673828125 
0.0 0.0 0.0 1.0
0.08003874868154526 0.9459261894226074 0.3143523037433624 121.0739974975586 
-0.8632646203041077 -0.09189256280660629 0.49631640315055847 47.004112243652344 
0.4983653426170349 -0.3110937476158142 0.8092296719551086 -1319.24853515625 
0.0 0.0 0.0 1.0
0.06502806395292282 0.9592919945716858 0.27482759952545166 118.5595703125 
-0.8848044872283936 -0.07191538065671921 0.460379421710968 138.7543182373047 
0.46140262484550476 -0.27310627698898315 0.8441093564033508 -1297.29296875 
0.0 0.0 0.0 1.0
0.024214718490839005 0.9524744153022766 0.30365461111068726 122.99098205566406 
-0.9259069561958313 -0.09316971898078918 0.366081565618515 212.54441833496094 
0.3769747316837311 -0.2900204658508301 0.8796465992927551 -1309.8167724609375 
0.0 0.0 0.0 1.0
-0.05383404344320297 0.9561439156532288 0.28790733218193054 128.76210021972656 
-0.9638223648071289 -0.12513242661952972 0.23534713685512543 275.340576171875 
0.2610522508621216 -0.264821857213974 0.9282893538475037 -1317.1500244140625 
0.0 0.0 0.0 1.0
-0.012451236136257648 0.9550681114196777 0.296124666929245 119.79032897949219 
-0.9437066912651062 -0.10912298411130905 0.31226566433906555 326.4043273925781 
0.3305490016937256 -0.2755667269229889 0.9026629328727722 -1326.9425048828125 
0.0 0.0 0.0 1.0
0.02492814138531685 0.9497196674346924 0.3121076822280884 105.57608795166016 
-0.9202107787132263 -0.10019467771053314 0.37838223576545715 304.9786682128906 
0.3906285762786865 -0.2966372072696686 0.871444582939148 -1338.61376953125 
0.0 0.0 0.0 1.0
-0.105296291410923 0.9571337103843689 0.2698289155960083 99.78388214111328 
-0.9697392582893372 -0.15892989933490753 0.1853293478488922 349.69189453125 
0.2202688753604889 -0.242149218916893 0.9449049830436707 -1339.3729248046875 
0.0 0.0 0.0 1.0
-0.06907962262630463 0.9507017731666565 0.3023146688938141 93.67623901367188 
-0.9560947418212891 -0.1496036946773529 0.25199517607688904 341.1666259765625 
0.28479963541030884 -0.27163374423980713 0.9192955493927002 -1368.8392333984375 
0.0 0.0 0.0 1.0
0.023281194269657135 0.9521318078041077 0.30479997396469116 64.58857727050781 
-0.9139874577522278 -0.10326233506202698 0.3923821747303009 247.468017578125 
0.4050739109516144 -0.2877184748649597 0.8678324818611145 -1386.998291015625 
0.0 0.0 0.0 1.0
0.09008069336414337 0.9612606763839722 0.26050591468811035 65.75865173339844 
-0.8461022973060608 -0.06411309540271759 0.529150664806366 165.23123168945312 
0.5253535509109497 -0.2680809199810028 0.8075495362281799 -1371.921142578125 
0.0 0.0 0.0 1.0
0.08084861189126968 0.9615989327430725 0.26228052377700806 61.45088195800781 
-0.8602650165557861 -0.06557927280664444 0.5056120157241821 85.379150390625 
0.5033960938453674 -0.2665087878704071 0.8219278454780579 -1382.796630859375 
0.0 0.0 0.0 1.0
0.10215336084365845 0.960376501083374 0.2593100666999817 55.77156066894531 
-0.8511908650398254 -0.05051833391189575 0.5224193930625916 -0.860414981842041 
0.5148192644119263 -0.2740892469882965 0.8123030662536621 -1403.1513671875 
0.0 0.0 0.0 1.0
0.07870624959468842 0.9644843339920044 0.25214123725891113 52.12565612792969 
-0.8457188606262207 -0.06930826604366302 0.5291086435317993 -65.78117370605469 
0.5277924537658691 -0.2548847794532776 0.810227632522583 -1399.60693359375 
0.0 0.0 0.0 1.0
0.05212988704442978 0.9762549996376038 0.21025864779949188 51.095130920410156 
-0.887179970741272 -0.051386378705501556 0.4585533142089844 -111.90126037597656 
0.4584693908691406 -0.21044158935546875 0.8634350895881653 -1402.182861328125 
0.0 0.0 0.0 1.0
0.0831078439950943 0.9718016982078552 0.2206684798002243 49.210365295410156 
-0.8472843766212463 -0.04766090214252472 0.5289968252182007 -165.34182739257812 
0.5245972275733948 -0.23093274235725403 0.8194313645362854 -1413.2633056640625 
0.0 0.0 0.0 1.0
0.15392102301120758 0.9597023725509644 0.23511631786823273 35.581459045410156 
-0.7556396126747131 -0.03898748382925987 0.6538262367248535 -225.50180053710938 
0.6366451978683472 -0.27830076217651367 0.7191881537437439 -1436.2955322265625 
0.0 0.0 0.0 1.0
0.11575189232826233 0.9718332290649414 0.20528437197208405 22.045555114746094 
-0.7639026045799255 -0.04499831423163414 0.6437608003616333 -278.37994384765625 
0.6348655819892883 -0.23133376240730286 0.737177312374115 -1438.0137939453125 
0.0 0.0 0.0 1.0
0.12996917963027954 0.9643344283103943 0.2305799424648285 3.4376306533813477 
-0.826591968536377 -0.023052586242556572 0.5623294115066528 -326.8960876464844 
0.5475890636444092 -0.263681024312973 0.7941149473190308 -1460.2197265625 
0.0 0.0 0.0 1.0
0.08416690677404404 0.9628269672393799 0.25667139887809753 -30.560937881469727 
-0.8028208613395691 -0.08705779165029526 0.5898301601409912 -386.33935546875 
0.5902495980262756 -0.255705326795578 0.7656501531600952 -1492.5645751953125 
0.0 0.0 0.0 1.0
0.07318711280822754 0.9620233774185181 0.2629726231098175 -55.38026428222656 
-0.8403126001358032 -0.0825304388999939 0.535783052444458 -364.93719482421875 
0.5371390581130981 -0.2601916491985321 0.8023602366447449 -1509.1636962890625 
0.0 0.0 0.0 1.0
0.11622215062379837 0.9476879239082336 0.29728779196739197 -46.261940002441406 
-0.849851131439209 -0.06002647802233696 0.5235932469367981 -307.92108154296875 
0.5140480995178223 -0.3135035037994385 0.7984172105789185 -1521.4295654296875 
0.0 0.0 0.0 1.0
0.10498333722352982 0.9527438282966614 0.2850574553012848 -49.168739318847656 
-0.8340976238250732 -0.07173074036836624 0.546933114528656 -242.32540893554688 
0.5415345430374146 -0.2951846122741699 0.7871508002281189 -1505.428466796875 
0.0 0.0 0.0 1.0
0.08332986384630203 0.9664321541786194 0.24303290247917175 -39.51401901245117 
-0.8140639662742615 -0.07464665919542313 0.5759580731391907 -151.603759765625 
0.5747659802436829 -0.24583885073661804 0.7805173397064209 -1483.3223876953125 
0.0 0.0 0.0 1.0
0.1429286152124405 0.9739789366722107 0.17588773369789124 -26.21938705444336 
-0.8248314261436462 0.018999377265572548 0.5650594234466553 -98.77542114257812 
0.5470141768455505 -0.22584088146686554 0.8060839772224426 -1482.440673828125 
0.0 0.0 0.0 1.0
0.13076503574848175 0.9708669185638428 0.20079311728477478 -12.469158172607422 
-0.8715909719467163 0.016058718785643578 0.48997071385383606 -33.12417984008789 
0.47247186303138733 -0.2390805184841156 0.8482987880706787 -1494.8140869140625 
0.0 0.0 0.0 1.0
0.11251045763492584 0.967268168926239 0.2274503856897354 0.9209747314453125 
-0.8901711702346802 -0.0035931766033172607 0.45561203360557556 39.44768524169922 
0.44151630997657776 -0.2537308931350708 0.8606299757957458 -1476.1463623046875 
0.0 0.0 0.0 1.0
0.0472746416926384 0.9565622210502625 0.28766947984695435 -33.76783752441406 
-0.853177011013031 -0.11110370606184006 0.5096517205238342 40.89326477050781 
0.5194748044013977 -0.26952657103538513 0.8108645677566528 -1501.62353515625 
0.0 0.0 0.0 1.0
0.08342377096414566 0.9583739638328552 0.27305641770362854 -17.412708282470703 
-0.8436831831932068 -0.07789591699838638 0.5311599969863892 113.68978881835938 
0.5303199291229248 -0.27468445897102356 0.8020656108856201 -1507.327392578125 
0.0 0.0 0.0 1.0
0.07226013392210007 0.9593693614006042 0.2727433145046234 3.1385107040405273 
-0.932819128036499 -0.03178435191512108 0.35894033312797546 191.7488250732422 
0.3530253469944 -0.2803572416305542 0.8926213979721069 -1492.5496826171875 
0.0 0.0 0.0 1.0
0.11052419245243073 0.9777351021766663 0.1783772110939026 20.13810157775879 
-0.9124184846878052 0.028659271076321602 0.40825366973876953 269.6729736328125 
0.39405182003974915 -0.20787657797336578 0.8952711820602417 -1472.0843505859375 
0.0 0.0 0.0 1.0
-0.0772382989525795 0.9343540668487549 0.3478747010231018 21.983478546142578 
-0.9161677956581116 -0.20414873957633972 0.34490564465522766 293.71807861328125 
0.3932821452617645 -0.292071670293808 0.8717931509017944 -1481.63671875 
0.0 0.0 0.0 1.0
-0.254168838262558 0.9339961409568787 0.25109612941741943 42.322975158691406 
-0.9624200463294983 -0.21857903897762299 -0.16115425527095795 337.31060791015625 
-0.0956331118941307 -0.282620370388031 0.9544527530670166 -1466.806884765625 
0.0 0.0 0.0 1.0
-0.17959915101528168 0.9582112431526184 0.22265541553497314 37.72400665283203 
-0.9836660027503967 -0.17769891023635864 -0.028710251674056053 391.7893371582031 
0.012055142782628536 -0.22417490184307098 0.9744743704795837 -1467.9918212890625 
0.0 0.0 0.0 1.0
-0.040701303631067276 0.9742797613143921 0.22163547575473785 10.81193733215332 
-0.9604824185371399 -0.09927888959646225 0.2600329518318176 373.2057189941406 
0.27534857392311096 -0.2022933065891266 0.9398194551467896 -1486.8441162109375 
0.0 0.0 0.0 1.0
0.039065562188625336 0.97594153881073 0.214504212141037 -5.245052337646484 
-0.9190519452095032 -0.049163125455379486 0.39105814695358276 330.0929260253906 
0.39219561219215393 -0.2124173939228058 0.8950203657150269 -1504.305908203125 
0.0 0.0 0.0 1.0
0.0583466961979866 0.9565025568008423 0.2858296036720276 -26.430818557739258 
-0.8932807445526123 -0.07780516892671585 0.4427141547203064 254.8439178466797 
0.44569623470306396 -0.281156986951828 0.8498856425285339 -1523.180908203125 
0.0 0.0 0.0 1.0
0.028611699119210243 0.9467443823814392 0.32071247696876526 -43.15116882324219 
-0.9475522041320801 -0.0764838233590126 0.310314416885376 177.0443115234375 
0.318317711353302 -0.31277045607566833 0.8949013948440552 -1548.671142578125 
0.0 0.0 0.0 1.0
0.10307849943637848 0.964944064617157 0.2413666993379593 -51.60332489013672 
-0.8700219392776489 -0.030150607228279114 0.49209028482437134 130.44198608398438 
0.4821169376373291 -0.2607182264328003 0.8364145159721375 -1548.753173828125 
0.0 0.0 0.0 1.0
0.08695022016763687 0.966391921043396 0.24192209541797638 -59.000709533691406 
-0.8485245704650879 -0.055393438786268234 0.5262486338615417 67.47178649902344 
0.521963357925415 -0.2510342597961426 0.8151907920837402 -1549.5938720703125 
0.0 0.0 0.0 1.0
0.15296192467212677 0.9778762459754944 0.14269106090068817 -58.485267639160156 
-0.911662757396698 0.08390383422374725 0.4022825062274933 36.69900131225586 
0.3814101815223694 -0.19162000715732574 0.904327392578125 -1551.5938720703125 
0.0 0.0 0.0 1.0
-0.10224930942058563 0.9542394876480103 0.28101980686187744 -55.47563934326172 
-0.8105189800262451 -0.24369974434375763 0.5326062440872192 -112.23206329345703 
0.5767183899879456 -0.17331326007843018 0.7983473539352417 -1535.3880615234375 
0.0 0.0 0.0 1.0
-0.05096251890063286 0.9851994514465332 0.16366079449653625 -36.463165283203125 
-0.7567389607429504 -0.14503347873687744 0.6374256610870361 -159.360107421875 
0.6517276763916016 -0.09136367589235306 0.7529301047325134 -1513.99462890625 
0.0 0.0 0.0 1.0
0.1202717125415802 0.9927043318748474 -0.00853314995765686 -30.954177856445312 
-0.7870956659317017 0.10059228539466858 0.6085734963417053 -154.08409118652344 
0.6049919128417969 -0.06647774577140808 0.7934516668319702 -1488.6683349609375 
0.0 0.0 0.0 1.0
0.12622621655464172 0.9686205387115479 0.21410569548606873 -65.78443908691406 
-0.6580307483673096 -0.07975474745035172 0.7487555146217346 -246.2552947998047 
0.742335855960846 -0.23540067672729492 0.6273148655891418 -1534.269775390625 
0.0 0.0 0.0 1.0
0.13267195224761963 0.9752657413482666 0.17679056525230408 -93.00483703613281 
-0.7030946016311646 -0.0331168957054615 0.710324764251709 -323.22967529296875 
0.6986101865768433 -0.21854066848754883 0.6813103556632996 -1562.012939453125 
0.0 0.0 0.0 1.0
0.16332662105560303 0.986571729183197 0.0008012652397155762 -95.06918334960938 
-0.7183216214179993 0.11836110800504684 0.6855689287185669 -359.5375671386719 
0.6762680411338806 -0.11254721879959106 0.7280073165893555 -1569.240966796875 
0.0 0.0 0.0 1.0
0.05152944102883339 0.9929819703102112 0.10644984245300293 -89.02831268310547 
-0.7487235069274902 -0.032124970108270645 0.6621035933494568 -322.7301025390625 
0.6608765721321106 -0.11381933093070984 0.7418135404586792 -1561.6339111328125 
0.0 0.0 0.0 1.0
0.2181244194507599 0.9493415951728821 0.22621272504329681 -93.17018127441406 
-0.8397902846336365 0.06450290232896805 0.5390655398368835 -225.81753540039062 
0.4971659481525421 -0.3075546324253082 0.8113175630569458 -1597.175048828125 
0.0 0.0 0.0 1.0
0.2500927448272705 0.9653173089027405 0.07494112104177475 -67.4672622680664 
-0.8237774968147278 0.17147281765937805 0.54035884141922 -133.33346557617188 
0.5087673664093018 -0.19687464833259583 0.8380907773971558 -1548.680908203125 
0.0 0.0 0.0 1.0
0.24829167127609253 0.9646281599998474 0.08856520056724548 -33.30412292480469 
-0.6884160041809082 0.11139244586229324 0.7167112827301025 -59.278560638427734 
0.681494414806366 -0.23892316222190857 0.6917232871055603 -1510.7677001953125 
0.0 0.0 0.0 1.0
0.2808118760585785 0.9376699924468994 0.2047429084777832 -18.62061309814453 
-0.7760325074195862 0.09630639106035233 0.6232965588569641 0.4484844207763672 
0.5647284388542175 -0.33391624689102173 0.7547063827514648 -1517.4993896484375 
0.0 0.0 0.0 1.0
-0.03646017238497734 0.9600645303726196 0.2773928940296173 -73.1188735961914 
-0.8393831253051758 -0.18005584180355072 0.5128507614135742 5.729419708251953 
0.5423160195350647 -0.21414026618003845 0.812426745891571 -1535.6390380859375 
0.0 0.0 0.0 1.0
-0.0029548127204179764 0.9749656319618225 0.22233594954013824 -56.38730239868164 
-0.8637151718139648 -0.11454024165868759 0.4907918870449066 49.01986312866211 
0.5039716362953186 -0.19058474898338318 0.8424310088157654 -1554.2850341796875 
0.0 0.0 0.0 1.0
0.022554170340299606 0.9778074026107788 0.20828820765018463 -43.984920501708984 
-0.7635981440544128 -0.11762762814760208 0.6348870992660522 124.58208465576172 
0.6452977061271667 -0.17336785793304443 0.7439989447593689 -1545.9969482421875 
0.0 0.0 0.0 1.0
-0.033439408987760544 0.9839680790901184 0.17518173158168793 -35.85997772216797 
-0.8945995569229126 -0.10761938989162445 0.43371620774269104 209.2880859375 
0.44561585783958435 -0.14221429824829102 0.8838561177253723 -1538.4888916015625 
0.0 0.0 0.0 1.0
0.09093622863292694 0.9801520109176636 0.17616064846515656 -39.15207290649414 
-0.8423063158988953 -0.018667804077267647 0.5386757254600525 293.8859558105469 
0.5312726497650146 -0.1973663568496704 0.823890745639801 -1554.1697998046875 
0.0 0.0 0.0 1.0
-0.02920380048453808 0.9797145128250122 0.19825902581214905 -18.985349655151367 
-0.9722315073013306 -0.07391408085823059 0.222042053937912 373.1700134277344 
0.23219196498394012 -0.18626917898654938 0.954667866230011 -1567.736328125 
0.0 0.0 0.0 1.0
-0.13000743091106415 0.9545239210128784 0.26829490065574646 -53.532081604003906 
-0.9827187061309814 -0.160007044672966 0.09306859225034714 399.0649719238281 
0.13176527619361877 -0.2515588104724884 0.9588305950164795 -1568.9642333984375 
0.0 0.0 0.0 1.0
-0.1692148596048355 0.9536436796188354 0.24885743856430054 -49.62876510620117 
-0.984192430973053 -0.1768912822008133 0.008644579909741879 456.5865173339844 
0.05226457491517067 -0.24346081912517548 0.9685015678405762 -1574.81396484375 
0.0 0.0 0.0 1.0
-0.03436761721968651 0.9540478587150574 0.2976768910884857 -77.58690643310547 
-0.8879357576370239 -0.16584879159927368 0.4290270507335663 386.046630859375 
0.45868170261383057 -0.24957333505153656 0.852833092212677 -1611.6417236328125 
0.0 0.0 0.0 1.0
0.054990604519844055 0.9666349291801453 0.2501859962940216 -76.80747985839844 
-0.8866810202598572 -0.0679335743188858 0.4573640823364258 319.49896240234375 
0.4591000974178314 -0.24698588252067566 0.8533610701560974 -1611.682861328125 
0.0 0.0 0.0 1.0
-0.06192820519208908 0.9324367642402649 0.35598665475845337 -80.0290756225586 
-0.8379775881767273 -0.24232621490955353 0.48894932866096497 219.8362274169922 
0.54217928647995 -0.2680290639400482 0.7963680624961853 -1610.5426025390625 
0.0 0.0 0.0 1.0
-0.03572600334882736 0.9454793930053711 0.32371649146080017 -70.51162719726562 
-0.8969842195510864 -0.17315435409545898 0.40673932433128357 148.77267456054688 
0.44061657786369324 -0.27583739161491394 0.8542662262916565 -1609.3509521484375 
0.0 0.0 0.0 1.0
0.027799256145954132 0.9733709692955017 0.22754359245300293 -60.73723602294922 
-0.820073664188385 -0.10795295983552933 0.5619834065437317 93.80888366699219 
0.5715823173522949 -0.2022252380847931 0.7952349185943604 -1591.7132568359375 
0.0 0.0 0.0 1.0
0.03246378153562546 0.9753507375717163 0.21825914084911346 -85.47476196289062 
-0.826903223991394 -0.096451036632061 0.5540111064910889 -0.6437238454818726 
0.5614064335823059 -0.1984645128250122 0.8033894896507263 -1616.8148193359375 
0.0 0.0 0.0 1.0
0.08116205036640167 0.971121072769165 0.22435812652111053 -100.88072967529297 
-0.8286230564117432 -0.059350624680519104 0.5566518902778625 -70.16072082519531 
0.5538921356201172 -0.2310873419046402 0.7998762726783752 -1633.21533203125 
0.0 0.0 0.0 1.0
-0.05140838399529457 0.9870112538337708 0.15220364928245544 -89.35005187988281 
-0.8565024733543396 -0.12194998562335968 0.501529335975647 -139.58741760253906 
0.5135763883590698 -0.10457999259233475 0.8516468405723572 -1590.9522705078125 
0.0 0.0 0.0 1.0
0.1339980661869049 0.9157657623291016 0.3787051737308502 -99.15503692626953 
-0.8312997221946716 -0.10414562374353409 0.5459802746772766 -194.26254272460938 
0.5394304990768433 -0.38797780871391296 0.7473205327987671 -1635.5302734375 
0.0 0.0 0.0 1.0
0.23663446307182312 0.9681441783905029 0.08185949921607971 -115.5580062866211 
-0.6212161183357239 0.08597900718450546 0.7789083123207092 -231.06089782714844 
0.747057318687439 -0.23516899347305298 0.6217723488807678 -1624.83154296875 
0.0 0.0 0.0 1.0
0.06300608068704605 0.9940474033355713 0.08888169378042221 -126.39087677001953 
-0.7745415568351746 -0.007459386717528105 0.6324790120124817 -338.6900939941406 
0.6293771862983704 -0.10869257897138596 0.7694610357284546 -1623.7845458984375 
0.0 0.0 0.0 1.0
0.12526315450668335 0.9778584837913513 0.1676364243030548 -143.22686767578125 
-0.6318216323852539 -0.05164813622832298 0.7733911871910095 -389.7769470214844 
0.7649251818656921 -0.20279371738433838 0.6113625168800354 -1653.433349609375 
0.0 0.0 0.0 1.0
0.16474631428718567 0.963926374912262 0.20905646681785583 -102.70651245117188 
-0.7608814239501953 -0.010668963193893433 0.648803174495697 -366.0209045410156 
0.6276289224624634 -0.2659551203250885 0.7316760420799255 -1693.8221435546875 
0.0 0.0 0.0 1.0
0.15826065838336945 0.9585848450660706 0.23678824305534363 -95.40036010742188 
-0.7281889319419861 -0.04865095019340515 0.6836475133895874 -308.31732177734375 
0.6668540835380554 -0.28062108159065247 0.6903313398361206 -1687.087158203125 
0.0 0.0 0.0 1.0
0.14130941033363342 0.983494758605957 0.11300355195999146 -83.94356536865234 
-0.73711758852005 0.028332628309726715 0.675170361995697 -222.81654357910156 
0.6608247756958008 -0.17870481312274933 0.7289548516273499 -1620.6871337890625 
0.0 0.0 0.0 1.0
0.26783978939056396 0.9495207071304321 0.1633165031671524 -63.98545455932617 
-0.6863645911216736 0.06908717006444931 0.7239686846733093 -166.10354614257812 
0.6761401891708374 -0.30600225925445557 0.6702216267585754 -1614.7266845703125 
0.0 0.0 0.0 1.0
0.032677192240953445 0.9744240641593933 0.22232860326766968 -29.14678192138672 
-0.8231580853462219 -0.0999278649687767 0.5589501261711121 -335.6484680175781 
0.5668712258338928 -0.2012765109539032 0.7988396286964417 -1564.1260986328125 
0.0 0.0 0.0 1.0
-0.00859091803431511 0.9922453761100769 0.12399739027023315 -16.271060943603516 
-0.7309563755989075 -0.09084971249103546 0.6763498783111572 -378.6366271972656 
0.682370126247406 -0.08482623100280762 0.7260685563087463 -1523.06982421875 
0.0 0.0 0.0 1.0
-0.0646461695432663 0.988020122051239 0.1401320993900299 9.536043167114258 
-0.7709535360336304 -0.1386093646287918 0.6216253042221069 -391.1822509765625 
0.63360196352005 -0.06784963607788086 0.7706782817840576 -1467.438232421875 
0.0 0.0 0.0 1.0
0.07513169944286346 0.9783117175102234 0.1930321604013443 34.430152893066406 
-0.8781737089157104 -0.02679281122982502 0.4775909185409546 -312.54443359375 
0.4724046587944031 -0.20539797842502594 0.8571146726608276 -1463.636474609375 
0.0 0.0 0.0 1.0
0.1003149151802063 0.9779260158538818 0.18329638242721558 68.48714447021484 
-0.8232956528663635 -0.021857861429452896 0.5671917200088501 -273.9776611328125 
0.5586780309677124 -0.20780490338802338 0.8029295802116394 -1452.372802734375 
0.0 0.0 0.0 1.0
0.18698576092720032 0.9579213261604309 0.2177683711051941 29.573944091796875 
-0.7265157103538513 -0.014363087713718414 0.6869996786117554 -255.66595458984375 
0.6612195372581482 -0.2866712808609009 0.6932591795921326 -1476.5205078125 
0.0 0.0 0.0 1.0
0.12451551109552383 0.953438937664032 0.2746817171573639 -4.7693023681640625 
-0.831030547618866 -0.05104104429483414 0.553879976272583 -229.78578186035156 
0.542110800743103 -0.29723551869392395 0.7859814763069153 -1527.3760986328125 
0.0 0.0 0.0 1.0
0.0930638313293457 0.9826819896697998 0.16023491322994232 -23.936023712158203 
-0.8323230147361755 -0.011538146063685417 0.5541707277297974 -202.9881591796875 
0.5464224219322205 -0.18494047224521637 0.8168351054191589 -1535.8568115234375 
0.0 0.0 0.0 1.0
0.09495653957128525 0.9570391774177551 0.27396947145462036 -57.687740325927734 
-0.8211052417755127 -0.08030059188604355 0.5650999546051025 -203.74349975585938 
0.562822699546814 -0.2786176800727844 0.7782048583030701 -1596.28662109375 
0.0 0.0 0.0 1.0
0.14232008159160614 0.959486722946167 0.2431669384241104 -20.172706604003906 
-0.8113269209861755 -0.02764648012816906 0.583938479423523 -117.27900695800781 
0.5670039653778076 -0.2803940773010254 0.7745228409767151 -1556.7940673828125 
0.0 0.0 0.0 1.0
0.08039317280054092 0.9667701125144958 0.2426775097846985 36.71144104003906 
-0.9040000438690186 -0.031847041100263596 0.4263444244861603 -115.35279846191406 
0.4199056327342987 -0.25365567207336426 0.8714000582695007 -1493.5391845703125 
0.0 0.0 0.0 1.0
-0.04713153466582298 0.9644145965576172 0.26015961170196533 78.7503662109375 
-0.893836259841919 -0.1569851189851761 0.42001473903656006 -127.66961669921875 
0.4459095299243927 -0.21274416148662567 0.8694277405738831 -1428.2294921875 
0.0 0.0 0.0 1.0
-0.04181232303380966 0.9583227038383484 0.2826116979122162 107.77970886230469 
-0.9471052885055542 -0.12809771299362183 0.2942492365837097 -119.49175262451172 
0.3181876242160797 -0.2553597688674927 0.912988543510437 -1396.84619140625 
0.0 0.0 0.0 1.0
-0.11385351419448853 0.9142631888389587 0.3887932598590851 114.47634887695312 
-0.8174943923950195 -0.3085962235927582 0.4862830638885498 -98.82872009277344 
0.5645708441734314 -0.2624712884426117 0.7825398445129395 -1379.4444580078125 
0.0 0.0 0.0 1.0
0.10808529704809189 0.9344853758811951 0.33919695019721985 133.2335662841797 
-0.9042036533355713 -0.04940464720129967 0.42423444986343384 26.440914154052734 
0.4131987988948822 -0.35255664587020874 0.8396252393722534 -1393.9844970703125 
0.0 0.0 0.0 1.0
-0.028146376833319664 0.9665023684501648 0.2551097273826599 152.92320251464844 
-0.9715536236763 -0.08648502826690674 0.22046306729316711 72.37933349609375 
0.23514126241207123 -0.24164751172065735 0.9414430856704712 -1362.640625 
0.0 0.0 0.0 1.0
0.012036987580358982 0.9714171886444092 0.2370733916759491 160.60569763183594 
-0.9585316777229309 -0.05630243197083473 0.27936914563179016 116.65424346923828 
0.28473177552223206 -0.2306051105260849 0.9304563999176025 -1356.8629150390625 
0.0 0.0 0.0 1.0
0.04576308652758598 0.9536986351013184 0.2972618043422699 154.89883422851562 
-0.8880554437637329 -0.09742886573076248 0.44929397106170654 170.21603393554688 
0.4574529528617859 -0.28454604744911194 0.8424786925315857 -1403.0552978515625 
0.0 0.0 0.0 1.0
0.10086487233638763 0.9671847224235535 0.2331952601671219 118.51264190673828 
-0.8577487468719482 -0.03421882539987564 0.5129290819168091 241.12220764160156 
0.5040768384933472 -0.25175946950912476 0.8261499404907227 -1420.5299072265625 
0.0 0.0 0.0 1.0
0.11430953443050385 0.9650284647941589 0.23590955138206482 90.52784729003906 
-0.8547603487968445 -0.025478588417172432 0.5183970928192139 258.3621826171875 
0.5062786340713501 -0.26090386509895325 0.821955680847168 -1448.81884765625 
0.0 0.0 0.0 1.0
0.11941155046224594 0.9687815308570862 0.21726280450820923 89.55763244628906 
-0.9508004188537598 0.04857673496007919 0.3059719204902649 309.3190612792969 
0.28586605191230774 -0.24311013519763947 0.9269185662269592 -1464.4228515625 
0.0 0.0 0.0 1.0
0.09342360496520996 0.9668124318122864 0.2377934455871582 49.91518020629883 
-0.9555476903915405 0.019985022023320198 0.294158399105072 377.3260803222656 
0.279643714427948 -0.2547042965888977 0.9257025122642517 -1503.5457763671875 
0.0 0.0 0.0 1.0
0.03043532930314541 0.9745001792907715 0.2223130762577057 62.22626495361328 
-0.9985625743865967 0.01982675865292549 0.0497964508831501 400.5393981933594 
0.04411889240145683 -0.22350908815860748 0.9737028479576111 -1493.9991455078125 
0.0 0.0 0.0 1.0
0.12904950976371765 0.9612216949462891 0.24371914565563202 40.01398468017578 
-0.8508504033088684 -0.01890019327402115 0.525067925453186 282.6680603027344 
0.5093130469322205 -0.2751282751560211 0.8154168725013733 -1519.1383056640625 
0.0 0.0 0.0 1.0
0.10835699737071991 0.9930761456489563 0.045372094959020615 52.159080505371094 
-0.880898654460907 0.0747639536857605 0.46736276149749756 208.66448974609375 
0.46073460578918457 -0.09061022847890854 0.882900595664978 -1511.63916015625 
0.0 0.0 0.0 1.0
-0.09041929244995117 0.9612428545951843 0.260454386472702 20.913700103759766 
-0.8533099293708801 -0.2096235752105713 0.4774097502231598 63.48263931274414 
0.5135040879249573 -0.1790812909603119 0.8391921520233154 -1537.760498046875 
0.0 0.0 0.0 1.0
-0.047499507665634155 0.9647099375724792 0.2589954733848572 23.765472412109375 
-0.8507019877433777 -0.17496024072170258 0.4956763982772827 -5.930380344390869 
0.5234978199005127 -0.19678358733654022 0.8289911150932312 -1526.87890625 
0.0 0.0 0.0 1.0
0.04493014141917229 0.9879363775253296 0.14819902181625366 16.519569396972656 
-0.7774015665054321 -0.05859063193202019 0.6262698769569397 -44.810543060302734 
0.627397894859314 -0.1433485597372055 0.7653908133506775 -1520.047119140625 
0.0 0.0 0.0 1.0
0.05581565946340561 0.9846113324165344 0.1656053215265274 2.5035858154296875 
-0.7531930208206177 -0.06735905259847641 0.6543416380882263 -109.51641845703125 
0.6554271578788757 -0.16125530004501343 0.7378427386283875 -1536.340576171875 
0.0 0.0 0.0 1.0
0.13676245510578156 0.9647544622421265 0.22482174634933472 -6.091808319091797 
-0.6406323313713074 -0.08696884661912918 0.7629067301750183 -181.28941345214844 
0.7555701732635498 -0.2483651041984558 0.6061587929725647 -1552.62109375 
0.0 0.0 0.0 1.0
0.032212939113378525 0.982411801815033 0.1839275360107422 -4.695316314697266 
-0.6122794151306152 -0.12605437636375427 0.78052818775177 -249.22779846191406 
0.789984941482544 -0.13775816559791565 0.5974499583244324 -1532.2335205078125 
0.0 0.0 0.0 1.0
0.2770637571811676 0.9230896830558777 0.26672297716140747 -31.387290954589844 
-0.6465891599655151 -0.026216203346848488 0.7623878121376038 -301.1718444824219 
0.7107447981834412 -0.3836902379989624 0.5895962119102478 -1607.98779296875 
0.0 0.0 0.0 1.0
0.1845306009054184 0.9610307812690735 0.2058354616165161 -51.275299072265625 
-0.68940669298172 -0.022696591913700104 0.7240188121795654 -354.8463134765625 
0.7004761695861816 -0.27550798654556274 0.6583528518676758 -1628.2264404296875 
0.0 0.0 0.0 1.0
0.17981253564357758 0.9686612486839294 0.1713559627532959 -49.64959716796875 
-0.6845264434814453 -0.0018887856276705861 0.728985607624054 -299.1050109863281 
0.7064636945724487 -0.2483784556388855 0.6627346277236938 -1661.886962890625 
0.0 0.0 0.0 1.0
0.2776639461517334 0.9571661353111267 0.08207118511199951 -84.72915649414062 
-0.529809296131134 0.08130623400211334 0.8442105054855347 -195.62545776367188 
0.8013768196105957 -0.2778888940811157 0.5296913385391235 -1616.4385986328125 
0.0 0.0 0.0 1.0
0.2171265184879303 0.952458918094635 0.21372398734092712 -33.959922790527344 
-0.7792685031890869 0.03727007657289505 0.625580906867981 -134.1997833251953 
0.5878745913505554 -0.3023785948753357 0.7503136396408081 -1589.09765625 
0.0 0.0 0.0 1.0
0.13473549485206604 0.9615041613578796 0.23949140310287476 16.18691635131836 
-0.8685334920883179 -0.0017433039611205459 0.49562737345695496 -41.99897766113281 
0.4769653081893921 -0.2747848927974701 0.8348636627197266 -1540.883544921875 
0.0 0.0 0.0 1.0
0.11366377770900726 0.9567903280258179 0.2676430642604828 36.8477783203125 
-0.9139798283576965 -0.004916833247989416 0.40572983026504517 48.42005920410156 
0.38951432704925537 -0.2907371520996094 0.8739281892776489 -1521.9423828125 
0.0 0.0 0.0 1.0
0.03279273584485054 0.9554259777069092 0.2934037446975708 -4.268850326538086 
-0.913875937461853 -0.09019510447978973 0.3958478569984436 93.67176818847656 
0.404666930437088 -0.2811155617237091 0.8701831698417664 -1567.6495361328125 
0.0 0.0 0.0 1.0
-0.015374034643173218 0.9572957158088684 0.28870147466659546 9.931602478027344 
-0.9215022325515747 -0.12562790513038635 0.36749330163002014 161.17198181152344 
0.3880687355995178 -0.26038917899131775 0.8840815424919128 -1551.512451171875 
0.0 0.0 0.0 1.0
-0.08823351562023163 0.9561913013458252 0.2791288495063782 22.141830444335938 
-0.9896133542060852 -0.11607403308153152 0.084806427359581 240.36659240722656 
0.11349078267812729 -0.26874685287475586 0.9565014243125916 -1558.08740234375 
0.0 0.0 0.0 1.0
-0.15910212695598602 0.9407941102981567 0.299320787191391 22.735010147094727 
-0.9872146248817444 -0.15457947552204132 -0.03888969123363495 309.8131408691406 
0.009681671857833862 -0.3016813099384308 0.9533596634864807 -1566.7149658203125 
0.0 0.0 0.0 1.0
-0.299233078956604 0.8852861523628235 0.35598888993263245 -2.1254005432128906 
-0.9483547210693359 -0.31709539890289307 -0.00859282910823822 321.2810363769531 
0.10527531802654266 -0.34017500281333923 0.9344506859779358 -1602.1146240234375 
0.0 0.0 0.0 1.0
0.03772604838013649 0.9546862244606018 0.29521340131759644 -38.791473388671875 
-0.9209560751914978 -0.08144057542085648 0.38106071949005127 325.8043212890625 
0.3878357708454132 -0.28625449538230896 0.8761516809463501 -1652.7579345703125 
0.0 0.0 0.0 1.0
0.062365543097257614 0.9550673365592957 0.2897532880306244 -56.192420959472656 
-0.9032429456710815 -0.06949175894260406 0.4234655797481537 244.6478271484375 
0.4245736002922058 -0.28812727332115173 0.8583239316940308 -1665.6876220703125 
0.0 0.0 0.0 1.0
0.10173416137695312 0.9519550204277039 0.28884562849998474 -86.24530792236328 
-0.8934091925621033 -0.04028457775712013 0.4474339485168457 171.60743713378906 
0.43757304549217224 -0.30357664823532104 0.8463870286941528 -1688.9078369140625 
0.0 0.0 0.0 1.0
0.07108239084482193 0.9765621423721313 0.2031591832637787 -66.73003387451172 
-0.8879649043083191 -0.03082892671227455 0.45887675881385803 80.39747619628906 
0.45438483357429504 -0.2130163013935089 0.864961564540863 -1655.3115234375 
0.0 0.0 0.0 1.0
0.10401330143213272 0.9775463938713074 0.1832602322101593 15.563074111938477 
-0.8352569937705994 -0.014174376614391804 0.5496770739555359 -39.43578338623047 
0.5399324297904968 -0.2102431058883667 0.8150280714035034 -1550.5595703125 
0.0 0.0 0.0 1.0
0.14441998302936554 0.9755964875221252 0.16539163887500763 -9.341983795166016 
-0.8181800842285156 0.023727700114250183 0.5744722485542297 -115.69700622558594 
0.5565287470817566 -0.21828539669513702 0.8016403913497925 -1589.31298828125 
0.0 0.0 0.0 1.0
0.2462228238582611 0.9588754773139954 0.141181081533432 -84.24713134765625 
-0.7147530317306519 0.08126027882099152 0.694640040397644 -204.20907592773438 
0.6546009182929993 -0.2719458341598511 0.7053673267364502 -1629.8221435546875 
0.0 0.0 0.0 1.0
0.25319376587867737 0.9636639356613159 0.08511560410261154 -103.04524230957031 
-0.6438431739807129 0.10218669474124908 0.7583032250404358 -277.0329284667969 
0.7220517992973328 -0.24679873883724213 0.6463215351104736 -1654.884521484375 
0.0 0.0 0.0 1.0
0.2045307457447052 0.9777436256408691 0.04673874378204346 -95.87578582763672 
-0.5471641421318054 0.07460656762123108 0.8336937427520752 -334.68792724609375 
0.8116517066955566 -0.19608977437019348 0.5502456426620483 -1635.18359375 
0.0 0.0 0.0 1.0
0.06322162598371506 0.9855251908302307 0.15729963779449463 -133.4389190673828 
-0.6997197866439819 -0.06861387938261032 0.7111149430274963 -363.8694152832031 
0.7116146087646484 -0.1550235152244568 0.6852535009384155 -1690.6768798828125 
0.0 0.0 0.0 1.0
0.19247177243232727 0.9603943228721619 0.20148801803588867 -15.180008888244629 
-0.7319914698600769 0.00376221165060997 0.6813034415245056 -317.2532043457031 
0.6535618901252747 -0.2786192297935486 0.7037245035171509 -1548.4259033203125 
0.0 0.0 0.0 1.0
0.08644337207078934 0.9618949294090271 0.25939491391181946 57.766475677490234 
-0.9293528199195862 -0.015948662534356117 0.36884814500808716 -213.47557067871094 
0.35893014073371887 -0.2729538679122925 0.892561137676239 -1489.061279296875 
0.0 0.0 0.0 1.0
0.08668636530637741 0.9519619941711426 0.2936900556087494 112.93306732177734 
-0.8781933188438416 -0.06617426127195358 0.47370609641075134 -138.3664093017578 
0.4703849256038666 -0.2989805042743683 0.8302702307701111 -1422.679443359375 
0.0 0.0 0.0 1.0
0.15444354712963104 0.9373281002044678 0.3123510181903839 108.75675964355469 
-0.8626974821090698 -0.02615182287991047 0.505043625831604 -69.67576599121094 
0.4815601408481598 -0.3474652171134949 0.8045916557312012 -1371.202880859375 
0.0 0.0 0.0 1.0
0.17268259823322296 0.934327244758606 0.3117905259132385 127.25292205810547 
-0.8432978987693787 -0.023321596905589104 0.5369401574134827 34.86669158935547 
0.5089492797851562 -0.3556525409221649 0.7838889360427856 -1351.968505859375 
0.0 0.0 0.0 1.0
0.12036321312189102 0.9488555788993835 0.2918661832809448 101.63777160644531 
-0.889271080493927 -0.027627626433968544 0.4565453827381134 66.29641723632812 
0.4412591755390167 -0.3144994378089905 0.8404644131660461 -1365.6138916015625 
0.0 0.0 0.0 1.0
0.06494475156068802 0.9310676455497742 0.35901984572410583 64.85980224609375 
-0.9022756218910217 -0.09888709336519241 0.419666588306427 67.29350280761719 
0.4262404441833496 -0.3511899709701538 0.833657443523407 -1417.7021484375 
0.0 0.0 0.0 1.0
-0.04862914979457855 0.9327281713485718 0.3572860658168793 24.097694396972656 
-0.9289199709892273 -0.1736946851015091 0.32701340317726135 127.95357513427734 
0.36707329750061035 -0.31598779559135437 0.8748764991760254 -1469.35595703125 
0.0 0.0 0.0 1.0
0.027528682723641396 0.9412561655044556 0.3365693986415863 -7.657373428344727 
-0.9199302792549133 -0.1078820675611496 0.37694787979125977 92.48934173583984 
0.39111432433128357 -0.31999728083610535 0.8629202246665955 -1540.6529541015625 
0.0 0.0 0.0 1.0
0.013661323115229607 0.8668771982192993 0.4983346164226532 5.189915180206299 
-0.8843697309494019 -0.22208468616008759 0.4105711281299591 100.25999450683594 
0.46658724546432495 -0.44632095098495483 0.7636058926582336 -1570.4638671875 
0.0 0.0 0.0 1.0
0.041280005127191544 0.9480105638504028 0.3155501186847687 -29.660654067993164 
-0.9153671264648438 -0.09071001410484314 0.3922686278820038 37.10003662109375 
0.4004983901977539 -0.3050370514392853 0.8640332221984863 -1548.1510009765625 
0.0 0.0 0.0 1.0
0.11711609363555908 0.9596745371818542 0.25555554032325745 -0.3256111145019531 
-0.8396071791648865 -0.04175788536667824 0.541586697101593 -16.39556121826172 
0.5304183959960938 -0.2779947817325592 0.8008590340614319 -1539.6865234375 
0.0 0.0 0.0 1.0
0.221774160861969 0.9608285427093506 0.16620683670043945 8.47072982788086 
-0.6991792917251587 0.03788173198699951 0.7139420509338379 -80.68417358398438 
0.6796796917915344 -0.27454230189323425 0.6801926493644714 -1541.86767578125 
0.0 0.0 0.0 1.0
0.14106938242912292 0.9632683396339417 0.22850297391414642 20.102392196655273 
-0.8070863485336304 -0.021768484264612198 0.5900319814682007 -139.63729858398438 
0.5733333230018616 -0.2676570415496826 0.7743698358535767 -1485.1033935546875 
0.0 0.0 0.0 1.0
0.18471917510032654 0.9072771072387695 0.3777922987937927 14.847201347351074 
-0.8490026593208313 -0.04632047936320305 0.5263542532920837 -222.1414794921875 
0.49504873156547546 -0.41797441244125366 0.7617244720458984 -1492.924560546875 
0.0 0.0 0.0 1.0
0.12272915244102478 0.9701290726661682 0.20925359427928925 24.650739669799805 
-0.908856987953186 0.025172969326376915 0.41634756326675415 -10.715852737426758 
0.3986433446407318 -0.24127957224845886 0.8847981095314026 -1469.43017578125 
0.0 0.0 0.0 1.0
0.13929139077663422 0.9567484855651855 0.2554021179676056 48.86830139160156 
-0.812418520450592 -0.03705732896924019 0.5818959474563599 76.21729278564453 
0.5661925673484802 -0.28854653239250183 0.7721184492111206 -1462.330322265625 
0.0 0.0 0.0 1.0
0.10671468079090118 0.9595808386802673 0.2604162096977234 62.118141174316406 
-0.8221056461334229 -0.06215943768620491 0.5659316182136536 145.34400939941406 
0.5592444539070129 -0.2744828462600708 0.7822434902191162 -1427.6533203125 
0.0 0.0 0.0 1.0
0.02902255579829216 0.959058403968811 0.28171736001968384 104.6831283569336 
-0.8903260231018066 -0.10331712663173676 0.44344693422317505 161.48834228515625 
0.4543977379798889 -0.2636902630329132 0.8508760929107666 -1368.28125 
0.0 0.0 0.0 1.0
0.09434041380882263 0.9392423629760742 0.33003586530685425 35.051918029785156 
-0.8153046369552612 -0.11734935641288757 0.5670162439346313 -121.07746887207031 
0.5712951421737671 -0.3225723206996918 0.7546979188919067 -1465.1800537109375 
0.0 0.0 0.0 1.0
0.2685483992099762 0.9506382942199707 0.15546219050884247 9.047868728637695 
-0.5699873566627502 0.026719635352492332 0.8212188482284546 -161.62234497070312 
0.7765282392501831 -0.3091484606266022 0.5490273833274841 -1489.8985595703125 
0.0 0.0 0.0 1.0
0.27786925435066223 0.9532983303070068 0.11836778372526169 -15.936195373535156 
-0.5229715704917908 0.04676278308033943 0.8510663509368896 -259.3591003417969 
0.8057849407196045 -0.29838815331459045 0.5115419030189514 -1534.0302734375 
0.0 0.0 0.0 1.0
0.18940921127796173 0.9676396250724792 0.16672614216804504 -10.086673736572266 
-0.7393003106117249 0.02879546768963337 0.6727598905563354 -159.35275268554688 
0.6461881399154663 -0.2506875991821289 0.720830500125885 -1504.91845703125 
0.0 0.0 0.0 1.0
0.07070677727460861 0.9650000333786011 0.2525383532047272 11.314697265625 
-0.9382203817367554 -0.021635711193084717 0.3453614115715027 -49.441104888916016 
0.3387375771999359 -0.26135602593421936 0.9038528203964233 -1497.1171875 
0.0 0.0 0.0 1.0
0.06330330669879913 0.9589477777481079 0.2764267921447754 34.015811920166016 
-0.9708752632141113 -0.0049575758166611195 0.2395341992378235 31.426637649536133 
0.23107120394706726 -0.2835392653942108 0.9307048916816711 -1502.802734375 
0.0 0.0 0.0 1.0
-0.02127118594944477 0.9522429704666138 0.30459949374198914 -26.261890411376953 
-0.9250212907791138 -0.1343378871679306 0.35537153482437134 31.21865463256836 
0.37931931018829346 -0.2742018401622772 0.8837025165557861 -1539.0101318359375 
0.0 0.0 0.0 1.0
0.10608658939599991 0.9669973254203796 0.2316499799489975 -58.594505310058594 
-0.8227435350418091 -0.045469384640455246 0.5665911436080933 -17.972318649291992 
0.5584251284599304 -0.25069624185562134 0.7907671928405762 -1571.4678955078125 
0.0 0.0 0.0 1.0
0.1001233384013176 0.9658809304237366 0.23884983360767365 -37.812232971191406 
-0.8396313190460205 -0.04678022488951683 0.5411384105682373 -100.89401245117188 
0.533848762512207 -0.254726380109787 0.806300163269043 -1555.445068359375 
0.0 0.0 0.0 1.0
0.09684278815984726 0.9653691649436951 0.24224761128425598 17.260787963867188 
-0.8502509593963623 -0.046281956136226654 0.5243389010429382 -129.58096313476562 
0.5173922777175903 -0.25674968957901 0.8163239359855652 -1477.7196044921875 
0.0 0.0 0.0 1.0
0.029121652245521545 0.9344090223312378 0.3550092875957489 45.06077575683594 
-0.8254879117012024 -0.17779536545276642 0.5356850028038025 -56.01360321044922 
0.5636679530143738 -0.3086559474468231 0.7661657333374023 -1447.04150390625 
0.0 0.0 0.0 1.0
0.13201431930065155 0.9803186058998108 0.14679120481014252 77.4745864868164 
-0.8813430666923523 0.04830872640013695 0.470000684261322 90.74475860595703 
0.4536591172218323 -0.19142022728919983 0.8703744411468506 -1398.760009765625 
0.0 0.0 0.0 1.0
0.09493586421012878 0.9724103808403015 0.21308499574661255 82.94473266601562 
-0.8107187151908875 -0.0486924946308136 0.5834074020385742 206.4769744873047 
0.5776870250701904 -0.2281382977962494 0.7837286591529846 -1407.5069580078125 
0.0 0.0 0.0 1.0
-0.1238304004073143 0.9558596014976501 0.2664552927017212 66.37213134765625 
-0.9890010952949524 -0.14077423512935638 0.045380979776382446 293.07708740234375 
0.08088787645101547 -0.2579050064086914 0.9627783298492432 -1443.55908203125 
0.0 0.0 0.0 1.0
-0.03153662011027336 0.9579219222068787 0.2852909564971924 34.90380859375 
-0.945999264717102 -0.12074209004640579 0.30084332823753357 243.5342254638672 
0.3226310610771179 -0.26039746403694153 0.910001277923584 -1426.8138427734375 
0.0 0.0 0.0 1.0
0.005989172030240297 0.9538731575012207 0.30015021562576294 79.72156524658203 
-0.9295502305030823 -0.10534278303384781 0.3533260226249695 196.4837188720703 
0.36864686012268066 -0.28112083673477173 0.886042058467865 -1363.312744140625 
0.0 0.0 0.0 1.0
0.06474512815475464 0.9636765718460083 0.2591050863265991 36.30974578857422 
-0.8988098502159119 -0.05648702383041382 0.43468382954597473 170.33990478515625 
0.43353068828582764 -0.2610298693180084 0.862504780292511 -1415.26708984375 
0.0 0.0 0.0 1.0
0.09487295895814896 0.9709168672561646 0.21981704235076904 -4.521385192871094 
-0.8683423399925232 -0.02726752497255802 0.4952150881290436 153.76515197753906 
0.48680657148361206 -0.23785898089408875 0.8405013084411621 -1465.379150390625 
0.0 0.0 0.0 1.0
0.07432615756988525 0.9612114429473877 0.26560914516448975 -42.470314025878906 
-0.8811016082763672 -0.0614435076713562 0.46891871094703674 84.68812561035156 
0.4670499563217163 -0.26888158917427063 0.8423580527305603 -1514.514404296875 
0.0 0.0 0.0 1.0
0.09745707362890244 0.9655703902244568 0.24119693040847778 -58.63913345336914 
-0.8559613823890686 -0.04232766479253769 0.5153042674064636 0.6381082534790039 
0.5077718496322632 -0.2566753029823303 0.8223658204078674 -1528.294189453125 
0.0 0.0 0.0 1.0
0.0799766257405281 0.9573615789413452 0.27760154008865356 -107.22248840332031 
-0.8383848667144775 -0.08603513985872269 0.5382460355758667 -30.300806045532227 
0.5391795635223389 -0.2757840156555176 0.7957566380500793 -1591.9310302734375 
0.0 0.0 0.0 1.0
0.11312032490968704 0.9831660389900208 0.14348652958869934 -97.56949615478516 
-0.8876804113388062 0.035128768533468246 0.45911818742752075 28.22034454345703 
0.4463488757610321 -0.1793057918548584 0.8767109513282776 -1583.9002685546875 
0.0 0.0 0.0 1.0
0.05521285906434059 0.9335883855819702 0.3540680706501007 -78.03497314453125 
-0.7674382925033569 -0.1871699094772339 0.613193154335022 -83.18055725097656 
0.6387409567832947 -0.30558153986930847 0.7061373591423035 -1560.357666015625 
0.0 0.0 0.0 1.0
0.2028275430202484 0.9343814849853516 0.29290327429771423 -44.97319030761719 
-0.8201597929000854 -0.0013149604201316833 0.5721330642700195 -86.95907592773438 
0.5349757075309753 -0.35627180337905884 0.7660753130912781 -1497.9134521484375 
0.0 0.0 0.0 1.0
0.11872731149196625 0.9649946093559265 0.2338571399450302 -2.9123687744140625 
-0.897997260093689 0.0038584512658417225 0.4399840831756592 -40.259437561035156 
0.42367997765541077 -0.2622411847114563 0.8670206665992737 -1450.8798828125 
0.0 0.0 0.0 1.0
0.07108462601900101 0.9454565644264221 0.31789740920066833 41.128868103027344 
-0.9129024744033813 -0.06675929576158524 0.40268129110336304 14.567753791809082 
0.40194031596183777 -0.31883376836776733 0.8583641052246094 -1406.4981689453125 
0.0 0.0 0.0 1.0
-0.052282482385635376 0.9480922818183899 0.313667893409729 43.12443542480469 
-0.9781023263931274 -0.11197789758443832 0.1754332184791565 68.90968322753906 
0.20145073533058167 -0.2976272404193878 0.9331857562065125 -1400.3074951171875 
0.0 0.0 0.0 1.0
-0.040025435388088226 0.9545061588287354 0.29549264907836914 1.5492134094238281 
-0.9678357243537903 -0.11054684966802597 0.22599412500858307 49.31026077270508 
0.24837857484817505 -0.2769428491592407 0.9282298684120178 -1452.896484375 
0.0 0.0 0.0 1.0
0.06604383140802383 0.9482868313789368 0.31046783924102783 2.1724138259887695 
-0.9091107249259949 -0.07106468826532364 0.410447895526886 138.63111877441406 
0.4112856388092041 -0.3093571960926056 0.857404351234436 -1457.548828125 
0.0 0.0 0.0 1.0
-0.03606893867254257 0.9503158926963806 0.30919021368026733 -70.79507446289062 
-0.9333171844482422 -0.14263083040714264 0.32950782775878906 47.134300231933594 
0.3572366237640381 -0.2766875624656677 0.8920907974243164 -1530.3856201171875 
0.0 0.0 0.0 1.0
0.0835343524813652 0.9608093500137329 0.2643243074417114 19.24559211730957 
-0.8533574938774109 -0.06800221651792526 0.516871988773346 33.29598617553711 
0.5145901441574097 -0.2687396705150604 0.8142333626747131 -1434.84228515625 
0.0 0.0 0.0 1.0
-0.19507621228694916 0.9452947378158569 0.2614634931087494 -22.563562393188477 
-0.9733394384384155 -0.2193814367055893 0.06694916635751724 -50.7746467590332 
0.12064693868160248 -0.24143251776695251 0.9628887176513672 -1487.782470703125 
0.0 0.0 0.0 1.0
0.24446941912174225 0.9577568769454956 0.1514482945203781 -22.36939239501953 
-0.6937838196754456 0.06365419924259186 0.7173647880554199 -35.32489013671875 
0.6774206757545471 -0.2804461121559143 0.6800376176834106 -1498.4305419921875 
0.0 0.0 0.0 1.0
0.11305013298988342 0.9673736691474915 0.2267330288887024 29.071643829345703 
-0.8112443089485168 -0.041887201368808746 0.5832050442695618 -102.67289733886719 
0.5736744403839111 -0.2498672604560852 0.780040979385376 -1426.8460693359375 
0.0 0.0 0.0 1.0
