-14.58984375 15.556640625 17.9296875 5.361328125 -9.89014204514147 12.12890625 -69.345703125
-16.875 15.380859375 17.05078125 5.361328125 -5.40377165846751 11.337890625 -68.466796875
-14.0625 15.64453125 18.28125 5.361328125 -11.7290483816069 12.3046875 -74.8828125
-22.32421875 15.8203125 16.69921875 5.361328125 5.16733410574217 9.66796875 -93.076171875
-23.02734375 17.578125 16.259765625 5.361328125 4.59016090195158 8.61328125 -138.515625
-11.25 20.390625 23.5546875 5.361328125 -24.4692129861272 14.326171875 -65.126953125
-13.447265625 19.86328125 21.26953125 5.361328125 -19.0781981734105 13.271484375 -71.806640625
-19.3359375 19.775390625 17.578125 5.361328125 -6.781761575715 11.162109375 -90.3515625
-23.5546875 19.775390625 17.05078125 5.361328125 2.41101912309595 9.228515625 -119.8828125
-23.203125 19.775390625 17.05078125 5.361328125 1.49256948060947 9.228515625 -132.626953125
-25.48828125 19.6875 17.490234375 5.361328125 7.57202758063835 8.61328125 -100.8984375
6.328125 -19.86328125 16.875 5.361328125 -0.459312220540326 9.404296875 -107.666015625
15.1171875 -31.201171875 16.962890625 5.361328125 -1.375532552302 6.328125 -90.966796875
18.369140625 -30.322265625 18.193359375 5.361328125 -10.0768235960044 5.361328125 -92.109375
10.1953125 -28.564453125 16.69921875 5.361328125 4.12912043361722 7.734375 -119.70703125
19.423828125 -28.388671875 19.51171875 5.361328125 -15.2166779672419 5.2734375 -76.376953125
-2.548828125 -7.55859375 16.69921875 5.361328125 0 11.07421875 -110.0390625
-15.1171875 11.6015625 17.2265625 5.361328125 -4.82943351290338 11.42578125 -118.037109375
-8.61328125 11.6015625 20.21484375 5.361328125 -16.9044485817203 13.359375 -98.4375
-5.009765625 11.6015625 23.37890625 5.361328125 -23.3286109792058 14.326171875 -83.232421875
-18.369140625 11.42578125 16.962890625 5.361328125 3.217846486123 10.634765625 -93.33984375
-29.70703125 11.6015625 15.908203125 5.361328125 -4.92294033962768 3.076171875 -100.283203125
-27.0703125 11.689453125 17.490234375 5.361328125 -12.7001301877514 4.04296875 -101.6015625
-30.673828125 11.689453125 15.8203125 5.361328125 -0.915949789542556 2.63671875 -101.42578125
-7.119140625 -17.490234375 17.578125 5.361328125 -12.6930181648776 0.703125 -99.931640625
-15.46875 -10.107421875 16.34765625 5.361328125 -8.46799075180138 2.109375 -123.837890625
-23.203125 2.724609375 16.69921875 5.361328125 -10.3002533247257 3.779296875 -109.6875
-26.982421875 4.21875 15.556640625 5.361328125 -2.17536357007124 2.724609375 -129.90234375
-27.333984375 4.39453125 15.64453125 5.361328125 -2.40437472825785 2.8125 -106.787109375
-22.763671875 4.306640625 17.9296875 5.361328125 -14.0705650243051 4.21875 -84.814453125
-19.16015625 4.21875 21.4453125 5.361328125 -22.7242569820363 5.009765625 -81.650390625
-28.388671875 4.658203125 15.556640625 5.361328125 0.572461227002535 2.548828125 -134.736328125
-24.78515625 4.482421875 16.69921875 5.44921875 -8.81361905129648 3.603515625 -113.291015625
-21.708984375 4.5703125 19.16015625 5.44921875 -17.3789170654332 4.658203125 -82.6171875
-25.576171875 4.658203125 16.171875 5.361328125 -6.63967371017447 3.251953125 -115.927734375
-21.796875 4.74609375 18.896484375 5.361328125 -16.4652000815649 4.21875 -94.39453125
-35.244140625 25.48828125 16.5234375 5.361328125 -8.46767856632889 1.845703125 -76.904296875
-31.201171875 16.611328125 16.875 5.361328125 -9.26982795761839 3.076171875 -98.349609375
-31.025390625 16.5234375 16.962890625 5.361328125 -8.81219229065311 2.900390625 -109.16015625
-27.421875 16.34765625 20.56640625 5.361328125 -19.8824517375105 4.658203125 -100.37109375
-33.662109375 16.34765625 15.99609375 5.361328125 1.25920327619632 1.40625 -121.2890625
-33.3984375 16.5234375 15.908203125 5.361328125 -0.801347486948671 1.7578125 -91.845703125
-58.974609375 87.978515625 18.28125 5.361328125 -7.67044348973688 3.8671875 -108.720703125
-50.625 77.080078125 17.138671875 5.361328125 1.72381052268826 10.546875 -100.1953125
-41.8359375 62.75390625 17.9296875 5.361328125 0.928433397776971 19.3359375 -83.408203125
-38.935546875 65.478515625 21.26953125 5.361328125 -12.7290986482403 23.642578125 -106.69921875
-46.318359375 65.126953125 18.28125 5.361328125 8.88105966202786 14.94140625 -91.40625
-39.287109375 65.654296875 20.830078125 5.361328125 -10.9748481733933 23.37890625 -51.6796875
39.55078125 -65.654296875 17.138671875 5.361328125 -6.41730492493457 6.240234375 -117.24609375
39.0234375 -71.3671875 16.5234375 5.361328125 1.83367536207738 5.888671875 -131.044921875
39.0234375 -68.5546875 17.2265625 5.361328125 -4.23998267219188 5.888671875 -159.873046875
20.91796875 -44.208984375 18.017578125 5.361328125 -2.79165325663555 20.830078125 -131.044921875
31.11328125 -47.900390625 20.390625 5.44921875 -16.7230324691887 15.99609375 -90.791015625
26.89453125 -58.974609375 17.841796875 5.44921875 6.81755543267132 16.34765625 -127.79296875
43.9453125 -64.6875 20.21484375 5.361328125 -17.2604924053694 3.779296875 -133.76953125
37.177734375 -67.412109375 16.69921875 5.361328125 -1.37624341898406 7.3828125 -137.4609375
33.310546875 -67.32421875 17.05078125 5.361328125 5.8594009758927 10.458984375 -158.02734375
33.662109375 -56.513671875 18.017578125 5.361328125 -10.9178829380599 11.513671875 -155.390625
-55.458984375 -23.115234375 19.248046875 12.12890625 -13.533204963356 9.31640625 -82.001953125
-51.767578125 -23.115234375 21.97265625 12.12890625 -19.2060653677111 13.974609375 -90.3515625
-59.0625 -23.115234375 19.51171875 12.12890625 -13.3943058036425 5.9765625 -84.7265625
-59.677734375 -23.115234375 17.40234375 12.216796875 0 3.515625 -64.51171875
-59.150390625 -23.115234375 18.017578125 12.216796875 7.78347736411706 3.1640625 -76.46484375
