618.715 420.497 111.413 756.332
617.740 421.393 110.035 755.832
619.558 419.661 116.110 757.264
616.953 421.915 101.260 754.253
622.779 421.383 100.600 758.642
624.192 414.925 128.515 760.457
621.954 419.049 125.097 760.314
616.574 422.947 115.954 756.633
617.323 424.967 104.807 756.749
618.144 425.159 106.634 757.781
616.846 424.666 94.591 754.843
627.477 424.344 57.699 759.688
633.459 427.238 45.102 765.400
634.499 427.692 56.464 767.267
632.992 424.239 46.966 763.455
636.296 426.324 61.998 768.420
623.523 421.768 70.810 756.097
617.498 422.342 112.255 756.490
620.745 418.609 113.973 757.330
623.230 416.987 111.578 758.118
616.434 422.850 99.493 754.117
620.712 423.199 277.122 800.736
616.908 422.180 292.835 802.847
624.773 424.224 263.539 799.850
628.678 423.398 276.002 806.647
619.418 422.779 292.065 804.813
613.225 421.898 298.094 801.812
620.388 422.863 283.098 802.395
618.116 423.155 286.838 802.124
611.389 421.997 303.819 802.610
610.682 419.425 313.111 804.294
621.001 423.151 279.431 801.736
614.492 423.495 294.712 802.374
609.654 421.421 308.786 802.884
617.117 423.192 290.130 802.558
613.755 422.163 304.131 804.619
630.437 423.583 260.362 802.909
620.422 423.986 284.075 803.359
622.467 424.860 280.178 804.034
616.018 422.340 305.464 806.943
631.503 425.202 251.180 801.676
628.399 424.819 259.095 801.552
516.812 431.093 45.664 674.552
490.276 424.088 13.501 648.385
488.568 413.503 47.414 641.819
498.744 409.708 89.735 651.658
482.856 418.942 18.871 639.546
494.811 410.577 82.578 648.252
548.125 425.931 44.546 695.587
550.743 425.583 39.561 697.140
543.985 427.779 55.700 694.275
521.840 410.341 48.408 665.613
524.421 415.688 59.821 671.858
535.695 416.443 27.332 679.074
546.031 426.424 62.066 695.586
546.032 425.338 46.815 693.726
546.225 422.147 35.000 691.227
534.965 420.509 60.258 683.116
160.218 424.708 611.506 761.568
157.292 420.723 585.033 737.572
128.596 428.689 639.216 780.326
204.560 430.697 630.681 790.635
256.162 430.153 613.597 791.929
