92.724609375 279.140625 359.6484375 1.494140625 -1.30160435651897 29.1796875 -79.013671875
92.021484375 279.228515625 356.8359375 1.494140625 -1.30160435651897 29.1796875 -79.013671875
91.0546875 279.228515625 356.748046875 1.494140625 -1.30160435651897 29.1796875 -79.013671875
90 279.228515625 356.484375 1.494140625 -1.30160435651897 29.1796875 -79.013671875
89.033203125 279.140625 356.8359375 1.494140625 -1.30160435651897 29.1796875 -79.013671875
88.06640625 279.140625 355.517578125 1.494140625 -1.30160435651897 29.1796875 -79.013671875
86.923828125 279.140625 354.990234375 1.494140625 -1.30189179603928 29.267578125 -79.013671875
85.95703125 279.140625 353.49609375 1.494140625 -1.30160435651897 29.1796875 -79.013671875
84.990234375 280.107421875 350.947265625 1.494140625 -1.30189179603928 29.267578125 -79.013671875
83.935546875 280.107421875 350.244140625 1.494140625 -1.30160435651897 29.1796875 -79.013671875
82.96875 282.744140625 348.3984375 1.494140625 -1.30189179603928 29.267578125 -79.013671875
82.001953125 282.744140625 348.310546875 1.494140625 -1.30160435651897 29.1796875 -79.013671875
80.947265625 282.744140625 347.431640625 1.494140625 -1.30160435651897 29.1796875 -79.013671875
79.98046875 282.744140625 347.431640625 1.494140625 -1.30160435651897 29.1796875 -79.013671875
78.92578125 282.83203125 347.431640625 1.494140625 -1.30160435651897 29.1796875 -79.013671875
77.958984375 282.919921875 347.16796875 1.494140625 -1.30160435651897 29.1796875 -79.013671875
76.9921875 282.919921875 347.16796875 1.494140625 -1.30160435651897 29.1796875 -79.013671875
76.025390625 282.919921875 346.9921875 1.494140625 -1.30160435651897 29.1796875 -79.013671875
74.970703125 284.501953125 346.2890625 1.494140625 -1.30189179603928 29.267578125 -79.013671875
74.00390625 284.501953125 345.673828125 1.494140625 -1.30160435651897 29.1796875 -79.013671875
72.94921875 284.501953125 344.619140625 1.494140625 -1.30160435651897 29.1796875 -79.013671875
71.982421875 296.806640625 343.212890625 1.494140625 -1.30160435651897 29.1796875 -79.013671875
70.927734375 297.59765625 343.037109375 1.494140625 -1.30160435651897 29.1796875 -79.013671875
69.9609375 297.509765625 342.685546875 1.494140625 -1.30160435651897 29.1796875 -79.013671875
69.08203125 297.59765625 342.59765625 1.494140625 -1.30160435651897 29.1796875 -79.013671875
68.02734375 297.59765625 342.333984375 1.494140625 -1.30160435651897 29.1796875 -79.013671875
67.060546875 297.59765625 342.24609375 1.494140625 -1.30189179603928 29.267578125 -79.013671875
66.09375 297.59765625 342.158203125 1.494140625 -1.30189179603928 29.267578125 -79.013671875
64.951171875 298.212890625 340.927734375 1.494140625 -1.30160435651897 29.1796875 -79.013671875
64.072265625 299.267578125 340.83984375 1.494140625 -1.30160435651897 29.1796875 -79.013671875
63.017578125 299.267578125 340.400390625 1.494140625 -1.30160435651897 29.1796875 -79.013671875
61.962890625 299.267578125 339.521484375 1.494140625 -1.30160435651897 29.1796875 -79.013671875
60.99609375 299.35546875 339.08203125 1.494140625 -1.30160435651897 29.1796875 -79.013671875
59.94140625 299.443359375 338.818359375 1.494140625 -1.30160435651897 29.1796875 -79.013671875
58.974609375 299.443359375 338.818359375 1.494140625 -1.30160435651897 29.1796875 -79.013671875
57.919921875 299.53125 338.37890625 1.494140625 -1.30160435651897 29.1796875 -79.013671875
57.041015625 299.53125 338.291015625 1.494140625 -1.30160435651897 29.1796875 -79.013671875
55.986328125 299.53125 338.291015625 1.494140625 -1.30160435651897 29.1796875 -79.013671875
55.01953125 299.619140625 337.587890625 1.494140625 -1.30189179603928 29.267578125 -79.013671875
54.052734375 299.619140625 337.32421875 1.494140625 -1.30160435651897 29.1796875 -79.013671875
53.0859375 299.619140625 336.884765625 1.494140625 -1.30160435651897 29.1796875 -79.013671875
52.03125 299.619140625 336.884765625 1.494140625 -1.30160435651897 29.1796875 -79.013671875
51.064453125 299.619140625 336.884765625 1.494140625 -1.30160435651897 29.1796875 -79.013671875
50.09765625 299.619140625 336.796875 1.494140625 -1.30160435651897 29.1796875 -79.013671875
49.04296875 299.619140625 336.796875 1.494140625 -1.30160435651897 29.1796875 -79.013671875
48.076171875 299.70703125 336.796875 1.494140625 -1.30160435651897 29.1796875 -79.013671875
47.021484375 300.76171875 336.796875 1.494140625 -1.30160435651897 29.1796875 -79.013671875
45.966796875 300.76171875 336.708984375 1.494140625 -1.30189179603928 29.267578125 -79.013671875
45 300.76171875 336.708984375 1.494140625 -1.30160435651897 29.1796875 -79.013671875
44.033203125 300.76171875 336.708984375 1.494140625 -1.30160435651897 29.1796875 -79.013671875
43.06640625 300.76171875 336.708984375 1.494140625 -1.30160435651897 29.1796875 -79.013671875
42.099609375 300.849609375 336.708984375 1.494140625 -1.30160435651897 29.1796875 -79.013671875
40.95703125 302.080078125 336.708984375 1.494140625 -1.30160435651897 29.1796875 -79.013671875
39.990234375 302.080078125 336.708984375 1.494140625 -1.30160435651897 29.1796875 -79.013671875
39.0234375 302.080078125 336.708984375 1.494140625 -1.30160435651897 29.1796875 -79.013671875
38.056640625 302.080078125 336.708984375 1.494140625 -1.30160435651897 29.1796875 -79.013671875
37.001953125 302.255859375 336.708984375 1.494140625 -1.30160435651897 29.1796875 -79.013671875
36.03515625 302.255859375 336.708984375 1.494140625 -1.30189179603928 29.267578125 -79.013671875
35.068359375 302.255859375 336.708984375 1.494140625 -1.30189179603928 29.267578125 -79.013671875
34.013671875 302.255859375 336.708984375 1.494140625 -1.30160435651897 29.1796875 -79.013671875
32.958984375 302.255859375 336.708984375 1.494140625 -1.30160435651897 29.1796875 -79.013671875
32.080078125 302.255859375 336.708984375 1.494140625 -1.30160435651897 29.1796875 -79.013671875
31.025390625 302.255859375 336.708984375 1.494140625 -1.30160435651897 29.1796875 -79.013671875
30.05859375 302.255859375 336.708984375 1.494140625 -1.30160435651897 29.1796875 -79.013671875
29.091796875 302.255859375 336.708984375 1.494140625 -1.30160435651897 29.1796875 -79.013671875
27.94921875 302.255859375 336.708984375 1.494140625 -1.30160435651897 29.1796875 -79.013671875
26.982421875 302.255859375 336.708984375 1.494140625 -1.30160435651897 29.1796875 -79.013671875
26.015625 309.462890625 336.708984375 1.494140625 -1.30160435651897 29.1796875 -79.013671875
25.048828125 309.462890625 336.708984375 1.494140625 -1.30160435651897 29.1796875 -79.013671875
24.169921875 309.462890625 336.708984375 1.494140625 -1.30160435651897 29.1796875 -79.013671875
23.02734375 309.462890625 336.708984375 1.494140625 -1.30160435651897 29.1796875 -79.013671875
21.97265625 309.462890625 336.708984375 1.494140625 -1.30160435651897 29.1796875 -79.013671875
21.09375 311.220703125 336.62109375 1.494140625 -1.30160435651897 29.1796875 -79.013671875
19.951171875 313.06640625 336.62109375 1.494140625 -1.30189179603928 29.267578125 -79.013671875
19.072265625 318.603515625 336.62109375 1.494140625 -1.30160435651897 29.1796875 -79.013671875
18.017578125 333.984375 336.62109375 1.494140625 -1.30160435651897 29.1796875 -79.013671875
17.05078125 336.005859375 336.62109375 1.494140625 -1.30160435651897 29.1796875 -79.013671875
16.171875 335.91796875 336.62109375 1.494140625 -1.30160435651897 29.1796875 -79.013671875
15.029296875 335.91796875 336.62109375 1.494140625 -1.30160435651897 29.1796875 -79.013671875
14.0625 335.91796875 336.62109375 1.494140625 -1.30160435651897 29.1796875 -79.013671875
13.095703125 335.91796875 336.62109375 1.494140625 -1.30160435651897 29.1796875 -79.013671875
12.041015625 335.91796875 336.62109375 1.494140625 -1.30160435651897 29.1796875 -79.013671875
10.986328125 335.91796875 336.62109375 1.494140625 -1.30160435651897 29.1796875 -79.013671875
10.01953125 343.30078125 336.533203125 1.494140625 -1.30160435651897 29.1796875 -79.013671875
9.052734375 344.794921875 336.62109375 1.494140625 -1.30160435651897 29.1796875 -79.013671875
8.0859375 346.46484375 336.62109375 1.494140625 -1.30160435651897 29.1796875 -79.013671875
7.119140625 346.46484375 336.533203125 1.494140625 -1.30160435651897 29.1796875 -79.013671875
6.064453125 346.81640625 336.533203125 1.494140625 -1.30160435651897 29.1796875 -79.013671875
4.921875 350.244140625 336.533203125 1.494140625 -1.30160435651897 29.1796875 -79.013671875
4.04296875 350.244140625 336.533203125 1.494140625 -1.30160435651897 29.1796875 -79.013671875
2.98828125 350.244140625 336.533203125 1.494140625 -1.30160435651897 29.1796875 -79.013671875
2.021484375 350.244140625 336.533203125 1.494140625 -1.30160435651897 29.1796875 -79.013671875
1.0546875 350.244140625 336.533203125 1.494140625 -1.30160435651897 29.1796875 -79.013671875
0 350.244140625 336.533203125 1.494140625 -1.30160435651897 29.1796875 -79.013671875
-1.0546875 349.892578125 336.533203125 1.494140625 -1.30160435651897 29.1796875 -79.013671875
-2.021484375 351.73828125 336.533203125 1.494140625 -1.30160435651897 29.1796875 -79.013671875
-3.69140625 347.431640625 336.533203125 1.494140625 -1.30160435651897 29.1796875 -79.013671875
-5.009765625 355.4296875 336.533203125 1.494140625 -1.30160435651897 29.1796875 -79.013671875
-5.888671875 355.341796875 336.533203125 1.494140625 -1.30160435651897 29.1796875 -79.013671875
-6.943359375 355.341796875 336.533203125 1.494140625 -1.30160435651897 29.1796875 -79.013671875
-7.998046875 361.318359375 336.533203125 1.494140625 -1.30160435651897 29.1796875 -79.013671875
-9.052734375 381.005859375 336.533203125 1.494140625 -1.30160435651897 29.1796875 -79.013671875
-10.01953125 380.830078125 336.533203125 1.494140625 -1.30189179603928 29.267578125 -79.013671875
-11.07421875 380.830078125 336.533203125 1.494140625 -1.30160435651897 29.1796875 -79.013671875
-11.953125 380.830078125 336.533203125 1.494140625 -1.30160435651897 29.1796875 -79.013671875
-13.0078125 380.830078125 336.533203125 1.494140625 -1.30160435651897 29.1796875 -79.013671875
-14.0625 382.32421875 336.533203125 1.494140625 -1.30160435651897 29.1796875 -79.013671875
-15.029296875 381.708984375 336.533203125 1.494140625 -1.30160435651897 29.1796875 -79.013671875
-16.083984375 400.517578125 336.533203125 1.494140625 -1.30160435651897 29.1796875 -79.013671875
-17.05078125 400.341796875 336.533203125 1.494140625 -1.30160435651897 29.1796875 -79.013671875
-18.017578125 400.341796875 336.533203125 1.494140625 -1.30160435651897 29.1796875 -79.013671875
-18.984375 400.4296875 336.533203125 1.494140625 -1.30160435651897 29.1796875 -79.013671875
-20.0390625 400.341796875 336.533203125 1.494140625 -1.30160435651897 29.1796875 -79.013671875
-21.005859375 400.517578125 336.533203125 1.494140625 -1.30160435651897 29.1796875 -79.013671875
-21.97265625 406.40625 336.533203125 1.494140625 -1.30160435651897 29.1796875 -79.013671875
-23.02734375 406.23046875 336.533203125 1.494140625 -1.30160435651897 29.1796875 -79.013671875
-23.994140625 406.142578125 336.533203125 1.494140625 -1.30189179603928 29.267578125 -79.013671875
-24.9609375 410.009765625 336.533203125 1.494140625 -1.30189179603928 29.267578125 -79.013671875
-26.015625 417.83203125 336.533203125 1.494140625 -1.30160435651897 29.1796875 -79.013671875
-27.0703125 417.744140625 336.533203125 1.494140625 -1.30160435651897 29.1796875 -79.013671875
-27.94921875 436.728515625 336.533203125 1.494140625 -1.30160435651897 29.1796875 -79.013671875
-29.00390625 452.63671875 336.533203125 1.494140625 -1.30160435651897 29.1796875 -79.013671875
-30.05859375 452.63671875 336.533203125 1.494140625 -1.30160435651897 29.1796875 -79.013671875
-31.025390625 452.724609375 336.533203125 1.494140625 -1.30160435651897 29.1796875 -79.013671875
-31.9921875 452.724609375 336.4453125 1.494140625 -1.30189179603928 29.267578125 -79.013671875
-33.046875 452.63671875 336.533203125 1.494140625 -1.30160435651897 29.1796875 -79.013671875
-34.013671875 452.63671875 336.533203125 1.494140625 -1.30189179603928 29.267578125 -79.013671875
-34.98046875 452.63671875 336.533203125 1.494140625 -1.30160435651897 29.1796875 -79.013671875
-36.03515625 452.724609375 336.533203125 1.494140625 -1.30189179603928 29.267578125 -79.013671875
-37.001953125 452.548828125 336.533203125 1.494140625 -1.30160435651897 29.1796875 -79.013671875
-38.056640625 452.63671875 336.533203125 1.494140625 -1.30160435651897 29.1796875 -79.013671875
-39.0234375 452.63671875 336.533203125 1.494140625 -1.30160435651897 29.1796875 -79.013671875
-40.078125 452.63671875 336.533203125 1.494140625 -1.30160435651897 29.1796875 -79.013671875
-41.044921875 452.548828125 336.533203125 1.494140625 -1.30160435651897 29.1796875 -79.013671875
-42.01171875 452.548828125 336.533203125 1.494140625 -1.30160435651897 29.1796875 -79.013671875
-43.06640625 452.548828125 336.533203125 1.494140625 -1.30160435651897 29.1796875 -79.013671875
-44.033203125 452.4609375 336.533203125 1.494140625 -1.30160435651897 29.1796875 -79.013671875
-45 452.4609375 336.533203125 1.494140625 -1.30160435651897 29.1796875 -79.013671875
-46.0546875 452.4609375 336.533203125 1.494140625 -1.30160435651897 29.1796875 -79.013671875
-47.021484375 452.4609375 336.533203125 1.494140625 -1.30160435651897 29.1796875 -79.013671875
-48.076171875 452.4609375 336.533203125 1.494140625 -1.30160435651897 29.1796875 -79.013671875
-48.955078125 452.4609375 336.533203125 1.494140625 -1.30160435651897 29.1796875 -79.013671875
-50.009765625 451.845703125 336.533203125 1.494140625 -1.30160435651897 29.1796875 -79.013671875
-51.064453125 451.845703125 336.533203125 1.494140625 -1.30160435651897 29.1796875 -79.013671875
-52.03125 451.845703125 336.533203125 1.494140625 -1.30160435651897 29.1796875 -79.013671875
-53.0859375 451.845703125 336.533203125 1.494140625 -1.30160435651897 29.1796875 -79.013671875
-54.052734375 451.845703125 336.533203125 1.494140625 -1.30160435651897 29.1796875 -79.013671875
-54.931640625 451.58203125 336.533203125 1.494140625 -1.30160435651897 29.1796875 -79.013671875
-56.07421875 451.7578125 336.533203125 1.494140625 -1.30189179603928 29.267578125 -79.013671875
-57.041015625 451.58203125 336.533203125 1.494140625 -1.30160435651897 29.1796875 -79.013671875
-58.095703125 451.7578125 336.533203125 1.494140625 -1.30160435651897 29.1796875 -79.013671875
-58.974609375 451.58203125 336.533203125 1.494140625 -1.30160435651897 29.1796875 -79.013671875
-60.029296875 451.669921875 336.533203125 1.494140625 -1.30160435651897 29.1796875 -79.013671875
-61.083984375 451.58203125 336.533203125 1.494140625 -1.30160435651897 29.1796875 -79.013671875
-62.138671875 451.494140625 336.533203125 1.494140625 -1.30189179603928 29.267578125 -79.013671875
-63.017578125 451.23046875 336.533203125 1.494140625 -1.30160435651897 29.1796875 -79.013671875
-63.984375 451.23046875 336.533203125 1.494140625 -1.30160435651897 29.1796875 -79.013671875
-65.0390625 451.23046875 336.533203125 1.494140625 -1.30160435651897 29.1796875 -79.013671875
-66.09375 451.142578125 336.533203125 1.494140625 -1.30160435651897 29.1796875 -79.013671875
-67.060546875 450.615234375 336.533203125 1.494140625 -1.30160435651897 29.1796875 -79.013671875
-68.02734375 450.615234375 336.533203125 1.494140625 -1.30189179603928 29.267578125 -79.013671875
-69.08203125 450.615234375 336.533203125 1.494140625 -1.30160435651897 29.1796875 -79.013671875
-70.048828125 450.17578125 336.533203125 1.494140625 -1.30160435651897 29.1796875 -79.013671875
-71.015625 450.17578125 336.533203125 1.494140625 -1.30160435651897 29.1796875 -79.013671875
-71.982421875 450.17578125 336.533203125 1.494140625 -1.30160435651897 29.1796875 -79.013671875
-72.94921875 450.17578125 336.533203125 1.494140625 -1.30189179603928 29.267578125 -79.013671875
-74.091796875 450.17578125 336.533203125 1.494140625 -1.30160435651897 29.1796875 -79.013671875
-74.970703125 450.17578125 336.533203125 1.494140625 -1.30189179603928 29.267578125 -79.013671875
-76.025390625 450.17578125 336.533203125 1.494140625 -1.30160435651897 29.1796875 -79.013671875
-76.9921875 450.17578125 336.533203125 1.494140625 -1.30160435651897 29.1796875 -79.013671875
-78.046875 450.263671875 336.533203125 1.494140625 -1.30189179603928 29.267578125 -79.013671875
-79.013671875 450.17578125 336.533203125 1.494140625 -1.30160435651897 29.1796875 -79.013671875
-80.5078125 450.17578125 336.533203125 1.494140625 -1.30160435651897 29.1796875 -79.013671875
-81.123046875 450.17578125 336.533203125 1.494140625 -1.30160435651897 29.1796875 -79.013671875
-82.08984375 450.17578125 336.533203125 1.494140625 -1.30160435651897 29.1796875 -79.013671875
-83.056640625 450.087890625 336.533203125 1.494140625 -1.30160435651897 29.1796875 -79.013671875
-84.0234375 450.087890625 336.533203125 1.494140625 -1.30160435651897 29.1796875 -79.013671875
-84.990234375 450.087890625 336.533203125 1.494140625 -1.30160435651897 29.1796875 -79.013671875
-86.044921875 450.087890625 336.533203125 1.494140625 -1.30160435651897 29.1796875 -79.013671875
-87.099609375 450.087890625 336.533203125 1.494140625 -1.30160435651897 29.1796875 -79.013671875
-87.978515625 450.17578125 336.533203125 1.494140625 -1.30160435651897 29.1796875 -79.013671875
-89.033203125 450.087890625 336.533203125 1.494140625 -1.30189179603928 29.267578125 -79.013671875
-90 450.087890625 336.533203125 1.494140625 -1.30189179603928 29.267578125 -79.013671875
-89.560546875 450.087890625 336.533203125 1.494140625 -1.30160435651897 29.1796875 -79.013671875
-88.505859375 449.82421875 336.533203125 1.494140625 -1.30160435651897 29.1796875 -79.013671875
-87.5390625 449.82421875 336.533203125 1.494140625 -1.30189179603928 29.267578125 -79.013671875
-86.484375 449.82421875 336.533203125 1.494140625 -1.30160435651897 29.1796875 -79.013671875
-85.517578125 449.82421875 336.533203125 1.494140625 -1.30189179603928 29.267578125 -79.013671875
-84.55078125 449.6484375 336.533203125 1.494140625 -1.30160435651897 29.1796875 -79.013671875
-83.49609375 449.6484375 336.533203125 1.494140625 -1.30160435651897 29.1796875 -79.013671875
-82.529296875 449.6484375 336.533203125 1.494140625 -1.30160435651897 29.1796875 -79.013671875
-81.474609375 449.6484375 336.533203125 1.494140625 -1.30160435651897 29.1796875 -79.013671875
-80.5078125 449.12109375 336.533203125 1.494140625 -1.30160435651897 29.1796875 -79.013671875
-79.541015625 448.59375 336.533203125 1.494140625 -1.30160435651897 29.1796875 -79.013671875
-78.57421875 448.505859375 336.533203125 1.494140625 -1.30189179603928 29.267578125 -79.013671875
-77.51953125 448.505859375 336.533203125 1.494140625 -1.30160435651897 29.1796875 -79.013671875
-76.46484375 448.505859375 336.533203125 1.494140625 -1.30160435651897 29.1796875 -79.013671875
-75.498046875 448.41796875 336.533203125 1.494140625 -1.30160435651897 29.1796875 -79.013671875
-74.53125 448.06640625 336.533203125 1.494140625 -1.30160435651897 29.1796875 -79.013671875
-73.4765625 448.06640625 336.533203125 1.494140625 -1.30160435651897 29.1796875 -79.013671875
-72.509765625 447.36328125 336.533203125 1.494140625 -1.30160435651897 29.1796875 -79.013671875
-71.54296875 446.484375 336.533203125 1.494140625 -1.30189179603928 29.267578125 -79.013671875
-70.576171875 446.396484375 336.533203125 1.494140625 -1.30160435651897 29.1796875 -79.013671875
-69.521484375 445.95703125 336.533203125 1.494140625 -1.30160435651897 29.1796875 -79.013671875
-68.466796875 445.60546875 336.533203125 1.494140625 -1.30189179603928 29.267578125 -79.013671875
-67.5 445.60546875 336.533203125 1.494140625 -1.30160435651897 29.1796875 -79.013671875
-66.533203125 445.60546875 336.533203125 1.494140625 -1.30189179603928 29.267578125 -79.013671875
-65.478515625 445.341796875 336.533203125 1.494140625 -1.30160435651897 29.1796875 -79.013671875
-64.51171875 445.341796875 336.533203125 1.494140625 -1.30160435651897 29.1796875 -79.013671875
-63.544921875 445.341796875 336.533203125 1.494140625 -1.30160435651897 29.1796875 -79.013671875
-62.490234375 445.341796875 336.533203125 1.494140625 -1.30160435651897 29.1796875 -79.013671875
-61.5234375 445.25390625 336.533203125 1.494140625 -1.30160435651897 29.1796875 -79.013671875
-60.46875 445.25390625 336.533203125 1.494140625 -1.30189179603928 29.267578125 -79.013671875
-59.501953125 445.25390625 336.533203125 1.494140625 -1.30160435651897 29.1796875 -79.013671875
-58.53515625 445.25390625 336.533203125 1.494140625 -1.30160435651897 29.1796875 -79.013671875
-57.568359375 445.166015625 336.533203125 1.494140625 -1.30160435651897 29.1796875 -79.013671875
-56.42578125 445.078125 336.533203125 1.494140625 -1.30160435651897 29.1796875 -79.013671875
-55.546875 444.990234375 336.533203125 1.494140625 -1.30160435651897 29.1796875 -79.013671875
-54.580078125 444.990234375 336.533203125 1.494140625 -1.30160435651897 29.1796875 -79.013671875
-53.4375 444.90234375 336.533203125 1.494140625 -1.30160435651897 29.1796875 -79.013671875
-52.55859375 444.90234375 336.533203125 1.494140625 -1.30160435651897 29.1796875 -79.013671875
-51.6796875 444.7265625 336.533203125 1.494140625 -1.30160435651897 29.1796875 -79.013671875
-50.537109375 444.287109375 336.533203125 1.494140625 -1.30160435651897 29.1796875 -79.013671875
-49.482421875 444.19921875 336.533203125 1.494140625 -1.30160435651897 29.1796875 -79.013671875
-48.603515625 444.0234375 336.533203125 1.494140625 -1.30160435651897 29.1796875 -79.013671875
-47.548828125 444.0234375 336.533203125 1.494140625 -1.30160435651897 29.1796875 -79.013671875
-46.58203125 444.0234375 336.533203125 1.494140625 -1.30160435651897 29.1796875 -79.013671875
-45.52734375 443.935546875 336.533203125 1.494140625 -1.30160435651897 29.1796875 -79.013671875
-44.560546875 443.84765625 336.533203125 1.494140625 -1.30160435651897 29.1796875 -79.013671875
-43.59375 443.84765625 336.533203125 1.494140625 -1.30160435651897 29.1796875 -79.013671875
-42.451171875 443.84765625 336.533203125 1.494140625 -1.30160435651897 29.1796875 -79.013671875
-41.484375 431.3671875 336.533203125 1.494140625 -1.30160435651897 29.1796875 -79.013671875
-40.517578125 431.3671875 336.533203125 1.494140625 -1.30160435651897 29.1796875 -79.013671875
-39.55078125 431.3671875 336.533203125 1.494140625 -1.30160435651897 29.1796875 -79.013671875
-38.49609375 431.279296875 336.533203125 1.494140625 -1.30189179603928 29.267578125 -79.013671875
-37.529296875 431.19140625 336.533203125 1.494140625 -1.30160435651897 29.1796875 -79.013671875
-36.5625 431.19140625 336.533203125 1.494140625 -1.30189179603928 29.267578125 -79.013671875
-35.595703125 431.103515625 336.533203125 1.494140625 -1.30189179603928 29.267578125 -79.013671875
-34.453125 431.103515625 336.533203125 1.494140625 -1.30160435651897 29.1796875 -79.013671875
-33.57421875 430.927734375 336.533203125 1.494140625 -1.30189179603928 29.267578125 -79.013671875
-32.51953125 430.83984375 336.533203125 1.494140625 -1.30160435651897 29.1796875 -79.013671875
-31.46484375 430.224609375 336.533203125 1.494140625 -1.30160435651897 29.1796875 -79.013671875
-30.498046875 430.048828125 336.533203125 1.494140625 -1.30160435651897 29.1796875 -79.013671875
-29.443359375 430.048828125 336.533203125 1.494140625 -1.30160435651897 29.1796875 -79.013671875
-28.4765625 430.048828125 336.533203125 1.494140625 -1.30160435651897 29.1796875 -79.013671875
-27.509765625 430.048828125 336.533203125 1.494140625 -1.30189179603928 29.267578125 -79.013671875
-26.455078125 430.048828125 336.533203125 1.494140625 -1.30160435651897 29.1796875 -79.013671875
-25.48828125 429.873046875 336.533203125 1.494140625 -1.30160435651897 29.1796875 -79.013671875
-24.43359375 428.466796875 336.533203125 1.494140625 -1.30160435651897 29.1796875 -79.013671875
-23.5546875 428.466796875 336.533203125 1.494140625 -1.30160435651897 29.1796875 -79.013671875
-22.412109375 425.0390625 336.533203125 1.494140625 -1.30160435651897 29.1796875 -79.013671875
-21.4453125 424.951171875 336.533203125 1.494140625 -1.30160435651897 29.1796875 -79.013671875
-20.478515625 424.16015625 336.533203125 1.494140625 -1.30160435651897 29.1796875 -79.013671875
-19.51171875 423.80859375 336.533203125 1.494140625 -1.30160435651897 29.1796875 -79.013671875
-18.45703125 423.720703125 336.533203125 1.494140625 -1.30160435651897 29.1796875 -79.013671875
-17.578125 422.9296875 336.533203125 1.494140625 -1.30189179603928 29.267578125 -79.013671875
-16.5234375 419.94140625 336.533203125 1.494140625 -1.30160435651897 29.1796875 -79.013671875
-15.46875 419.853515625 336.533203125 1.494140625 -1.30160435651897 29.1796875 -79.013671875
-14.501953125 419.765625 336.533203125 1.494140625 -1.30160435651897 29.1796875 -79.013671875
-13.53515625 419.677734375 336.533203125 1.494140625 -1.30160435651897 29.1796875 -79.013671875
-12.568359375 419.58984375 336.533203125 1.494140625 -1.30160435651897 29.1796875 -79.013671875
-11.513671875 419.58984375 336.533203125 1.494140625 -1.30189179603928 29.267578125 -79.013671875
-10.458984375 418.88671875 336.533203125 1.494140625 -1.30160435651897 29.1796875 -79.013671875
-9.580078125 418.974609375 336.533203125 1.494140625 -1.18327889393383 29.1796875 -79.013671875
-8.525390625 418.88671875 336.533203125 1.494140625 -1.30160435651897 29.1796875 -79.013671875
-7.55859375 418.7109375 336.533203125 1.494140625 -1.30160435651897 29.1796875 -79.013671875
-6.591796875 418.623046875 336.533203125 1.494140625 -1.30160435651897 29.1796875 -79.013671875
-5.44921875 418.623046875 336.533203125 1.494140625 -1.30160435651897 29.1796875 -79.013671875
-4.5703125 418.623046875 336.533203125 1.494140625 -1.30160435651897 29.1796875 -79.013671875
-3.515625 418.447265625 336.533203125 1.494140625 -1.30160435651897 29.1796875 -79.013671875
-2.548828125 418.359375 336.533203125 1.494140625 -1.30160435651897 29.1796875 -79.013671875
-1.494140625 418.359375 336.533203125 1.494140625 -1.30160435651897 29.1796875 -79.013671875
-0.439453125 418.359375 336.533203125 1.494140625 -1.30160435651897 29.1796875 -79.013671875
0.52734375 418.359375 336.533203125 1.494140625 -1.30189179603928 29.267578125 -79.013671875
1.494140625 418.359375 336.533203125 1.494140625 -1.30160435651897 29.1796875 -79.013671875
2.548828125 418.271484375 336.533203125 1.494140625 -1.30160435651897 29.1796875 -79.013671875
3.515625 418.271484375 336.533203125 1.494140625 -1.30160435651897 29.1796875 -79.013671875
4.5703125 418.271484375 336.533203125 1.494140625 -1.30160435651897 29.1796875 -79.013671875
5.44921875 418.271484375 336.533203125 1.494140625 -1.30189179603928 29.267578125 -79.013671875
6.591796875 418.271484375 336.533203125 1.494140625 -1.30160435651897 29.1796875 -79.013671875
7.646484375 418.271484375 336.533203125 1.494140625 -1.30160435651897 29.1796875 -79.013671875
8.525390625 418.18359375 336.533203125 1.494140625 -1.30160435651897 29.1796875 -79.013671875
9.580078125 418.18359375 336.533203125 1.494140625 -1.30189179603928 29.267578125 -79.013671875
10.634765625 418.18359375 336.533203125 1.494140625 -1.30160435651897 29.1796875 -79.013671875
11.513671875 418.18359375 336.533203125 1.494140625 -1.30160435651897 29.1796875 -79.013671875
12.568359375 418.18359375 336.533203125 1.494140625 -1.30160435651897 29.1796875 -79.013671875
13.623046875 418.18359375 336.533203125 1.494140625 -1.30160435651897 29.1796875 -79.013671875
14.501953125 418.18359375 336.533203125 1.494140625 -1.30189179603928 29.267578125 -79.013671875
15.556640625 418.18359375 336.533203125 1.494140625 -1.30160435651897 29.1796875 -79.013671875
16.5234375 418.18359375 336.533203125 1.494140625 -1.30160435651897 29.1796875 -79.013671875
17.490234375 418.18359375 336.533203125 1.494140625 -1.30160435651897 29.1796875 -79.013671875
18.544921875 418.18359375 336.533203125 1.494140625 -1.30189179603928 29.267578125 -79.013671875
19.51171875 418.18359375 336.533203125 1.494140625 -1.30189179603928 29.267578125 -79.013671875
20.56640625 418.18359375 336.533203125 1.494140625 -1.30160435651897 29.1796875 -79.013671875
21.533203125 418.18359375 336.533203125 1.494140625 -1.30160435651897 29.1796875 -79.013671875
22.5 418.18359375 336.533203125 1.494140625 -1.30160435651897 29.1796875 -79.013671875
23.5546875 418.18359375 336.533203125 1.494140625 -1.30160435651897 29.1796875 -79.013671875
24.521484375 418.18359375 336.533203125 1.494140625 -1.30160435651897 29.1796875 -79.013671875
25.48828125 418.18359375 336.533203125 1.494140625 -1.30160435651897 29.1796875 -79.013671875
26.455078125 418.18359375 336.533203125 1.494140625 -1.30160435651897 29.1796875 -79.013671875
27.509765625 418.18359375 336.533203125 1.494140625 -1.30160435651897 29.1796875 -79.013671875
28.4765625 418.18359375 336.533203125 1.494140625 -1.30189179603928 29.267578125 -79.013671875
29.443359375 418.18359375 336.533203125 1.494140625 -1.30160435651897 29.1796875 -79.013671875
30.5859375 418.18359375 336.533203125 1.494140625 -1.30160435651897 29.1796875 -79.013671875
31.552734375 418.18359375 336.533203125 1.494140625 -1.30160435651897 29.1796875 -79.013671875
32.51953125 418.18359375 336.533203125 1.494140625 -1.30189179603928 29.267578125 -79.013671875
33.486328125 418.18359375 336.533203125 1.494140625 -1.30189179603928 29.267578125 -79.013671875
34.453125 418.18359375 336.533203125 1.494140625 -1.30160435651897 29.1796875 -79.013671875
35.595703125 418.271484375 336.533203125 1.494140625 -1.30160435651897 29.1796875 -79.013671875
36.474609375 418.18359375 336.533203125 1.494140625 -1.30189179603928 29.267578125 -79.013671875
37.529296875 418.18359375 336.533203125 1.494140625 -1.30160435651897 29.1796875 -79.013671875
38.583984375 418.271484375 336.533203125 1.494140625 -1.30189179603928 29.267578125 -79.013671875
39.462890625 418.271484375 336.533203125 1.494140625 -1.30160435651897 29.1796875 -79.013671875
40.517578125 418.271484375 336.533203125 1.494140625 -1.30160435651897 29.1796875 -79.013671875
41.484375 418.271484375 336.533203125 1.494140625 -1.30160435651897 29.1796875 -79.013671875
42.5390625 418.18359375 336.533203125 1.494140625 -1.30160435651897 29.1796875 -79.013671875
43.59375 418.18359375 336.533203125 1.494140625 -1.30160435651897 29.1796875 -79.013671875
44.47265625 418.271484375 336.533203125 1.494140625 -1.30189179603928 29.267578125 -79.013671875
45.439453125 418.18359375 336.533203125 1.494140625 -1.30160435651897 29.1796875 -79.013671875
46.494140625 418.18359375 336.533203125 1.494140625 -1.30160435651897 29.1796875 -79.013671875
47.63671875 418.18359375 336.533203125 1.494140625 -1.30189179603928 29.267578125 -79.013671875
48.515625 418.18359375 336.533203125 1.494140625 -1.30189179603928 29.267578125 -79.013671875
49.482421875 418.271484375 336.533203125 1.494140625 -1.30189179603928 29.267578125 -79.013671875
50.537109375 418.18359375 336.533203125 1.494140625 -1.30160435651897 29.1796875 -79.013671875
51.591796875 415.1953125 336.533203125 1.494140625 -1.30189179603928 29.267578125 -79.013671875
52.470703125 415.1953125 336.533203125 1.494140625 -1.30189179603928 29.267578125 -79.013671875
53.525390625 415.1953125 336.533203125 1.494140625 -1.30160435651897 29.1796875 -79.013671875
54.580078125 415.283203125 336.533203125 1.494140625 -1.30189179603928 29.267578125 -79.013671875
55.458984375 415.1953125 336.533203125 1.494140625 -1.30160435651897 29.1796875 -79.013671875
56.513671875 415.1953125 336.533203125 1.494140625 -1.30160435651897 29.1796875 -79.013671875
57.48046875 415.1953125 336.533203125 1.494140625 -1.30160435651897 29.1796875 -79.013671875
58.53515625 415.283203125 336.533203125 1.494140625 -1.30189179603928 29.267578125 -79.013671875
59.501953125 415.283203125 336.533203125 1.494140625 -1.30189179603928 29.267578125 -79.013671875
60.556640625 415.283203125 336.533203125 1.494140625 -1.30189179603928 29.267578125 -79.013671875
61.5234375 415.458984375 336.533203125 1.494140625 -1.30160435651897 29.1796875 -79.013671875
62.490234375 409.21875 336.533203125 1.494140625 -1.30160435651897 29.1796875 -79.013671875
63.544921875 409.21875 336.533203125 1.494140625 -1.30189179603928 29.267578125 -79.013671875
64.51171875 409.130859375 336.533203125 1.494140625 -1.30160435651897 29.1796875 -79.013671875
65.478515625 409.21875 336.533203125 1.494140625 -1.18327889393383 29.1796875 -79.013671875
66.4453125 409.130859375 336.533203125 1.494140625 -1.30160435651897 29.1796875 -79.013671875
67.587890625 409.21875 336.533203125 1.494140625 -1.30160435651897 29.1796875 -79.013671875
68.466796875 409.21875 336.533203125 1.494140625 -1.30160435651897 29.1796875 -79.013671875
69.521484375 409.21875 336.533203125 1.494140625 -1.30189179603928 29.267578125 -79.013671875
70.48828125 409.21875 336.533203125 1.494140625 -1.30160435651897 29.1796875 -79.013671875
71.455078125 409.21875 336.533203125 1.494140625 -1.30160435651897 29.1796875 -79.013671875
72.421875 409.21875 336.533203125 1.494140625 -1.30189179603928 29.267578125 -79.013671875
73.564453125 409.21875 336.533203125 1.494140625 -1.30160435651897 29.1796875 -79.013671875
74.443359375 409.21875 336.533203125 1.494140625 -1.30189179603928 29.267578125 -79.013671875
75.41015625 409.21875 336.533203125 1.494140625 -1.30189179603928 29.267578125 -79.013671875
76.46484375 409.21875 336.533203125 1.494140625 -1.30160435651897 29.1796875 -79.013671875
77.51953125 409.21875 336.533203125 1.494140625 -1.30160435651897 29.1796875 -79.013671875
78.57421875 409.21875 336.533203125 1.494140625 -1.30160435651897 29.1796875 -79.013671875
79.541015625 409.21875 336.533203125 1.494140625 -1.30189179603928 29.267578125 -79.013671875
80.5078125 409.21875 336.533203125 1.494140625 -1.30160435651897 29.1796875 -79.013671875
81.5625 409.21875 336.533203125 1.494140625 -1.30160435651897 29.1796875 -79.013671875
82.529296875 409.21875 336.533203125 1.494140625 -1.30189179603928 29.267578125 -79.013671875
83.49609375 409.21875 336.533203125 1.494140625 -1.30160435651897 29.1796875 -79.013671875
85.4296875 409.21875 336.533203125 1.494140625 -1.30189179603928 29.267578125 -79.013671875
86.484375 409.21875 336.533203125 1.494140625 -1.30189179603928 29.267578125 -79.013671875
87.5390625 409.21875 336.533203125 1.494140625 -1.30189179603928 29.267578125 -79.013671875
88.505859375 409.21875 336.533203125 1.494140625 -1.30189179603928 29.267578125 -79.013671875
89.47265625 409.21875 336.533203125 1.494140625 -1.30189179603928 29.267578125 -79.013671875
90.439453125 409.21875 336.533203125 1.494140625 -1.30189179603928 29.267578125 -79.013671875
91.494140625 409.21875 336.533203125 1.494140625 -1.30189179603928 29.267578125 -79.013671875
92.548828125 409.21875 336.533203125 1.494140625 -1.30189179603928 29.267578125 -79.013671875
93.515625 409.21875 336.533203125 1.494140625 -1.30189179603928 29.267578125 -79.013671875
94.5703125 409.21875 336.533203125 1.494140625 -1.30160435651897 29.1796875 -79.013671875
