89.6
89.9
90.9
91.8
92.5
93.3
94.5
95.6
96.6
97.7
98.8
99.9
101.0
102.1
103.25
104.4
105.5
106.7
107.9
109.1
110.4
111.6
113.1
114
115.2
116.2
117.3
118.5
119.5
120.4
121.3
122.4
123.3
124.3
125.1
126.2
126.7
127.7
128.6
129.4
130.3
131.2
132.1
132.9
133.8
134.7
135.5
136.4
137.2
138.1
138.8
139.8
140.8
141.6
142.5
143.2
144.4
145.3
146.3
147.5
148.6
149.7
150.9
152.0
153.1
154.3
155.3
156.3
157.3
158.3
159.4
160.5
161.4
162.5
163.4
164.4
165.4
166.3
167.3
168.3
169.2
170.2
171.2
172.1
173.1
174.2
175.2
176.1
177.0
177.7
178.6
179.3
180.2
181.0
181.8
182.5
183.8
184.9
185.7
186.6
187.5
188.5
189.3
190.2
191.0
192.0
193.0
193.9
195.0
196.0
197.0
198.0
199.1
200.2
201.3
202.4
203.6
204.9
206.1
207.4
208.8
210.2
211.8
213.2
214.6
215.9
216.9
217.9
218.95
219.9
220.8
221.9
222.9
223.8
225.1
226.3
227.7
229.1
230.6
232.0
233.4
234.7
236.0
237.2
238.4
239.5
240.6
241.6
242.7
243.8
244.8
245.7
246.7
247.7
248.6
249.4
250.2
251.2
252.0
252.9
253.6
254.6
255.3
256.1
256.8
257.6
258.5
259.2
259.9
260.7
261.6
262.3
263.55
264.2
265.2
266.1
267.1
268.1
269.1
270.2
271.0
272.0
273.0
272.6
271.5
270.6
269.5
268.55
267.6         
266.5
265.5
264.4
263.5
262.6
261.8
261.0
260.3
259.5
258.5
257.9
257.1
256.4
255.6
254.8
253.9
253.1
252.4
251.5
250.7
249.8
248.9
248.0
247.0
246.1
245.1
244.2
243.1
242.2
241.1
239.9
238.8
237.8
236.6
235.2
233.8
232.6
231.3
229.7
228.4
226.9
225.6
224.3
223.2
222.3
221.3
220.2
219.3
218.3
217.2
216.3
215.2
213.9
212.4
211.0
209.5
208.1
206.8
205.5
204.2
203.1
201.8
200.7
199.5
198.5
197.5
196.5
195.4
194.4
193.4
192.5
191.7
190.7
189.8
189.1
188.1
187.3
186.6
185.6
184.9
184.1
183.2
182.4
181.7
180.9
180.2
179.2
178.45
177.7
177.0
175.9
174.9
173.9
172.9
172.0
171.0
170.0
169.0
168.1
167.1
166.2
165.2
164.2
163.2
162.2
161.1
160.1
159.1
158.1
157.0
156.1
154.9
153.8
152.7
151.5
150.4
149.4
148.2
147.0
146.0
145.0
144.1
143.1
142.4
141.5
140.6
139.7
138.8
138.0
137.2
136.4
135.4
134.7
133.8
132.8
132.0
131.3
130.5
129.5
128.7
127.8
127.0
126.2
125.2
124.4
123.5
122.6
121.7
120.8
119.9
119.0
118.0
117.1
116.0
114.8
113.7
112.4
111.1
110.1
108.9
107.7
106.5
105.3
104.2
103.2
102.0
101.0
99.9
98.0
96.9
95.8
94.7
93.8
92.7
91.7
90.7
89.9
89.0