DataSet: 1
92.724609375 279.140625 359.6484375 1.494140625 -1.30160435651897 29.1796875 -79.013671875
390.961 236.722 -341.493 570.531
-0.9685562 -0.1168326 0.2196565 390.9613 -0.09875949 0.9908892 0.09157033 236.7218 -0.2283536 0.06699785 -0.9712703 -341.4927 0 0 0 1
DataSet: 2
92.021484375 279.228515625 356.8359375 1.494140625 -1.30160435651897 29.1796875 -79.013671875
391.834 224.633 -337.942 564.091
-0.9667517 -0.1173499 0.2272008 391.8336 -0.09875949 0.9908892 0.09157033 224.6333 -0.2358766 0.06608752 -0.9695332 -337.942 0 0 0 1
DataSet: 3
91.0546875 279.228515625 356.748046875 1.494140625 -1.30160435651897 29.1796875 -79.013671875
396.050 224.257 -332.882 563.877
-0.9636536 -0.1181861 0.239591 396.0501 -0.09875949 0.9908892 0.09157033 224.2574 -0.2482305 0.06458018 -0.9665459 -332.8816 0 0 0 1
DataSet: 4
90 279.228515625 356.484375 1.494140625 -1.30160435651897 29.1796875 -79.013671875
403.844 223.130 -323.041 563.234
-0.9572898 -0.1197312 0.2631742 403.8436 -0.09875949 0.9908892 0.09157033 223.1302 -0.2717403 0.06166838 -0.9603927 -323.0409 0 0 0 1
DataSet: 5
89.033203125 279.140625 356.8359375 1.494140625 -1.30160435651897 29.1796875 -79.013671875
408.087 224.633 -317.622 563.808
-0.9535407 -0.1205515 0.2760932 408.0871 -0.09875949 0.9908892 0.09157033 224.6333 -0.2846167 0.06004921 -0.9567588 -317.6223 0 0 0 1
DataSet: 6
88.06640625 279.140625 355.517578125 1.494140625 -1.30160435651897 29.1796875 -79.013671875
409.294 219.007 -314.255 560.573
-0.9513269 -0.121009 0.2834323 409.2943 -0.09875949 0.9908892 0.09157033 219.0068 -0.2919309 0.05912168 -0.9546104 -314.2552 0 0 0 1
DataSet: 7
86.923828125 279.140625 354.990234375 1.494140625 -1.30189179603928 29.267578125 -79.013671875
417.653 216.705 -301.613 558.897
-0.9419049 -0.1242472 0.3120542 417.6532 -0.1001219 0.99069 0.09224389 216.705 -0.32061 0.0556415 -0.9455756 -301.6126 0 0 0 1
DataSet: 8
85.95703125 279.140625 353.49609375 1.494140625 -1.30160435651897 29.1796875 -79.013671875
423.880 210.438 -290.922 555.512
-0.9337694 -0.1240869 0.3356741 423.88 -0.09875949 0.9908892 0.09157033 210.4377 -0.3439785 0.05235456 -0.9375168 -290.9221 0 0 0 1
DataSet: 9
84.990234375 280.107421875 350.947265625 1.494140625 -1.30189179603928 29.267578125 -79.013671875
420.949 199.688 -295.517 551.728
-0.9378062 -0.1249358 0.3238988 420.9491 -0.1001219 0.99069 0.09224389 199.6885 -0.3324079 0.05407752 -0.9415841 -295.5172 0 0 0 1
DataSet: 10
83.935546875 280.107421875 350.244140625 1.494140625 -1.30160435651897 29.1796875 -79.013671875
427.385 196.824 -285.290 550.262
-0.9297544 -0.1246804 0.3464268 427.3855 -0.09875949 0.9908892 0.09157033 196.8237 -0.3546876 0.05092498 -0.933597 -285.2901 0 0 0 1
DataSet: 11
82.96875 282.744140625 348.3984375 1.494140625 -1.30189179603928 29.267578125 -79.013671875
429.366 189.145 -293.562 553.453
-0.937323 -0.1250141 0.3252647 429.366 -0.1001219 0.99069 0.09224389 189.1453 -0.3337682 0.05389619 -0.9411132 -293.562 0 0 0 1
DataSet: 12
82.001953125 282.744140625 348.310546875 1.494140625 -1.30160435651897 29.1796875 -79.013671875
430.696 188.844 -292.068 553.593
-0.9363046 -0.1236937 0.3286846 430.6956 -0.09875949 0.9908892 0.09157033 188.8439 -0.3370167 0.05327699 -0.93999 -292.0685 0 0 0 1
DataSet: 13
80.947265625 282.744140625 347.431640625 1.494140625 -1.30160435651897 29.1796875 -79.013671875
435.376 185.248 -282.833 551.238
-0.9290413 -0.1247823 0.3482982 435.3758 -0.09875949 0.9908892 0.09157033 185.248 -0.3565513 0.05067486 -0.9329004 -282.8327 0 0 0 1
DataSet: 14
79.98046875 282.744140625 347.431640625 1.494140625 -1.30160435651897 29.1796875 -79.013671875
440.725 185.248 -274.422 551.238
-0.9220252 -0.1257321 0.3661433 440.7252 -0.09875949 0.9908892 0.09157033 185.248 -0.3743208 0.04827002 -0.9260421 -274.4225 0 0 0 1
DataSet: 15
78.92578125 282.83203125 347.431640625 1.494140625 -1.30160435651897 29.1796875 -79.013671875
446.349 185.248 -265.755 551.516
-0.9145864 -0.1266453 0.3840477 446.3494 -0.09875949 0.9908892 0.09157033 185.248 -0.3921456 0.04582062 -0.9187613 -265.7551 0 0 0 1
DataSet: 16
77.958984375 282.919921875 347.16796875 1.494140625 -1.30160435651897 29.1796875 -79.013671875
454.654 184.173 -251.125 551.084
-0.9014591 -0.1280576 0.4134885 454.6541 -0.09875949 0.9908892 0.09157033 184.1733 -0.4214476 0.04171098 -0.905893 -251.1249 0 0 0 1
DataSet: 17
76.9921875 282.919921875 347.16796875 1.494140625 -1.30160435651897 29.1796875 -79.013671875
458.301 184.173 -244.406 551.084
-0.8951584 -0.1286577 0.426777 458.301 -0.09875949 0.9908892 0.09157033 184.1733 -0.43467 0.03982166 -0.899709 -244.4059 0 0 0 1
DataSet: 18
76.025390625 282.919921875 346.9921875 1.494140625 -1.30160435651897 29.1796875 -79.013671875
461.569 183.458 -237.630 550.609
-0.8886638 -0.1292298 0.4399731 461.5688 -0.09875949 0.9908892 0.09157033 183.4578 -0.4477982 0.03792371 -0.89333 -237.6305 0 0 0 1
DataSet: 19
74.970703125 284.501953125 346.2890625 1.494140625 -1.30189179603928 29.267578125 -79.013671875
466.972 180.545 -235.547 553.301
-0.8880703 -0.1307858 0.440711 466.9725 -0.1001219 0.99069 0.09224389 180.5453 -0.4486722 0.03779422 -0.8928969 -235.5466 0 0 0 1
DataSet: 20
74.00390625 284.501953125 345.673828125 1.494140625 -1.30160435651897 29.1796875 -79.013671875
472.604 178.119 -222.762 552.000
-0.8757209 -0.1302451 0.4649185 472.6036 -0.09875949 0.9908892 0.09157033 178.1194 -0.4726093 0.03427492 -0.8806053 -222.7619 0 0 0 1
DataSet: 21
72.94921875 284.501953125 344.619140625 1.494140625 -1.30160435651897 29.1796875 -79.013671875
472.646 173.885 -218.811 549.098
-0.8717029 -0.1305296 0.4723305 472.6462 -0.09875949 0.9908892 0.09157033 173.8847 -0.4799798 0.033175 -0.8766521 -218.8112 0 0 0 1
DataSet: 22
71.982421875 296.806640625 343.212890625 1.494140625 -1.30160435651897 29.1796875 -79.013671875
471.980 168.291 -294.479 581.209
-0.9478272 -0.1216961 0.2946418 471.9797 -0.09875949 0.9908892 0.09157033 168.291 -0.3031011 0.05769416 -0.9512103 -294.4786 0 0 0 1
DataSet: 23
70.927734375 297.59765625 343.037109375 1.494140625 -1.30160435651897 29.1796875 -79.013671875
477.591 167.596 -289.035 582.858
-0.9450477 -0.1222128 0.3032306 477.591 -0.09875949 0.9908892 0.09157033 167.5962 -0.311659 0.05659143 -0.9485073 -289.0351 0 0 0 1
DataSet: 24
69.9609375 297.509765625 342.685546875 1.494140625 -1.30160435651897 29.1796875 -79.013671875
484.196 166.209 -276.097 581.636
-0.9362985 -0.1236946 0.3287017 484.1956 -0.09875949 0.9908892 0.09157033 166.2094 -0.3370337 0.05327474 -0.9399841 -276.0966 0 0 0 1
DataSet: 25
69.08203125 297.59765625 342.59765625 1.494140625 -1.30160435651897 29.1796875 -79.013671875
490.245 165.863 -265.401 581.626
-0.9287919 -0.1248177 0.3489499 490.2451 -0.09875949 0.9908892 0.09157033 165.8634 -0.3572003 0.05058766 -0.9326569 -265.4005 0 0 0 1
DataSet: 26
68.02734375 297.59765625 342.333984375 1.494140625 -1.30160435651897 29.1796875 -79.013671875
493.809 164.827 -257.702 580.883
-0.9231295 -0.1255887 0.3633998 493.8089 -0.09875949 0.9908892 0.09157033 164.8267 -0.3715892 0.04864208 -0.9271221 -257.7023 0 0 0 1
DataSet: 27
67.060546875 297.59765625 342.24609375 1.494140625 -1.30189179603928 29.267578125 -79.013671875
496.837 164.422 -250.602 580.244
-0.9175681 -0.1277866 0.3764829 496.8373 -0.1001219 0.99069 0.09224389 164.4224 -0.3847654 0.04694586 -0.9218197 -250.6016 0 0 0 1
DataSet: 28
66.09375 297.59765625 342.158203125 1.494140625 -1.30189179603928 29.267578125 -79.013671875
502.702 164.078 -238.253 579.996
-0.907792 -0.1289064 0.39912 502.7022 -0.1001219 0.99069 0.09224389 164.0776 -0.407295 0.0437776 -0.9122468 -238.2529 0 0 0 1
DataSet: 29
64.951171875 298.212890625 340.927734375 1.494140625 -1.30160435651897 29.1796875 -79.013671875
504.671 159.337 -233.718 578.538
-0.9053164 -0.1276666 0.405097 504.6714 -0.09875949 0.9908892 0.09157033 159.3369 -0.4130967 0.04289294 -0.9096765 -233.7184 0 0 0 1
DataSet: 30
64.072265625 299.267578125 340.83984375 1.494140625 -1.30160435651897 29.1796875 -79.013671875
506.787 158.996 -235.674 581.080
-0.9085661 -0.1273222 0.3978653 506.7865 -0.09875949 0.9908892 0.09157033 158.996 -0.4058994 0.04390471 -0.9128626 -235.6737 0 0 0 1
DataSet: 31
63.017578125 299.267578125 340.400390625 1.494140625 -1.30160435651897 29.1796875 -79.013671875
510.522 157.296 -225.420 579.818
-0.9002367 -0.1281777 0.4161063 510.5222 -0.09875949 0.9908892 0.09157033 157.2957 -0.4240525 0.04134052 -0.9046935 -225.4203 0 0 0 1
DataSet: 32
61.962890625 299.267578125 339.521484375 1.494140625 -1.30160435651897 29.1796875 -79.013671875
513.120 153.915 -215.094 577.276
-0.8915446 -0.1289816 0.4341796 513.1198 -0.09875949 0.9908892 0.09157033 153.9153 -0.4420348 0.03875967 -0.8961601 -215.0943 0 0 0 1
DataSet: 33
60.99609375 299.35546875 339.08203125 1.494140625 -1.30160435651897 29.1796875 -79.013671875
514.362 152.236 -210.459 576.227
-0.8876967 -0.1293113 0.4418972 514.3622 -0.09875949 0.9908892 0.09157033 152.2355 -0.4497122 0.03764514 -0.8923798 -210.4592 0 0 0 1
DataSet: 34
59.94140625 299.443359375 338.818359375 1.494140625 -1.30160435651897 29.1796875 -79.013671875
516.633 151.231 -204.045 575.686
-0.8822063 -0.129756 0.4526317 516.633 -0.09875949 0.9908892 0.09157033 151.231 -0.4603896 0.03608224 -0.8869833 -204.0452 0 0 0 1
DataSet: 35
58.974609375 299.443359375 338.818359375 1.494140625 -1.30160435651897 29.1796875 -79.013671875
519.590 151.231 -196.393 575.686
-0.8753113 -0.1302748 0.465681 519.5899 -0.09875949 0.9908892 0.09157033 151.231 -0.4733675 0.03416212 -0.8802024 -196.3935 0 0 0 1
DataSet: 36
57.919921875 299.53125 338.37890625 1.494140625 -1.30160435651897 29.1796875 -79.013671875
523.207 149.563 -184.614 574.627
-0.8645615 -0.1310026 0.4851512 523.2067 -0.09875949 0.9908892 0.09157033 149.5626 -0.492727 0.03125489 -0.8696225 -184.6136 0 0 0 1
DataSet: 37
57.041015625 299.53125 338.291015625 1.494140625 -1.30160435651897 29.1796875 -79.013671875
525.250 149.230 -178.164 574.369
-0.8584257 -0.1313778 0.4958278 525.2499 -0.09875949 0.9908892 0.09157033 149.2298 -0.5033408 0.02963861 -0.8635796 -178.1637 0 0 0 1
DataSet: 38
55.986328125 299.53125 338.291015625 1.494140625 -1.30160435651897 29.1796875 -79.013671875
527.826 149.230 -170.379 574.369
-0.8508908 -0.1318016 0.5085403 527.8264 -0.09875949 0.9908892 0.09157033 149.2298 -0.5159763 0.02769316 -0.8561552 -170.3793 0 0 0 1
DataSet: 39
55.01953125 299.619140625 337.587890625 1.494140625 -1.30189179603928 29.267578125 -79.013671875
528.183 146.518 -163.966 572.127
-0.8444453 -0.1336388 0.5187029 528.183 -0.1001219 0.99069 0.09224389 146.5184 -0.5262011 0.02596139 -0.8499638 -163.9657 0 0 0 1
DataSet: 40
54.052734375 299.619140625 337.32421875 1.494140625 -1.30160435651897 29.1796875 -79.013671875
530.672 145.588 -155.163 571.738
-0.8357572 -0.1325409 0.5328628 530.6724 -0.09875949 0.9908892 0.09157033 145.5879 -0.5401449 0.02390529 -0.8412325 -155.1629 0 0 0 1
DataSet: 41
53.0859375 299.619140625 336.884765625 1.494140625 -1.30160435651897 29.1796875 -79.013671875
531.532 143.944 -148.805 570.429
-0.8291279 -0.1328218 0.5430518 531.5318 -0.09875949 0.9908892 0.09157033 143.9444 -0.5502667 0.02229198 -0.8346913 -148.805 0 0 0 1
DataSet: 42
52.03125 299.619140625 336.884765625 1.494140625 -1.30160435651897 29.1796875 -79.013671875
533.459 143.944 -141.742 570.429
-0.8217562 -0.1331058 0.5540755 533.4588 -0.09875949 0.9908892 0.09157033 143.9444 -0.561216 0.02052826 -0.8274148 -141.7416 0 0 0 1
DataSet: 43
51.064453125 299.619140625 336.884765625 1.494140625 -1.30160435651897 29.1796875 -79.013671875
535.731 143.944 -132.897 570.429
-0.8123595 -0.1334272 0.5676877 535.7307 -0.09875949 0.9908892 0.09157033 143.9444 -0.5747336 0.01832346 -0.8181354 -132.8971 0 0 0 1
DataSet: 44
50.09765625 299.619140625 336.796875 1.494140625 -1.30160435651897 29.1796875 -79.013671875
537.861 143.617 -123.163 570.166
-0.8017723 -0.1337384 0.5824734 537.8612 -0.09875949 0.9908892 0.09157033 143.6166 -0.589413 0.01589377 -0.8076755 -123.1626 0 0 0 1
DataSet: 45
49.04296875 299.619140625 336.796875 1.494140625 -1.30160435651897 29.1796875 -79.013671875
539.121 143.617 -117.523 570.166
-0.7955561 -0.1338975 0.5908992 539.1215 -0.09875949 0.9908892 0.09157033 143.6166 -0.5977767 0.01449242 -0.8015316 -117.5235 0 0 0 1
DataSet: 46
48.076171875 299.70703125 336.796875 1.494140625 -1.30160435651897 29.1796875 -79.013671875
541.090 143.617 -109.304 570.396
-0.7866492 -0.1340967 0.6026617 541.0898 -0.09875949 0.9908892 0.09157033 143.6166 -0.6094503 0.01251516 -0.7927255 -109.3044 0 0 0 1
DataSet: 47
47.021484375 300.76171875 336.796875 1.494140625 -1.30160435651897 29.1796875 -79.013671875
544.507 143.617 -106.600 573.129
-0.7870373 -0.1340887 0.6021565 544.5068 -0.09875949 0.9908892 0.09157033 143.6166 -0.6089489 0.01260059 -0.7931094 -106.6001 0 0 0 1
DataSet: 48
45.966796875 300.76171875 336.708984375 1.494140625 -1.30189179603928 29.267578125 -79.013671875
545.298 143.230 -99.288 572.471
-0.778469 -0.1357354 0.6128311 545.2983 -0.1001219 0.99069 0.09224389 143.2298 -0.6196464 0.01045117 -0.7848115 -99.28801 0 0 0 1
DataSet: 49
45 300.76171875 336.708984375 1.494140625 -1.30160435651897 29.1796875 -79.013671875
547.023 143.289 -91.702 572.866
-0.7700805 -0.1343833 0.6236322 547.0233 -0.09875949 0.9908892 0.09157033 143.2891 -0.6302559 0.008926924 -0.7763361 -91.70248 0 0 0 1
DataSet: 50
44.033203125 300.76171875 336.708984375 1.494140625 -1.30160435651897 29.1796875 -79.013671875
548.398 143.289 -83.086 572.866
-0.7600703 -0.1345071 0.635768 548.3982 -0.09875949 0.9908892 0.09157033 143.2891 -0.6422925 0.006811761 -0.7664294 -83.0856 0 0 0 1
DataSet: 51
43.06640625 300.76171875 336.708984375 1.494140625 -1.30160435651897 29.1796875 -79.013671875
549.637 143.289 -74.448 572.866
-0.749872 -0.1345976 0.6477464 549.6374 -0.09875949 0.9908892 0.09157033 143.2891 -0.6541701 0.004694912 -0.7563329 -74.44817 0 0 0 1
DataSet: 52
42.099609375 300.849609375 336.708984375 1.494140625 -1.30160435651897 29.1796875 -79.013671875
550.824 143.289 -67.051 573.092
-0.7413428 -0.1346471 0.6574808 550.8237 -0.09875949 0.9908892 0.09157033 143.2891 -0.6638203 0.00295253 -0.7478863 -67.05145 0 0 0 1
DataSet: 53
40.95703125 302.080078125 336.708984375 1.494140625 -1.30160435651897 29.1796875 -79.013671875
554.206 143.289 -66.022 576.225
-0.7447946 -0.1346299 0.6535716 554.2059 -0.09875949 0.9908892 0.09157033 143.2891 -0.6599451 0.003654682 -0.7513049 -66.02195 0 0 0 1
DataSet: 54
39.990234375 302.080078125 336.708984375 1.494140625 -1.30160435651897 29.1796875 -79.013671875
555.085 143.289 -58.173 576.225
-0.7353815 -0.1346681 0.6641374 555.0847 -0.09875949 0.9908892 0.09157033 143.2891 -0.6704182 0.001749252 -0.7419814 -58.17312 0 0 0 1
DataSet: 55
39.0234375 302.080078125 336.708984375 1.494140625 -1.30160435651897 29.1796875 -79.013671875
556.045 143.289 -48.134 576.225
-0.7231482 -0.1346777 0.6774353 556.0451 -0.09875949 0.9908892 0.09157033 143.2891 -0.6835958 -0.0006842578 -0.7298604 -48.13418 0 0 0 1
DataSet: 56
38.056640625 302.080078125 336.708984375 1.494140625 -1.30160435651897 29.1796875 -79.013671875
556.689 143.289 -40.004 576.225
-0.713082 -0.1346534 0.688028 556.6891 -0.09875949 0.9908892 0.09157033 143.2891 -0.6940898 -0.002652141 -0.7198836 -40.00393 0 0 0 1
DataSet: 57
37.001953125 302.255859375 336.708984375 1.494140625 -1.30160435651897 29.1796875 -79.013671875
557.547 143.289 -33.992 576.668
-0.7062941 -0.1346212 0.6950005 557.5466 -0.09875949 0.9908892 0.09157033 143.2891 -0.7009959 -0.003962323 -0.7131543 -33.99217 0 0 0 1
DataSet: 58
36.03515625 302.255859375 336.708984375 1.494140625 -1.30189179603928 29.267578125 -79.013671875
557.681 143.230 -23.781 576.271
-0.6929772 -0.1359589 0.7080238 557.6809 -0.1001219 0.99069 0.09224389 143.2298 -0.7139735 -0.0069658 -0.700138 -23.781 0 0 0 1
DataSet: 59
35.068359375 302.255859375 336.708984375 1.494140625 -1.30189179603928 29.267578125 -79.013671875
558.026 143.230 -13.428 576.271
-0.6796082 -0.1358062 0.7208948 558.0262 -0.1001219 0.99069 0.09224389 143.2298 -0.7267106 -0.009487671 -0.6868783 -13.42768 0 0 0 1
DataSet: 60
34.013671875 302.255859375 336.708984375 1.494140625 -1.30160435651897 29.1796875 -79.013671875
558.569 143.289 -3.760 576.668
-0.6673113 -0.1342093 0.7325869 558.5692 -0.09875949 0.9908892 0.09157033 143.2891 -0.738202 -0.011244 -0.674486 -3.760493 0 0 0 1
DataSet: 61
32.958984375 302.255859375 336.708984375 1.494140625 -1.30160435651897 29.1796875 -79.013671875
558.520 143.289 8.304 576.668
-0.6512129 -0.1339352 0.7469828 558.5201 -0.09875949 0.9908892 0.09157033 143.2891 -0.7524416 -0.01413986 -0.6585072 8.303675 0 0 0 1
DataSet: 62
32.080078125 302.255859375 336.708984375 1.494140625 -1.30160435651897 29.1796875 -79.013671875
558.280 143.289 18.354 576.668
-0.6375651 -0.133659 0.7587134 558.2802 -0.09875949 0.9908892 0.09157033 143.2891 -0.7640401 -0.0165481 -0.6449565 18.35443 0 0 0 1
DataSet: 63
31.025390625 302.255859375 336.708984375 1.494140625 -1.30160435651897 29.1796875 -79.013671875
557.751 143.289 30.455 576.668
-0.620849 -0.1332687 0.7725192 557.751 -0.09875949 0.9908892 0.09157033 143.2891 -0.7776845 -0.01944227 -0.6283541 30.455 0 0 0 1
DataSet: 64
30.05859375 302.255859375 336.708984375 1.494140625 -1.30160435651897 29.1796875 -79.013671875
557.026 143.289 41.666 576.668
-0.605083 -0.1328508 0.7850001 557.0257 -0.09875949 0.9908892 0.09157033 143.2891 -0.7900134 -0.02211857 -0.6126905 41.66604 0 0 0 1
DataSet: 65
29.091796875 302.255859375 336.708984375 1.494140625 -1.30160435651897 29.1796875 -79.013671875
556.171 143.289 51.843 576.668
-0.5905378 -0.1324242 0.796071 556.1708 -0.09875949 0.9908892 0.09157033 143.2891 -0.8009443 -0.02454383 -0.5982357 51.84339 0 0 0 1
DataSet: 66
27.94921875 302.255859375 336.708984375 1.494140625 -1.30160435651897 29.1796875 -79.013671875
555.108 143.289 62.202 576.668
-0.5755054 -0.1319437 0.8070839 555.1078 -0.09875949 0.9908892 0.09157033 143.2891 -0.8118129 -0.02700798 -0.5832928 62.20152 0 0 0 1
DataSet: 67
26.982421875 302.255859375 336.708984375 1.494140625 -1.30160435651897 29.1796875 -79.013671875
553.893 143.289 72.221 576.668
-0.5607433 -0.1314341 0.8174913 553.8933 -0.09875949 0.9908892 0.09157033 143.2891 -0.8220788 -0.02938757 -0.5686149 72.22123 0 0 0 1
DataSet: 68
26.015625 309.462890625 336.708984375 1.494140625 -1.30160435651897 29.1796875 -79.013671875
574.930 143.289 39.251 593.815
-0.6458741 -0.1338318 0.751622 574.9299 -0.09875949 0.9908892 0.09157033 143.2891 -0.7570291 -0.0150869 -0.6532069 39.25117 0 0 0 1
DataSet: 69
25.048828125 309.462890625 336.708984375 1.494140625 -1.30160435651897 29.1796875 -79.013671875
574.029 143.289 50.753 593.816
-0.6305901 -0.1335029 0.7645476 574.029 -0.09875949 0.9908892 0.09157033 143.2891 -0.7698069 -0.017763 -0.6380296 50.75261 0 0 0 1
DataSet: 70
24.169921875 309.462890625 336.708984375 1.494140625 -1.30160435651897 29.1796875 -79.013671875
573.063 143.289 60.696 593.816
-0.6171499 -0.1331749 0.7754937 573.0629 -0.09875949 0.9908892 0.09157033 143.2891 -0.7806232 -0.02007475 -0.6246794 60.69639 0 0 0 1
DataSet: 71
23.02734375 309.462890625 336.708984375 1.494140625 -1.30160435651897 29.1796875 -79.013671875
571.759 143.289 71.953 593.815
-0.6016814 -0.1327545 0.7876267 571.7586 -0.09875949 0.9908892 0.09157033 143.2891 -0.7926072 -0.02268946 -0.6093103 71.95266 0 0 0 1
DataSet: 72
21.97265625 309.462890625 336.708984375 1.494140625 -1.30160435651897 29.1796875 -79.013671875
570.301 143.289 82.717 593.815
-0.5866351 -0.1323032 0.7989714 570.3008 -0.09875949 0.9908892 0.09157033 143.2891 -0.8038071 -0.02518764 -0.5943565 82.71664 0 0 0 1
DataSet: 73
21.09375 311.220703125 336.62109375 1.494140625 -1.30160435651897 29.1796875 -79.013671875
574.221 142.962 82.168 597.428
-0.5972148 -0.1326248 0.7910405 574.2213 -0.09875949 0.9908892 0.09157033 142.9619 -0.795978 -0.02343561 -0.6048717 82.16777 0 0 0 1
DataSet: 74
19.951171875 313.06640625 336.62109375 1.494140625 -1.30189179603928 29.267578125 -79.013671875
577.851 142.903 82.578 600.959
-0.606553 -0.1342638 0.7836241 577.8508 -0.1001219 0.99069 0.09224389 142.9026 -0.7887135 -0.02250714 -0.6143488 82.57844 0 0 0 1
DataSet: 75
19.072265625 318.603515625 336.62109375 1.494140625 -1.30160435651897 29.1796875 -79.013671875
592.732 142.962 56.667 612.357
-0.6702915 -0.1342537 0.7298529 592.7321 -0.09875949 0.9908892 0.09157033 142.9619 -0.7354971 -0.0107011 -0.6774434 56.66686 0 0 0 1
DataSet: 76
18.017578125 333.984375 336.62109375 1.494140625 -1.30160435651897 29.1796875 -79.013671875
619.125 142.962 -30.876 636.166
-0.8305809 -0.1327623 0.5408415 619.125 -0.09875949 0.9908892 0.09157033 142.9619 -0.548071 0.02264334 -0.8361253 -30.87583 0 0 0 1
DataSet: 77
17.05078125 336.005859375 336.62109375 1.494140625 -1.30160435651897 29.1796875 -79.013671875
621.538 142.962 -31.366 638.539
-0.8383533 -0.1324241 0.5287982 621.5385 -0.09875949 0.9908892 0.09157033 142.9619 -0.5361066 0.02454444 -0.8437934 -31.36555 0 0 0 1
DataSet: 78
16.171875 335.91796875 336.62109375 1.494140625 -1.30160435651897 29.1796875 -79.013671875
621.682 142.962 -26.045 638.439
-0.8334129 -0.1326431 0.5364966 621.682 -0.09875949 0.9908892 0.09157033 142.9619 -0.5437549 0.02333175 -0.8389196 -26.04497 0 0 0 1
DataSet: 79
15.029296875 335.91796875 336.62109375 1.494140625 -1.30160435651897 29.1796875 -79.013671875
622.098 142.962 -12.677 638.439
-0.8215333 -0.1331139 0.554404 622.0982 -0.09875949 0.9908892 0.09157033 142.9619 -0.5615422 0.02047541 -0.8271947 -12.67686 0 0 0 1
DataSet: 80
14.0625 335.91796875 336.62109375 1.494140625 -1.30160435651897 29.1796875 -79.013671875
622.227 142.962 -0.417 638.439
-0.8103099 -0.1334915 0.5705943 622.2272 -0.09875949 0.9908892 0.09157033 142.9619 -0.5776196 0.01784874 -0.816111 -0.4174627 0 0 0 1
DataSet: 81
13.095703125 335.91796875 336.62109375 1.494140625 -1.30160435651897 29.1796875 -79.013671875
622.115 142.962 11.842 638.439
-0.798772 -0.1338173 0.586563 622.1146 -0.09875949 0.9908892 0.09157033 142.9619 -0.5934726 0.01521515 -0.8047103 11.8421 0 0 0 1
DataSet: 82
12.041015625 335.91796875 336.62109375 1.494140625 -1.30160435651897 29.1796875 -79.013671875
622.002 142.962 16.733 638.439
-0.7940809 -0.1339328 0.5928724 622.0023 -0.09875949 0.9908892 0.09157033 142.9619 -0.5997351 0.01416246 -0.8000733 16.73347 0 0 0 1
DataSet: 83
10.986328125 335.91796875 336.62109375 1.494140625 -1.30160435651897 29.1796875 -79.013671875
621.588 142.962 28.194 638.439
-0.7828931 -0.134171 0.6075167 621.5883 -0.09875949 0.9908892 0.09157033 142.9619 -0.6142678 0.01169173 -0.7890109 28.1939 0 0 0 1
DataSet: 84
10.01953125 343.30078125 336.533203125 1.494140625 -1.30160435651897 29.1796875 -79.013671875
629.306 142.635 -9.510 645.338
-0.8460311 -0.1320546 0.51652 629.3057 -0.09875949 0.9908892 0.09157033 142.635 -0.5239064 0.02646009 -0.8513648 -9.510251 0 0 0 1
DataSet: 85
9.052734375 344.794921875 336.62109375 1.494140625 -1.30160435651897 29.1796875 -79.013671875
630.733 142.962 -6.239 646.762
-0.8486664 -0.1319193 0.5122135 630.733 -0.09875949 0.9908892 0.09157033 142.9619 -0.5196267 0.02712671 -0.8539627 -6.239074 0 0 0 1
DataSet: 86
8.0859375 346.46484375 336.62109375 1.494140625 -1.30160435651897 29.1796875 -79.013671875
631.936 142.962 -6.325 647.936
-0.8546246 -0.1315964 0.5022939 631.9361 -0.09875949 0.9908892 0.09157033 142.9619 -0.509768 0.02865195 -0.8598347 -6.325492 0 0 0 1
DataSet: 87
7.119140625 346.46484375 336.533203125 1.494140625 -1.30160435651897 29.1796875 -79.013671875
631.765 142.635 1.449 647.668
-0.8482771 -0.1319396 0.5128527 631.7648 -0.09875949 0.9908892 0.09157033 142.635 -0.520262 0.02702793 -0.8535789 1.448913 0 0 0 1
DataSet: 88
6.064453125 346.81640625 336.533203125 1.494140625 -1.30160435651897 29.1796875 -79.013671875
631.950 142.635 8.261 647.899
-0.8438962 -0.132161 0.5199738 631.9496 -0.09875949 0.9908892 0.09157033 142.635 -0.5273385 0.02592349 -0.8492597 8.261092 0 0 0 1
DataSet: 89
4.921875 350.244140625 336.533203125 1.494140625 -1.30160435651897 29.1796875 -79.013671875
634.003 142.635 -4.303 649.864
-0.8659924 -0.1309111 0.4826173 634.0027 -0.09875949 0.9908892 0.09157033 142.635 -0.4902079 0.03163616 -0.8710312 -4.303246 0 0 0 1
DataSet: 90
4.04296875 350.244140625 336.533203125 1.494140625 -1.30160435651897 29.1796875 -79.013671875
634.002 142.635 4.457 649.864
-0.8591366 -0.1313357 0.4946061 634.0016 -0.09875949 0.9908892 0.09157033 142.635 -0.5021263 0.02982437 -0.8642799 4.457022 0 0 0 1
DataSet: 91
2.98828125 350.244140625 336.533203125 1.494140625 -1.30160435651897 29.1796875 -79.013671875
633.841 142.635 14.968 649.864
-0.8506933 -0.1318121 0.5088677 633.8406 -0.09875949 0.9908892 0.09157033 142.635 -0.5163016 0.02764275 -0.8559606 14.96807 0 0 0 1
DataSet: 92
2.021484375 350.244140625 336.533203125 1.494140625 -1.30160435651897 29.1796875 -79.013671875
633.540 142.635 24.600 649.864
-0.8427482 -0.132217 0.5218181 633.5399 -0.09875949 0.9908892 0.09157033 142.635 -0.5291711 0.02563623 -0.8481278 24.59966 0 0 0 1
DataSet: 93
1.0546875 350.244140625 336.533203125 1.494140625 -1.30160435651897 29.1796875 -79.013671875
633.093 142.635 34.226 649.864
-0.8346083 -0.1325914 0.5346479 633.0929 -0.09875949 0.9908892 0.09157033 142.635 -0.5419183 0.02362379 -0.840099 34.22556 0 0 0 1
DataSet: 94
0 350.244140625 336.533203125 1.494140625 -1.30160435651897 29.1796875 -79.013671875
632.438 142.635 44.717 649.864
-0.8255087 -0.1329648 0.5485032 632.4384 -0.09875949 0.9908892 0.09157033 142.635 -0.5556815 0.0214222 -0.8311192 44.71746 0 0 0 1
DataSet: 95
-1.0546875 349.892578125 336.533203125 1.494140625 -1.30160435651897 29.1796875 -79.013671875
631.220 142.635 57.528 649.686
-0.8126736 -0.1334171 0.5672402 631.2197 -0.09875949 0.9908892 0.09157033 142.635 -0.5742893 0.01839643 -0.8184457 57.52803 0 0 0 1
DataSet: 96
-2.021484375 351.73828125 336.533203125 1.494140625 -1.30160435651897 29.1796875 -79.013671875
632.348 142.635 54.882 650.555
-0.8223268 -0.1330848 0.5532332 632.3484 -0.09875949 0.9908892 0.09157033 142.635 -0.5603794 0.0206637 -0.8279782 54.88221 0 0 0 1
DataSet: 97
-3.69140625 347.431640625 336.533203125 1.494140625 -1.30160435651897 29.1796875 -79.013671875
625.130 142.635 95.647 648.291
-0.7655438 -0.1344438 0.6291801 625.1301 -0.09875949 0.9908892 0.09157033 142.635 -0.6357588 0.00796359 -0.7718467 95.64665 0 0 0 1
DataSet: 98
-5.009765625 355.4296875 336.533203125 1.494140625 -1.30160435651897 29.1796875 -79.013671875
633.926 142.635 51.735 651.831
-0.8390725 -0.132391 0.5276647 633.9258 -0.09875949 0.9908892 0.09157033 142.635 -0.5349804 0.02472224 -0.8445027 51.73456 0 0 0 1
DataSet: 99
-5.888671875 355.341796875 336.533203125 1.494140625 -1.30160435651897 29.1796875 -79.013671875
633.073 142.635 61.050 651.807
-0.8307823 -0.132754 0.5405341 633.0727 -0.09875949 0.9908892 0.09157033 142.635 -0.5477657 0.02269213 -0.836324 61.04959 0 0 0 1
DataSet: 100
-6.943359375 355.341796875 336.533203125 1.494140625 -1.30160435651897 29.1796875 -79.013671875
631.980 142.635 71.480 651.807
-0.8216369 -0.1331102 0.5542513 631.9799 -0.09875949 0.9908892 0.09157033 142.635 -0.5613905 0.02049998 -0.827297 71.48042 0 0 0 1
DataSet: 101
-7.998046875 361.318359375 336.533203125 1.494140625 -1.30160435651897 29.1796875 -79.013671875
635.511 142.635 40.708 652.592
-0.8687038 -0.1307332 0.4777684 635.5108 -0.09875949 0.9908892 0.09157033 142.635 -0.4853868 0.03236332 -0.8737003 40.70826 0 0 0 1
DataSet: 102
-9.052734375 381.005859375 336.533203125 1.494140625 -1.30160435651897 29.1796875 -79.013671875
622.496 142.635 -81.239 643.774
-0.9789685 -0.1132528 0.1696894 622.4957 -0.09875949 0.9908892 0.09157033 142.635 -0.178514 0.07288602 -0.9812341 -81.2387 0 0 0 1
DataSet: 103
-10.01953125 380.830078125 336.533203125 1.494140625 -1.30189179603928 29.267578125 -79.013671875
623.551 142.576 -70.413 643.507
-0.9753543 -0.1160455 0.187663 623.5508 -0.1001219 0.99069 0.09224389 142.5757 -0.1966203 0.0711813 -0.9778925 -70.41333 0 0 0 1
DataSet: 104
-11.07421875 380.830078125 336.533203125 1.494140625 -1.30160435651897 29.1796875 -79.013671875
625.046 142.635 -60.151 643.930
-0.9721147 -0.1157363 0.2039558 625.0463 -0.09875949 0.9908892 0.09157033 142.635 -0.2126957 0.06887428 -0.9746881 -60.15123 0 0 0 1
DataSet: 105
-11.953125 380.830078125 336.533203125 1.494140625 -1.30160435651897 29.1796875 -79.013671875
625.816 142.635 -51.533 643.930
-0.9690919 -0.1166743 0.2173662 625.8157 -0.09875949 0.9908892 0.09157033 142.635 -0.2260697 0.06727308 -0.9717854 -51.53333 0 0 0 1
DataSet: 106
-13.0078125 380.830078125 336.533203125 1.494140625 -1.30160435651897 29.1796875 -79.013671875
626.611 142.635 -40.739 643.930
-0.9650512 -0.1178165 0.2340844 626.611 -0.09875949 0.9908892 0.09157033 142.635 -0.2427402 0.06525199 -0.9678943 -40.73864 0 0 0 1
DataSet: 107
-14.0625 382.32421875 336.533203125 1.494140625 -1.30160435651897 29.1796875 -79.013671875
625.271 142.635 -39.745 642.564
-0.9671443 -0.1172394 0.2255811 625.2711 -0.09875949 0.9908892 0.09157033 142.635 -0.2342615 0.06628344 -0.9699113 -39.74483 0 0 0 1
DataSet: 108
-15.029296875 381.708984375 336.533203125 1.494140625 -1.30160435651897 29.1796875 -79.013671875
626.535 142.635 -27.131 643.138
-0.9611385 -0.1188222 0.2491867 626.535 -0.09875949 0.9908892 0.09157033 142.635 -0.257797 0.06340221 -0.9641166 -27.13084 0 0 0 1
DataSet: 109
-16.083984375 400.517578125 336.533203125 1.494140625 -1.30160435651897 29.1796875 -79.013671875
586.264 142.635 -134.222 618.115
-0.9940115 -0.0939065 -0.05588192 586.2637 -0.09875949 0.9908892 0.09157033 142.635 0.04677374 0.09654082 -0.9942294 -134.2223 0 0 0 1
DataSet: 110
-17.05078125 400.341796875 336.533203125 1.494140625 -1.30160435651897 29.1796875 -79.013671875
589.077 142.635 -122.821 618.418
-0.9947663 -0.09588345 -0.03530333 589.077 -0.09875949 0.9908892 0.09157033 142.635 0.02620161 0.09457761 -0.9951726 -122.8209 0 0 0 1
DataSet: 111
-18.017578125 400.341796875 336.533203125 1.494140625 -1.30160435651897 29.1796875 -79.013671875
591.173 142.635 -112.300 618.418
-0.9950753 -0.09755419 -0.01755742 591.1728 -0.09875949 0.9908892 0.09157033 142.635 0.008464386 0.09285333 -0.9956438 -112.3002 0 0 0 1
DataSet: 112
-18.984375 400.4296875 336.533203125 1.494140625 -1.30160435651897 29.1796875 -79.013671875
592.784 142.635 -102.545 618.267
-0.9950845 -0.0990131 -0.001780384 592.7844 -0.09875949 0.9908892 0.09157033 142.635 -0.007302498 0.09129604 -0.995797 -102.5452 0 0 0 1
DataSet: 113
-20.0390625 400.341796875 336.533203125 1.494140625 -1.30160435651897 29.1796875 -79.013671875
594.868 142.635 -90.710 618.418
-0.9947242 -0.1008689 0.01869021 594.8683 -0.09875949 0.9908892 0.09157033 142.635 -0.02775653 0.08924138 -0.9956232 -90.71039 0 0 0 1
DataSet: 114
-21.005859375 400.517578125 336.533203125 1.494140625 -1.30160435651897 29.1796875 -79.013671875
596.039 142.635 -80.362 618.115
-0.994147 -0.1022952 0.03474714 596.0392 -0.09875949 0.9908892 0.09157033 142.635 -0.04379778 0.08760276 -0.9951922 -80.36189 0 0 0 1
DataSet: 115
-21.97265625 406.40625 336.533203125 1.494140625 -1.30160435651897 29.1796875 -79.013671875
580.821 142.635 -104.801 607.191
-0.9943331 -0.09462503 -0.04845362 580.8209 -0.09875949 0.9908892 0.09157033 142.635 0.03934732 0.09583665 -0.9946191 -104.801 0 0 0 1
DataSet: 116
-23.02734375 406.23046875 336.533203125 1.494140625 -1.30160435651897 29.1796875 -79.013671875
583.416 142.635 -91.557 607.538
-0.9949912 -0.09689875 -0.02455924 583.4163 -0.09875949 0.9908892 0.09157033 142.635 0.01546243 0.09353712 -0.9954957 -91.55709 0 0 0 1
DataSet: 117
-23.994140625 406.142578125 336.533203125 1.494140625 -1.30189179603928 29.267578125 -79.013671875
584.985 142.576 -79.268 607.305
-0.9949577 -0.100238 -0.003385754 584.9853 -0.1001219 0.99069 0.09224389 142.5757 -0.005892108 0.09211776 -0.9957307 -79.26813 0 0 0 1
DataSet: 118
-24.9609375 410.009765625 336.533203125 1.494140625 -1.30189179603928 29.267578125 -79.013671875
575.046 142.576 -91.002 599.405
-0.9941071 -0.09573194 -0.05085684 575.0458 -0.1001219 0.99069 0.09224389 142.5757 0.04155268 0.09679218 -0.9944369 -91.00218 0 0 0 1
DataSet: 119
-26.015625 417.83203125 336.533203125 1.494140625 -1.30160435651897 29.1796875 -79.013671875
551.142 142.635 -120.970 582.011
-0.9837304 -0.08333848 -0.1591512 551.1424 -0.09875949 0.9908892 0.09157033 142.635 0.1500698 0.1057982 -0.9829984 -120.9705 0 0 0 1
DataSet: 120
-27.0703125 417.744140625 336.533203125 1.494140625 -1.30160435651897 29.1796875 -79.013671875
554.287 142.635 -106.796 582.224
-0.9873349 -0.08609037 -0.1332601 554.2874 -0.09875949 0.9908892 0.09157033 142.635 0.1241627 0.1035713 -0.9868417 -106.7962 0 0 0 1
DataSet: 121
-27.94921875 436.728515625 336.533203125 1.494140625 -1.30160435651897 29.1796875 -79.013671875
472.955 142.635 -191.162 529.692
-0.9020959 -0.05030234 -0.4285939 472.955 -0.09875949 0.9908892 0.09157033 142.635 0.4200829 0.1249329 -0.8988449 -191.1618 0 0 0 1
DataSet: 122
-29.00390625 452.63671875 336.533203125 1.494140625 -1.30160435651897 29.1796875 -79.013671875
387.979 142.635 -237.492 476.734
-0.7680601 -0.01739375 -0.6401414 387.9792 -0.09875949 0.9908892 0.09157033 142.635 0.6327165 0.1335516 -0.7627803 -237.4916 0 0 0 1
DataSet: 123
-30.05859375 452.63671875 336.533203125 1.494140625 -1.30160435651897 29.1796875 -79.013671875
393.382 142.635 -228.432 476.734
-0.7825242 -0.02048568 -0.622283 393.3815 -0.09875949 0.9908892 0.09157033 142.635 0.6147376 0.1331124 -0.777418 -228.4319 0 0 0 1
DataSet: 124
-31.025390625 452.724609375 336.533203125 1.494140625 -1.30160435651897 29.1796875 -79.013671875
399.023 142.635 -217.746 476.422
-0.7983077 -0.02395414 -0.6017732 399.0231 -0.09875949 0.9908892 0.09157033 142.635 0.5940971 0.1325321 -0.7934002 -217.7463 0 0 0 1
DataSet: 125
-31.9921875 452.724609375 336.4453125 1.494140625 -1.30189179603928 29.267578125 -79.013671875
404.594 142.249 -206.081 475.815
-0.8143869 -0.02833444 -0.5796301 404.5935 -0.1001219 0.99069 0.09224389 142.2491 0.5716201 0.1331559 -0.8096419 -206.0805 0 0 0 1
DataSet: 126
-33.046875 452.63671875 336.533203125 1.494140625 -1.30160435651897 29.1796875 -79.013671875
409.595 142.635 -197.893 476.734
-0.8269552 -0.03053683 -0.561438 409.5953 -0.09875949 0.9908892 0.09157033 142.635 0.5535266 0.1311719 -0.8224368 -197.8934 0 0 0 1
DataSet: 127
-34.013671875 452.63671875 336.533203125 1.494140625 -1.30189179603928 29.267578125 -79.013671875
412.725 142.576 -190.446 476.382
-0.8363189 -0.03356919 -0.5472146 412.7249 -0.1001219 0.99069 0.09224389 142.5757 0.5390235 0.1319335 -0.8318938 -190.446 0 0 0 1
DataSet: 128
-34.98046875 452.63671875 336.533203125 1.494140625 -1.30160435651897 29.1796875 -79.013671875
416.060 142.635 -183.914 476.734
-0.8452197 -0.03495988 -0.5332743 416.0598 -0.09875949 0.9908892 0.09157033 142.635 0.5252145 0.1300629 -0.8409717 -183.9139 0 0 0 1
DataSet: 129
-36.03515625 452.724609375 336.533203125 1.494140625 -1.30189179603928 29.267578125 -79.013671875
418.458 142.576 -176.657 476.070
-0.8533441 -0.03782617 -0.5199741 418.4576 -0.1001219 0.99069 0.09224389 142.5757 0.5116439 0.1307766 -0.8491867 -176.6574 0 0 0 1
DataSet: 130
-37.001953125 452.548828125 336.533203125 1.494140625 -1.30160435651897 29.1796875 -79.013671875
422.371 142.635 -169.794 477.045
-0.8628001 -0.03941679 -0.5040064 422.3712 -0.09875949 0.9908892 0.09157033 142.635 0.4958051 0.1287823 -0.858832 -169.794 0 0 0 1
DataSet: 131
-38.056640625 452.63671875 336.533203125 1.494140625 -1.30160435651897 29.1796875 -79.013671875
424.718 142.635 -162.925 476.734
-0.8703728 -0.04140592 -0.4906492 424.7181 -0.09875949 0.9908892 0.09157033 142.635 0.4823875 0.1281566 -0.8665323 -162.9253 0 0 0 1
DataSet: 132
-39.0234375 452.63671875 336.533203125 1.494140625 -1.30160435651897 29.1796875 -79.013671875
428.037 142.635 -153.995 476.734
-0.8802843 -0.04408075 -0.4723943 428.037 -0.09875949 0.9908892 0.09157033 142.635 0.4640539 0.1272613 -0.8766177 -153.9949 0 0 0 1
DataSet: 133
-40.078125 452.63671875 336.533203125 1.494140625 -1.30160435651897 29.1796875 -79.013671875
430.787 142.635 -146.125 476.734
-0.8886403 -0.0464054 -0.456251 430.7871 -0.09875949 0.9908892 0.09157033 142.635 0.4478449 0.1264322 -0.885127 -146.1253 0 0 0 1
DataSet: 134
-41.044921875 452.548828125 336.533203125 1.494140625 -1.30160435651897 29.1796875 -79.013671875
433.642 142.635 -138.499 477.045
-0.8967007 -0.04871532 -0.4399484 433.6421 -0.09875949 0.9908892 0.09157033 142.635 0.4314793 0.1255603 -0.8933422 -138.4989 0 0 0 1
DataSet: 135
-42.01171875 452.548828125 336.533203125 1.494140625 -1.30160435651897 29.1796875 -79.013671875
436.066 142.635 -130.667 477.045
-0.9043261 -0.05096874 -0.4237881 436.0661 -0.09875949 0.9908892 0.09157033 142.635 0.4152599 0.1246625 -0.9011207 -130.6666 0 0 0 1
DataSet: 136
-43.06640625 452.548828125 336.533203125 1.494140625 -1.30160435651897 29.1796875 -79.013671875
439.082 142.635 -120.144 477.045
-0.9140494 -0.05395145 -0.4019987 439.0818 -0.09875949 0.9908892 0.09157033 142.635 0.3933958 0.123401 -0.9110499 -120.1439 0 0 0 1
DataSet: 137
-44.033203125 452.4609375 336.533203125 1.494140625 -1.30160435651897 29.1796875 -79.013671875
442.059 142.635 -110.038 477.357
-0.9230695 -0.05684559 -0.3804092 442.0592 -0.09875949 0.9908892 0.09157033 142.635 0.371738 0.1220948 -0.9202737 -110.038 0 0 0 1
DataSet: 138
-45 452.4609375 336.533203125 1.494140625 -1.30160435651897 29.1796875 -79.013671875
444.699 142.635 -98.831 477.357
-0.9321694 -0.05991305 -0.3570303 444.6989 -0.09875949 0.9908892 0.09157033 142.635 0.3482912 0.1206192 -0.9295936 -98.83102 0 0 0 1
DataSet: 139
-46.0546875 452.4609375 336.533203125 1.494140625 -1.30160435651897 29.1796875 -79.013671875
447.246 142.635 -86.576 477.357
-0.9413866 -0.06320436 -0.3313556 447.2464 -0.09875949 0.9908892 0.09157033 142.635 0.3225491 0.1189276 -0.9390518 -86.57593 0 0 0 1
DataSet: 140
-47.021484375 452.4609375 336.533203125 1.494140625 -1.30160435651897 29.1796875 -79.013671875
448.941 142.635 -77.311 477.357
-0.9478537 -0.06564955 -0.3118709 448.9406 -0.09875949 0.9908892 0.09157033 142.635 0.3030179 0.1175955 -0.9457015 -77.31107 0 0 0 1
DataSet: 141
-48.076171875 452.4609375 336.533203125 1.494140625 -1.30160435651897 29.1796875 -79.013671875
450.645 142.635 -66.663 477.357
-0.9547607 -0.06841469 -0.2893984 450.6448 -0.09875949 0.9908892 0.09157033 142.635 0.280497 0.1160086 -0.9528187 -66.6628 0 0 0 1
DataSet: 142
-48.955078125 452.4609375 336.533203125 1.494140625 -1.30160435651897 29.1796875 -79.013671875
451.877 142.635 -57.722 477.357
-0.9601302 -0.07069946 -0.2704657 451.877 -0.09875949 0.9908892 0.09157033 142.635 0.2615276 0.1146305 -0.9583648 -57.72219 0 0 0 1
DataSet: 143
-50.009765625 451.845703125 336.533203125 1.494140625 -1.30160435651897 29.1796875 -79.013671875
455.732 142.635 -43.756 479.532
-0.9685825 -0.07461271 -0.2372361 455.7317 -0.09875949 0.9908892 0.09157033 142.635 0.2282423 0.1121227 -0.9671266 -43.75552 0 0 0 1
DataSet: 144
-51.064453125 451.845703125 336.533203125 1.494140625 -1.30160435651897 29.1796875 -79.013671875
456.695 142.635 -32.177 479.532
-0.9740623 -0.07743383 -0.2126185 456.6953 -0.09875949 0.9908892 0.09157033 142.635 0.2035908 0.1101933 -0.9728351 -32.1771 0 0 0 1
DataSet: 145
-52.03125 451.845703125 336.533203125 1.494140625 -1.30160435651897 29.1796875 -79.013671875
457.229 142.635 -23.404 479.532
-0.9777912 -0.07953499 -0.1939034 457.2288 -0.09875949 0.9908892 0.09157033 142.635 0.1848537 0.1086865 -0.9767376 -23.40379 0 0 0 1
DataSet: 146
-53.0859375 451.845703125 336.533203125 1.494140625 -1.30160435651897 29.1796875 -79.013671875
457.619 142.635 -13.823 479.532
-0.9814481 -0.0817937 -0.1734056 457.6187 -0.09875949 0.9908892 0.09157033 142.635 0.1643359 0.106997 -0.9805842 -13.82318 0 0 0 1
DataSet: 147
-54.052734375 451.845703125 336.533203125 1.494140625 -1.30160435651897 29.1796875 -79.013671875
457.795 142.635 -5.459 479.532
-0.9842872 -0.08373527 -0.1554579 457.7949 -0.09875949 0.9908892 0.09157033 142.635 0.1463739 0.1054844 -0.9835892 -5.458525 0 0 0 1
DataSet: 148
-54.931640625 451.58203125 336.533203125 1.494140625 -1.30160435651897 29.1796875 -79.013671875
458.787 142.635 3.567 480.461
-0.9871523 -0.08593883 -0.134703 458.7867 -0.09875949 0.9908892 0.09157033 142.635 0.1256063 0.103697 -0.9866458 3.567323 0 0 0 1
DataSet: 149
-56.07421875 451.7578125 336.533203125 1.494140625 -1.30189179603928 29.267578125 -79.013671875
457.624 142.576 12.703 479.488
-0.9891897 -0.08912783 -0.116447 457.6243 -0.1001219 0.99069 0.09224389 142.5757 0.1071414 0.1029056 -0.988904 12.70254 0 0 0 1
DataSet: 150
-57.041015625 451.58203125 336.533203125 1.494140625 -1.30160435651897 29.1796875 -79.013671875
458.302 142.635 21.386 480.461
-0.9912863 -0.08990204 -0.09627545 458.3019 -0.09875949 0.9908892 0.09157033 142.635 0.08716595 0.1002805 -0.9911336 21.386 0 0 0 1
DataSet: 151
-58.095703125 451.7578125 336.533203125 1.494140625 -1.30160435651897 29.1796875 -79.013671875
457.274 142.635 28.354 479.842
-0.9924377 -0.09133526 -0.0820082 457.2738 -0.09875949 0.9908892 0.09157033 142.635 0.07289744 0.09897693 -0.992416 28.35449 0 0 0 1
DataSet: 152
-58.974609375 451.58203125 336.533203125 1.494140625 -1.30160435651897 29.1796875 -79.013671875
457.351 142.635 36.436 480.461
-0.9936156 -0.09314914 -0.06365038 457.3515 -0.09875949 0.9908892 0.09157033 142.635 0.05454078 0.09727178 -0.9937623 36.43629 0 0 0 1
DataSet: 153
-60.029296875 451.669921875 336.533203125 1.494140625 -1.30160435651897 29.1796875 -79.013671875
456.215 142.635 45.482 480.151
-0.9944869 -0.09501952 -0.04435069 456.2148 -0.09875949 0.9908892 0.09157033 142.635 0.03524566 0.09544554 -0.9948105 45.48248 0 0 0 1
DataSet: 154
-61.083984375 451.58203125 336.533203125 1.494140625 -1.30160435651897 29.1796875 -79.013671875
455.601 142.635 54.088 480.461
-0.9949812 -0.09683967 -0.0251878 455.6011 -0.09875949 0.9908892 0.09157033 142.635 0.01609068 0.09359828 -0.99548 54.08849 0 0 0 1
DataSet: 155
-62.138671875 451.494140625 336.533203125 1.494140625 -1.30189179603928 29.267578125 -79.013671875
454.544 142.576 62.143 480.417
-0.9949739 -0.09983917 -0.007686537 454.5445 -0.1001219 0.99069 0.09224389 142.5757 -0.001594577 0.09254985 -0.9957068 62.14273 0 0 0 1
DataSet: 156
-63.017578125 451.23046875 336.533203125 1.494140625 -1.30160435651897 29.1796875 -79.013671875
454.840 142.635 69.343 481.697
-0.9949358 -0.1000517 0.009618729 454.8395 -0.09875949 0.9908892 0.09157033 142.635 -0.01869286 0.09015664 -0.9957522 69.34263 0 0 0 1
DataSet: 157
-63.984375 451.23046875 336.533203125 1.494140625 -1.30160435651897 29.1796875 -79.013671875
453.792 142.635 75.897 481.697
-0.9945626 -0.1013419 0.02398243 453.7919 -0.09875949 0.9908892 0.09157033 142.635 -0.03304384 0.08870392 -0.9955098 75.89693 0 0 0 1
DataSet: 158
-65.0390625 451.23046875 336.533203125 1.494140625 -1.30160435651897 29.1796875 -79.013671875
452.508 142.635 83.208 481.697
-0.9939001 -0.1027596 0.04003868 452.5085 -0.09875949 0.9908892 0.09157033 142.635 -0.04908362 0.08705755 -0.9949933 83.20753 0 0 0 1
DataSet: 159
-66.09375 451.142578125 336.533203125 1.494140625 -1.30160435651897 29.1796875 -79.013671875
451.326 142.635 91.045 482.006
-0.9928779 -0.1042815 0.05760954 451.3264 -0.09875949 0.9908892 0.09157033 142.635 -0.06663377 0.08522866 -0.9941308 91.0452 0 0 0 1
DataSet: 160
-67.060546875 450.615234375 336.533203125 1.494140625 -1.30160435651897 29.1796875 -79.013671875
451.250 142.635 100.709 483.853
-0.9910572 -0.1062377 0.08074138 451.25 -0.09875949 0.9908892 0.09157033 142.635 -0.08973398 0.08277745 -0.9925199 100.709 0 0 0 1
DataSet: 161
-68.02734375 450.615234375 336.533203125 1.494140625 -1.30189179603928 29.267578125 -79.013671875
449.432 142.576 107.020 483.498
-0.9895884 -0.1087851 0.09423734 449.4322 -0.1001219 0.99069 0.09224389 142.5757 -0.1033947 0.08184825 -0.9912671 107.0204 0 0 0 1
DataSet: 162
-69.08203125 450.615234375 336.533203125 1.494140625 -1.30160435651897 29.1796875 -79.013671875
448.185 142.635 113.573 483.853
-0.9880857 -0.1085615 0.1090921 448.1854 -0.09875949 0.9908892 0.09157033 142.635 -0.1180392 0.07970544 -0.9898049 113.5725 0 0 0 1
DataSet: 163
-70.048828125 450.17578125 336.533203125 1.494140625 -1.30160435651897 29.1796875 -79.013671875
447.490 142.635 122.508 485.387
-0.9853402 -0.1102385 0.1302 447.4901 -0.09875949 0.9908892 0.09157033 142.635 -0.1391084 0.07736944 -0.9872501 122.5076 0 0 0 1
DataSet: 164
-71.015625 450.17578125 336.533203125 1.494140625 -1.30160435651897 29.1796875 -79.013671875
445.809 142.635 128.489 485.387
-0.9833891 -0.1112647 0.1434088 445.8094 -0.09875949 0.9908892 0.09157033 142.635 -0.1522908 0.07588628 -0.9854181 128.489 0 0 0 1
DataSet: 165
-71.982421875 450.17578125 336.533203125 1.494140625 -1.30160435651897 29.1796875 -79.013671875
444.101 142.635 134.276 485.387
-0.9813253 -0.1122422 0.1562122 444.1007 -0.09875949 0.9908892 0.09157033 142.635 -0.165067 0.07443284 -0.9834697 134.276 0 0 0 1
DataSet: 166
-72.94921875 450.17578125 336.533203125 1.494140625 -1.30189179603928 29.267578125 -79.013671875
441.909 142.576 140.158 485.031
-0.9789388 -0.1146619 0.1689124 441.9088 -0.1001219 0.99069 0.09224389 142.5757 -0.1779167 0.07338929 -0.9813051 140.158 0 0 0 1
DataSet: 167
-74.091796875 450.17578125 336.533203125 1.494140625 -1.30160435651897 29.1796875 -79.013671875
439.997 142.635 147.166 485.387
-0.9760957 -0.1143646 0.1848185 439.9972 -0.09875949 0.9908892 0.09157033 142.635 -0.193607 0.07112882 -0.9784973 147.1665 0 0 0 1
DataSet: 168
-74.970703125 450.17578125 336.533203125 1.494140625 -1.30189179603928 29.267578125 -79.013671875
437.868 142.576 152.312 485.031
-0.9736504 -0.1166455 0.195956 437.8684 -0.1001219 0.99069 0.09224389 142.5757 -0.2048914 0.0701938 -0.9762645 152.3121 0 0 0 1
DataSet: 169
-76.025390625 450.17578125 336.533203125 1.494140625 -1.30160435651897 29.1796875 -79.013671875
436.200 142.635 158.066 485.387
-0.9709774 -0.1160986 0.2091027 436.2001 -0.09875949 0.9908892 0.09157033 142.635 -0.2178288 0.06826184 -0.9735969 158.0664 0 0 0 1
DataSet: 170
-76.9921875 450.17578125 336.533203125 1.494140625 -1.30160435651897 29.1796875 -79.013671875
434.036 142.635 163.914 485.387
-0.9679624 -0.1170054 0.2221676 434.0365 -0.09875949 0.9908892 0.09157033 142.635 -0.2308577 0.06669547 -0.970699 163.9141 0 0 0 1
DataSet: 171
-78.046875 450.263671875 336.533203125 1.494140625 -1.30189179603928 29.267578125 -79.013671875
430.877 142.576 170.222 484.725
-0.9644298 -0.1194257 0.2358235 430.8774 -0.1001219 0.99069 0.09224389 142.5757 -0.2446443 0.06535165 -0.9674081 170.2216 0 0 0 1
DataSet: 172
-79.013671875 450.17578125 336.533203125 1.494140625 -1.30160435651897 29.1796875 -79.013671875
429.034 142.635 176.593 485.387
-0.9607632 -0.1189142 0.2505865 429.0341 -0.09875949 0.9908892 0.09157033 142.635 -0.2591924 0.0632296 -0.9637538 176.5934 0 0 0 1
DataSet: 173
-80.5078125 450.17578125 336.533203125 1.494140625 -1.30160435651897 29.1796875 -79.013671875
424.755 142.635 186.652 485.387
-0.95439 -0.1203708 0.2732227 424.7545 -0.09875949 0.9908892 0.09157033 142.635 -0.2817559 0.06041046 -0.9575825 186.6523 0 0 0 1
DataSet: 174
-81.123046875 450.17578125 336.533203125 1.494140625 -1.30160435651897 29.1796875 -79.013671875
422.832 142.635 190.967 485.387
-0.951472 -0.1209796 0.2829576 422.8322 -0.09875949 0.9908892 0.09157033 142.635 -0.2914578 0.05918184 -0.9547512 190.967 0 0 0 1
DataSet: 175
-82.08984375 450.17578125 336.533203125 1.494140625 -1.30160435651897 29.1796875 -79.013671875
419.723 142.635 197.707 485.387
-0.9466874 -0.1219109 0.2981957 419.723 -0.09875949 0.9908892 0.09157033 142.635 -0.3066423 0.05723882 -0.9501022 197.7071 0 0 0 1
DataSet: 176
-83.056640625 450.087890625 336.533203125 1.494140625 -1.30160435651897 29.1796875 -79.013671875
416.492 142.635 205.151 485.693
-0.9410356 -0.1229179 0.3151875 416.4922 -0.09875949 0.9908892 0.09157033 142.635 -0.3235715 0.05504318 -0.9446014 205.1513 0 0 0 1
DataSet: 177
-84.0234375 450.087890625 336.533203125 1.494140625 -1.30160435651897 29.1796875 -79.013671875
413.000 142.635 212.093 485.693
-0.9354883 -0.1238219 0.3309526 413.0004 -0.09875949 0.9908892 0.09157033 142.635 -0.3392758 0.05297826 -0.9391939 212.0932 0 0 0 1
DataSet: 178
-84.990234375 450.087890625 336.533203125 1.494140625 -1.30160435651897 29.1796875 -79.013671875
409.393 142.635 218.976 485.693
-0.929679 -0.1246912 0.3466251 409.3928 -0.09875949 0.9908892 0.09157033 142.635 -0.3548851 0.0508985 -0.9335234 218.9756 0 0 0 1
DataSet: 179
-86.044921875 450.087890625 336.533203125 1.494140625 -1.30160435651897 29.1796875 -79.013671875
405.375 142.635 226.328 485.693
-0.9231237 -0.1255894 0.3634143 405.3747 -0.09875949 0.9908892 0.09157033 142.635 -0.3716036 0.04864012 -0.9271165 226.3276 0 0 0 1
DataSet: 180
-87.099609375 450.087890625 336.533203125 1.494140625 -1.30160435651897 29.1796875 -79.013671875
401.143 142.635 233.746 485.693
-0.9161323 -0.1264628 0.3804061 401.1431 -0.09875949 0.9908892 0.09157033 142.635 -0.3885205 0.04632182 -0.920275 233.7457 0 0 0 1
DataSet: 181
-87.978515625 450.17578125 336.533203125 1.494140625 -1.30160435651897 29.1796875 -79.013671875
397.316 142.635 239.573 485.387
-0.910386 -0.127123 0.3937474 397.3163 -0.09875949 0.9908892 0.09157033 142.635 -0.4018008 0.04447804 -0.9146463 239.5731 0 0 0 1
DataSet: 182
-89.033203125 450.087890625 336.533203125 1.494140625 -1.30189179603928 29.267578125 -79.013671875
392.203 142.576 247.794 485.337
-0.9016445 -0.1295422 0.4126208 392.2027 -0.1001219 0.99069 0.09224389 142.5757 -0.4207288 0.04185881 -0.9062203 247.7936 0 0 0 1
DataSet: 183
-90 450.087890625 336.533203125 1.494140625 -1.30189179603928 29.267578125 -79.013671875
390.268 142.576 250.830 485.338
-0.8983517 -0.1298632 0.4196425 390.2675 -0.1001219 0.99069 0.09224389 142.5757 -0.4277147 0.04085203 -0.9029902 250.8305 0 0 0 1
DataSet: 184
-89.560546875 450.087890625 336.533203125 1.494140625 -1.30160435651897 29.1796875 -79.013671875
390.219 142.635 251.559 485.693
-0.8977226 -0.128419 0.4214294 390.2192 -0.09875949 0.9908892 0.09157033 142.635 -0.4293492 0.04058459 -0.9022262 251.5587 0 0 0 1
DataSet: 185
-88.505859375 449.82421875 336.533203125 1.494140625 -1.30160435651897 29.1796875 -79.013671875
395.029 142.635 245.757 486.610
-0.903932 -0.1278091 0.408132 395.0292 -0.09875949 0.9908892 0.09157033 142.635 -0.4161171 0.04246644 -0.9083189 245.7572 0 0 0 1
DataSet: 186
-87.5390625 449.82421875 336.533203125 1.494140625 -1.30189179603928 29.267578125 -79.013671875
398.889 142.576 238.754 486.254
-0.9109725 -0.1285575 0.3919211 398.8886 -0.1001219 0.99069 0.09224389 142.5757 -0.4001309 0.04479175 -0.9153627 238.7538 0 0 0 1
DataSet: 187
-86.484375 449.82421875 336.533203125 1.494140625 -1.30160435651897 29.1796875 -79.013671875
403.844 142.635 230.987 486.610
-0.918696 -0.126152 0.3742771 403.8436 -0.09875949 0.9908892 0.09157033 142.635 -0.3824189 0.04716188 -0.9227847 230.987 0 0 0 1
DataSet: 188
-85.517578125 449.82421875 336.533203125 1.494140625 -1.30189179603928 29.267578125 -79.013671875
407.077 142.576 224.507 486.254
-0.9245448 -0.1268942 0.3593254 407.0775 -0.1001219 0.99069 0.09224389 142.5757 -0.3676853 0.04930725 -0.9286422 224.5072 0 0 0 1
DataSet: 189
-84.55078125 449.6484375 336.533203125 1.494140625 -1.30160435651897 29.1796875 -79.013671875
411.299 142.635 218.798 487.221
-0.929657 -0.1246944 0.346683 411.2985 -0.09875949 0.9908892 0.09157033 142.635 -0.3549428 0.05089075 -0.9335019 218.7983 0 0 0 1
DataSet: 190
-83.49609375 449.6484375 336.533203125 1.494140625 -1.30160435651897 29.1796875 -79.013671875
415.225 142.635 211.252 487.221
-0.9359825 -0.1237445 0.3295815 415.2248 -0.09875949 0.9908892 0.09157033 142.635 -0.3379101 0.05315892 -0.9396759 211.2524 0 0 0 1
DataSet: 191
-82.529296875 449.6484375 336.533203125 1.494140625 -1.30160435651897 29.1796875 -79.013671875
418.702 142.635 204.273 487.221
-0.9415069 -0.1228374 0.3138085 418.7022 -0.09875949 0.9908892 0.09157033 142.635 -0.3221977 0.05522252 -0.9450604 204.2734 0 0 0 1
DataSet: 192
-81.474609375 449.6484375 336.533203125 1.494140625 -1.30160435651897 29.1796875 -79.013671875
422.204 142.635 196.935 487.221
-0.9469866 -0.121855 0.2972671 422.2035 -0.09875949 0.9908892 0.09157033 142.635 -0.3057171 0.05735792 -0.9503931 196.9349 0 0 0 1
DataSet: 193
-80.5078125 449.12109375 336.533203125 1.494140625 -1.30160435651897 29.1796875 -79.013671875
425.813 142.635 193.663 489.047
-0.9490421 -0.1214624 0.2908024 425.8134 -0.09875949 0.9908892 0.09157033 142.635 -0.2992753 0.05818459 -0.9523911 193.6631 0 0 0 1
DataSet: 194
-79.541015625 448.59375 336.533203125 1.494140625 -1.30160435651897 29.1796875 -79.013671875
429.394 142.635 190.330 490.866
-0.9510537 -0.1210642 0.2843243 429.3942 -0.09875949 0.9908892 0.09157033 142.635 -0.2928198 0.05900857 -0.9543451 190.3303 0 0 0 1
DataSet: 195
-78.57421875 448.505859375 336.533203125 1.494140625 -1.30189179603928 29.267578125 -79.013671875
431.578 142.576 185.225 490.811
-0.9542891 -0.1218546 0.2729169 431.5783 -0.1001219 0.99069 0.09224389 142.5757 -0.2816164 0.06070237 -0.9576051 185.2246 0 0 0 1
DataSet: 196
-77.51953125 448.505859375 336.533203125 1.494140625 -1.30160435651897 29.1796875 -79.013671875
434.852 142.635 178.343 491.169
-0.9587603 -0.1193925 0.2579228 434.8516 -0.09875949 0.9908892 0.09157033 142.635 -0.2665058 0.06232166 -0.9618164 178.3427 0 0 0 1
DataSet: 197
-76.46484375 448.505859375 336.533203125 1.494140625 -1.30160435651897 29.1796875 -79.013671875
437.599 142.635 171.490 491.169
-0.9628281 -0.1183989 0.2427835 437.5992 -0.09875949 0.9908892 0.09157033 142.635 -0.2514133 0.06418931 -0.965749 171.4904 0 0 0 1
DataSet: 198
-75.498046875 448.41796875 336.533203125 1.494140625 -1.30160435651897 29.1796875 -79.013671875
439.792 142.635 166.680 491.471
-0.9654759 -0.1177018 0.2323848 439.792 -0.09875949 0.9908892 0.09157033 142.635 -0.2410456 0.06545873 -0.9683037 166.6795 0 0 0 1
DataSet: 199
-74.53125 448.06640625 336.533203125 1.494140625 -1.30160435651897 29.1796875 -79.013671875
442.301 142.635 163.574 492.678
-0.9669403 -0.1172969 0.2264242 442.3011 -0.09875949 0.9908892 0.09157033 142.635 -0.2351022 0.06618149 -0.9697149 163.5745 0 0 0 1
DataSet: 200
-73.4765625 448.06640625 336.533203125 1.494140625 -1.30160435651897 29.1796875 -79.013671875
444.670 142.635 157.022 492.678
-0.9703082 -0.1163063 0.2120725 444.6695 -0.09875949 0.9908892 0.09157033 142.635 -0.2207906 0.06790727 -0.9729543 157.0219 0 0 0 1
DataSet: 201
-72.509765625 447.36328125 336.533203125 1.494140625 -1.30160435651897 29.1796875 -79.013671875
447.776 142.635 155.751 495.082
-0.9705083 -0.1162447 0.2111893 447.7755 -0.09875949 0.9908892 0.09157033 142.635 -0.2199097 0.06801281 -0.9731464 155.7508 0 0 0 1
DataSet: 202
-71.54296875 446.484375 336.533203125 1.494140625 -1.30189179603928 29.267578125 -79.013671875
450.690 142.576 155.768 497.707
-0.969831 -0.117882 0.2133813 450.6896 -0.1001219 0.99069 0.09224389 142.5757 -0.2222686 0.06809683 -0.9726045 155.7682 0 0 0 1
DataSet: 203
-70.576171875 446.396484375 336.533203125 1.494140625 -1.30160435651897 29.1796875 -79.013671875
453.225 142.635 150.364 498.365
-0.9724771 -0.1156184 0.2022887 453.2255 -0.09875949 0.9908892 0.09157033 142.635 -0.2110329 0.06907211 -0.9750355 150.3641 0 0 0 1
DataSet: 204
-69.521484375 445.95703125 336.533203125 1.494140625 -1.30160435651897 29.1796875 -79.013671875
456.134 142.635 146.441 499.848
-0.9739865 -0.1151128 0.1951905 456.1344 -0.09875949 0.9908892 0.09157033 142.635 -0.2039531 0.06991134 -0.9764812 146.4414 0 0 0 1
DataSet: 205
-68.466796875 445.60546875 336.533203125 1.494140625 -1.30189179603928 29.267578125 -79.013671875
458.447 142.576 142.018 500.670
-0.9755824 -0.1159626 0.1865255 458.4471 -0.1001219 0.99069 0.09224389 142.5757 -0.1954857 0.07131622 -0.9781101 142.0182 0 0 0 1
DataSet: 206
-67.5 445.60546875 336.533203125 1.494140625 -1.30160435651897 29.1796875 -79.013671875
460.755 142.635 135.618 501.031
-0.9783223 -0.1135133 0.1732058 460.7554 -0.09875949 0.9908892 0.09157033 142.635 -0.1820222 0.07247957 -0.9806195 135.6179 0 0 0 1
DataSet: 207
-66.533203125 445.60546875 336.533203125 1.494140625 -1.30189179603928 29.267578125 -79.013671875
462.160 142.576 129.424 500.670
-0.9805647 -0.1139684 0.1596998 462.1604 -0.1001219 0.99069 0.09224389 142.5757 -0.1687259 0.07446165 -0.9828464 129.4244 0 0 0 1
DataSet: 208
-65.478515625 445.341796875 336.533203125 1.494140625 -1.30160435651897 29.1796875 -79.013671875
465.087 142.635 123.569 501.916
-0.9825838 -0.1116579 0.1485317 465.087 -0.09875949 0.9908892 0.09157033 142.635 -0.157403 0.0753066 -0.984659 123.5695 0 0 0 1
DataSet: 209
-64.51171875 445.341796875 336.533203125 1.494140625 -1.30160435651897 29.1796875 -79.013671875
466.863 142.635 116.678 501.916
-0.9848039 -0.110532 0.1339547 466.8635 -0.09875949 0.9908892 0.09157033 142.635 -0.1428557 0.07694951 -0.9867477 116.6785 0 0 0 1
DataSet: 210
-63.544921875 445.341796875 336.533203125 1.494140625 -1.30160435651897 29.1796875 -79.013671875
468.538 142.635 109.762 501.916
-0.9868088 -0.1093821 0.1193484 468.5378 -0.09875949 0.9908892 0.09157033 142.635 -0.1282772 0.0785756 -0.9886207 109.7619 0 0 0 1
DataSet: 211
-62.490234375 445.341796875 336.533203125 1.494140625 -1.30160435651897 29.1796875 -79.013671875
470.136 142.635 102.701 501.916
-0.9886268 -0.1081876 0.1044627 470.136 -0.09875949 0.9908892 0.09157033 142.635 -0.1134178 0.08021219 -0.9903042 102.7011 0 0 0 1
DataSet: 212
-61.5234375 445.25390625 336.533203125 1.494140625 -1.30160435651897 29.1796875 -79.013671875
471.802 142.635 96.303 502.211
-0.9900412 -0.1071167 0.0913481 471.8017 -0.09875949 0.9908892 0.09157033 142.635 -0.1003245 0.0816369 -0.9915999 96.30297 0 0 0 1
DataSet: 213
-60.46875 445.25390625 336.533203125 1.494140625 -1.30189179603928 29.267578125 -79.013671875
472.897 142.576 88.846 501.849
-0.9913824 -0.1072022 0.07528985 472.8968 -0.1001219 0.99069 0.09224389 142.5757 -0.08447765 0.0839108 -0.9928859 88.84567 0 0 0 1
DataSet: 215
-59.501953125 445.25390625 336.533203125 1.494140625 -1.30160435651897 29.1796875 -79.013671875
474.875 142.635 79.779 502.211
-0.9929394 -0.1042023 0.05668611 474.8752 -0.09875949 0.9908892 0.09157033 142.635 -0.0657115 0.08532549 -0.9941838 79.77866 0 0 0 1
DataSet: 216
-58.53515625 445.25390625 336.533203125 1.494140625 -1.30160435651897 29.1796875 -79.013671875
476.278 142.635 70.925 502.211
-0.9939905 -0.1025959 0.03816878 476.2781 -0.09875949 0.9908892 0.09157033 142.635 -0.04721577 0.08725051 -0.9950668 70.92467 0 0 0 1
DataSet: 217
-57.568359375 445.166015625 336.533203125 1.494140625 -1.30160435651897 29.1796875 -79.013671875
477.589 142.635 63.837 502.505
-0.9945695 -0.1013231 0.02377178 477.5894 -0.09875949 0.9908892 0.09157033 142.635 -0.03283339 0.08872537 -0.9955148 63.83698 0 0 0 1
DataSet: 218
-56.42578125 445.078125 336.533203125 1.494140625 -1.30160435651897 29.1796875 -79.013671875
478.981 142.635 55.134 502.799
-0.9949962 -0.09972879 0.006059431 478.981 -0.09875949 0.9908892 0.09157033 142.635 -0.01513642 0.0905137 -0.9957802 55.13369 0 0 0 1
DataSet: 219
-55.546875 444.990234375 336.533203125 1.494140625 -1.30160435651897 29.1796875 -79.013671875
480.087 142.635 47.698 503.093
-0.9951113 -0.0983518 -0.008965214 480.0865 -0.09875949 0.9908892 0.09157033 142.635 -0.0001225721 0.09200806 -0.9957582 47.69759 0 0 0 1
DataSet: 220
-54.580078125 444.990234375 336.533203125 1.494140625 -1.30160435651897 29.1796875 -79.013671875
480.877 142.635 38.931 503.093
-0.9949479 -0.09665681 -0.02713061 480.8768 -0.09875949 0.9908892 0.09157033 142.635 0.01803253 0.0937871 -0.995429 38.93082 0 0 0 1
DataSet: 221
-53.4375 444.90234375 336.533203125 1.494140625 -1.30160435651897 29.1796875 -79.013671875
481.874 142.635 29.177 503.387
-0.9943951 -0.09477903 -0.04685403 481.8739 -0.09875949 0.9908892 0.09157033 142.635 0.03774821 0.09568436 -0.9946957 29.17653 0 0 0 1
DataSet: 222
-52.55859375 444.90234375 336.533203125 1.494140625 -1.30160435651897 29.1796875 -79.013671875
482.305 142.635 20.861 503.387
-0.9935961 -0.09311465 -0.06400269 482.3054 -0.09875949 0.9908892 0.09157033 142.635 0.05489303 0.09730479 -0.9937397 20.86126 0 0 0 1
DataSet: 223
-51.6796875 444.7265625 336.533203125 1.494140625 -1.30160435651897 29.1796875 -79.013671875
483.180 142.635 13.468 503.974
-0.9927037 -0.09170531 -0.07829084 483.1804 -0.09875949 0.9908892 0.09157033 142.635 0.06918007 0.09863416 -0.9927162 13.46782 0 0 0 1
DataSet: 224
-50.537109375 444.287109375 336.533203125 1.494140625 -1.30160435651897 29.1796875 -79.013671875
484.875 142.635 4.198 505.436
-0.9914045 -0.09003893 -0.09492166 484.8748 -0.09875949 0.9908892 0.09157033 142.635 0.08581195 0.1001576 -0.9912642 4.198123 0 0 0 1
DataSet: 225
-49.482421875 444.19921875 336.533203125 1.494140625 -1.30160435651897 29.1796875 -79.013671875
485.140 142.635 -7.445 505.728
-0.9891129 -0.08765916 -0.1182017 485.1401 -0.09875949 0.9908892 0.09157033 142.635 0.1090978 0.1022469 -0.9887584 -7.445368 0 0 0 1
DataSet: 226
-48.603515625 444.0234375 336.533203125 1.494140625 -1.30160435651897 29.1796875 -79.013671875
485.539 142.635 -16.063 506.311
-0.9871476 -0.08593494 -0.13474 485.5394 -0.09875949 0.9908892 0.09157033 142.635 0.1256433 0.1037003 -0.9866408 -16.06265 0 0 0 1
DataSet: 227
-47.548828125 444.0234375 336.533203125 1.494140625 -1.30160435651897 29.1796875 -79.013671875
485.020 142.635 -27.600 506.311
-0.9838818 -0.0834455 -0.1581564 485.0204 -0.09875949 0.9908892 0.09157033 142.635 0.1490743 0.1057138 -0.9831589 -27.60035 0 0 0 1
DataSet: 228
-46.58203125 444.0234375 336.533203125 1.494140625 -1.30160435651897 29.1796875 -79.013671875
484.327 142.635 -37.868 506.311
-0.9805034 -0.08118755 -0.178946 484.3269 -0.09875949 0.9908892 0.09157033 142.635 0.1698813 0.1074576 -0.9795883 -37.86778 0 0 0 1
DataSet: 229
-45.52734375 443.935546875 336.533203125 1.494140625 -1.30160435651897 29.1796875 -79.013671875
483.593 142.635 -49.389 506.603
-0.9762874 -0.07866651 -0.2016794 483.593 -0.09875949 0.9908892 0.09157033 142.635 0.1926385 0.1093167 -0.9751617 -49.38934 0 0 0 1
DataSet: 230
-44.560546875 443.84765625 336.533203125 1.494140625 -1.30160435651897 29.1796875 -79.013671875
482.535 142.635 -61.286 506.894
-0.9713694 -0.07601336 -0.2250852 482.5354 -0.09875949 0.9908892 0.09157033 142.635 0.216074 0.1111779 -0.9700266 -61.28624 0 0 0 1
DataSet: 231
-43.59375 443.84765625 336.533203125 1.494140625 -1.30160435651897 29.1796875 -79.013671875
480.951 142.635 -72.684 506.894
-0.965986 -0.07336199 -0.2479699 480.9505 -0.09875949 0.9908892 0.09157033 142.635 0.2389929 0.112945 -0.9644303 -72.68428 0 0 0 1
DataSet: 232
-42.451171875 443.84765625 336.533203125 1.494140625 -1.30160435651897 29.1796875 -79.013671875
478.894 142.635 -85.187 506.894
-0.959433 -0.07039514 -0.2730069 478.8941 -0.09875949 0.9908892 0.09157033 142.635 0.2640735 0.1148176 -0.957644 -85.18728 0 0 0 1
DataSet: 233
-41.484375 431.3671875 336.533203125 1.494140625 -1.30160435651897 29.1796875 -79.013671875
526.132 142.635 -27.154 545.799
-0.9925842 -0.09153686 -0.07998467 526.1319 -0.09875949 0.9908892 0.09157033 142.635 0.07087389 0.0987905 -0.9925811 -27.15446 0 0 0 1
DataSet: 234
-40.517578125 431.3671875 336.533203125 1.494140625 -1.30160435651897 29.1796875 -79.013671875
525.606 142.635 -35.923 545.799
-0.9912645 -0.08987697 -0.09652321 525.606 -0.09875949 0.9908892 0.09157033 142.635 0.08741374 0.100303 -0.9911095 -35.92307 0 0 0 1
DataSet: 235
-39.55078125 431.3671875 336.533203125 1.494140625 -1.30160435651897 29.1796875 -79.013671875
524.928 142.635 -44.747 545.799
-0.9896563 -0.0881794 -0.1131582 524.9284 -0.09875949 0.9908892 0.09157033 142.635 0.1040527 0.1017986 -0.9893483 -44.74712 0 0 0 1
DataSet: 236
-38.49609375 431.279296875 336.533203125 1.494140625 -1.30189179603928 29.267578125 -79.013671875
523.984 142.576 -53.627 545.676
-0.9876499 -0.08772769 -0.1298131 523.9836 -0.1001219 0.99069 0.09224389 142.5757 0.1205122 0.1041018 -0.9872384 -53.62735 0 0 0 1
DataSet: 237
-37.529296875 431.19140625 336.533203125 1.494140625 -1.30160435651897 29.1796875 -79.013671875
523.465 142.635 -63.996 546.311
-0.9853331 -0.08450577 -0.1482482 523.4651 -0.09875949 0.9908892 0.09157033 142.635 0.1391593 0.1048682 -0.9847016 -63.9958 0 0 0 1
DataSet: 238
-36.5625 431.19140625 336.533203125 1.494140625 -1.30189179603928 29.267578125 -79.013671875
522.057 142.576 -71.908 545.932
-0.9829279 -0.08410028 -0.1636458 522.0566 -0.1001219 0.99069 0.09224389 142.5757 0.1543645 0.1070536 -0.9821971 -71.9075 0 0 0 1
DataSet: 239
-35.595703125 431.103515625 336.533203125 1.494140625 -1.30189179603928 29.267578125 -79.013671875
521.213 142.576 -79.561 546.187
-0.9806596 -0.08258631 -0.1774437 521.213 -0.1001219 0.99069 0.09224389 142.5757 0.1681736 0.1082259 -0.9797984 -79.5605 0 0 0 1
DataSet: 240
-34.453125 431.103515625 336.533203125 1.494140625 -1.30160435651897 29.1796875 -79.013671875
519.920 142.635 -89.854 546.567
-0.9773437 -0.07927334 -0.1962522 519.9199 -0.09875949 0.9908892 0.09157033 142.635 0.1872051 0.1088775 -0.9762684 -89.8542 0 0 0 1
DataSet: 241
-33.57421875 430.927734375 336.533203125 1.494140625 -1.30189179603928 29.267578125 -79.013671875
518.858 142.576 -96.626 546.697
-0.9748612 -0.07912828 -0.208289 518.858 -0.1001219 0.99069 0.09224389 142.5757 0.1990507 0.1107793 -0.9737077 -96.62618 0 0 0 1
DataSet: 242
-32.51953125 430.83984375 336.533203125 1.494140625 -1.30160435651897 29.1796875 -79.013671875
517.640 142.635 -106.191 547.332
-0.9713738 -0.07601559 -0.2250658 517.6395 -0.09875949 0.9908892 0.09157033 142.635 0.2160545 0.1111764 -0.970031 -106.1915 0 0 0 1
DataSet: 243
-31.46484375 430.224609375 336.533203125 1.494140625 -1.30160435651897 29.1796875 -79.013671875
517.277 142.635 -116.613 549.108
-0.9678733 -0.07426627 -0.2402201 517.2774 -0.09875949 0.9908892 0.09157033 142.635 0.2312309 0.1123525 -0.9663898 -116.6128 0 0 0 1
DataSet: 244
-30.498046875 430.048828125 336.533203125 1.494140625 -1.30160435651897 29.1796875 -79.013671875
514.624 142.635 -129.968 549.613
-0.9618984 -0.07148271 -0.2638972 514.6237 -0.09875949 0.9908892 0.09157033 142.635 0.2549471 0.1141437 -0.9601943 -129.9685 0 0 0 1
DataSet: 245
-29.443359375 430.048828125 336.533203125 1.494140625 -1.30160435651897 29.1796875 -79.013671875
511.020 142.635 -143.486 549.613
-0.9548454 -0.06844973 -0.2891105 511.0197 -0.09875949 0.9908892 0.09157033 142.635 0.2802086 0.1159879 -0.9529061 -143.4858 0 0 0 1
DataSet: 246
-28.4765625 430.048828125 336.533203125 1.494140625 -1.30160435651897 29.1796875 -79.013671875
507.831 142.635 -154.392 549.613
-0.9486284 -0.0659512 -0.3094423 507.8311 -0.09875949 0.9908892 0.09157033 142.635 0.3005839 0.1174266 -0.946499 -154.3918 0 0 0 1
DataSet: 247
-27.509765625 430.048828125 336.533203125 1.494140625 -1.30189179603928 29.267578125 -79.013671875
503.899 142.576 -165.572 549.232
-0.9414773 -0.06433997 -0.3308789 503.8988 -0.1001219 0.99069 0.09224389 142.5757 0.3218634 0.1199738 -0.939154 -165.5716 0 0 0 1
DataSet: 248
-26.455078125 430.048828125 336.533203125 1.494140625 -1.30160435651897 29.1796875 -79.013671875
499.938 142.635 -178.301 549.613
-0.9333064 -0.06030822 -0.3539804 499.938 -0.09875949 0.9908892 0.09157033 142.635 0.3452329 0.1204221 -0.9307593 -178.3012 0 0 0 1
DataSet: 249
-25.48828125 429.873046875 336.533203125 1.494140625 -1.30160435651897 29.1796875 -79.013671875
495.896 142.635 -190.712 550.117
-0.9249406 -0.05746327 -0.3757432 495.8956 -0.09875949 0.9908892 0.09157033 142.635 0.3670579 0.1218053 -0.9221887 -190.7121 0 0 0 1
DataSet: 250
-24.43359375 428.466796875 336.533203125 1.494140625 -1.30160435651897 29.1796875 -79.013671875
498.658 142.635 -195.020 554.110
-0.9260176 -0.05782177 -0.3730255 498.6581 -0.09875949 0.9908892 0.09157033 142.635 0.3643321 0.1216355 -0.9232913 -195.0202 0 0 0 1
DataSet: 251
-23.5546875 428.466796875 336.533203125 1.494140625 -1.30160435651897 29.1796875 -79.013671875
495.067 142.635 -203.963 554.110
-0.9193105 -0.05562324 -0.3895822 495.0674 -0.09875949 0.9908892 0.09157033 142.635 0.3809394 0.1226565 -0.9164281 -203.9634 0 0 0 1
DataSet: 253
-22.412109375 425.0390625 336.533203125 1.494140625 -1.30160435651897 29.1796875 -79.013671875
507.277 142.635 -199.790 563.552
-0.9327065 -0.06009937 -0.3555934 507.2769 -0.09875949 0.9908892 0.09157033 142.635 0.3468503 0.1205265 -0.9301442 -199.7896 0 0 0 1
DataSet: 254
-21.4453125 424.951171875 336.533203125 1.494140625 -1.30160435651897 29.1796875 -79.013671875
503.780 142.635 -209.088 563.788
-0.9264343 -0.05796105 -0.3719677 503.7803 -0.09875949 0.9908892 0.09157033 142.635 0.3632713 0.1215692 -0.923718 -209.0884 0 0 0 1
DataSet: 255
-20.478515625 424.16015625 336.533203125 1.494140625 -1.30160435651897 29.1796875 -79.013671875
503.605 142.635 -215.141 565.905
-0.9244618 -0.05730461 -0.3769437 503.6053 -0.09875949 0.9908892 0.09157033 142.635 0.3682621 0.12188 -0.9216986 -215.1408 0 0 0 1
DataSet: 256
-19.51171875 423.80859375 336.533203125 1.494140625 -1.30160435651897 29.1796875 -79.013671875
501.339 142.635 -222.757 566.839
-0.9199041 -0.05581467 -0.3881509 501.339 -0.09875949 0.9908892 0.09157033 142.635 0.3795036 0.1225695 -0.9170353 -222.7566 0 0 0 1
DataSet: 257
-18.45703125 423.720703125 336.533203125 1.494140625 -1.30160435651897 29.1796875 -79.013671875
497.497 142.635 -231.779 567.071
-0.9131952 -0.05368405 -0.403971 497.4974 -0.09875949 0.9908892 0.09157033 142.635 0.3953746 0.1235175 -0.9101771 -231.779 0 0 0 1
DataSet: 258
-17.578125 422.9296875 336.533203125 1.494140625 -1.30189179603928 29.267578125 -79.013671875
497.482 142.576 -235.958 568.764
-0.912229 -0.05438435 -0.4060549 497.4819 -0.1001219 0.99069 0.09224389 142.5757 0.3972579 0.1248025 -0.9091812 -235.9583 0 0 0 1
DataSet: 259
-16.5234375 419.94140625 336.533203125 1.494140625 -1.30160435651897 29.1796875 -79.013671875
508.186 142.635 -232.614 576.808
-0.9248496 -0.0574331 -0.3759716 508.1864 -0.09875949 0.9908892 0.09157033 142.635 0.367287 0.1218195 -0.9220956 -232.6142 0 0 0 1
DataSet: 260
-15.46875 419.853515625 336.533203125 1.494140625 -1.30160435651897 29.1796875 -79.013671875
504.068 142.635 -241.934 577.028
-0.9182177 -0.05527235 -0.3922006 504.0682 -0.09875949 0.9908892 0.09157033 142.635 0.383566 0.122815 -0.9153107 -241.934 0 0 0 1
DataSet: 261
-14.501953125 419.765625 336.533203125 1.494140625 -1.30160435651897 29.1796875 -79.013671875
500.616 142.635 -249.508 577.248
-0.9126313 -0.05350811 -0.4052666 500.6161 -0.09875949 0.9908892 0.09157033 142.635 0.3966746 0.1235939 -0.9096009 -249.5076 0 0 0 1
DataSet: 262
-13.53515625 419.677734375 336.533203125 1.494140625 -1.30160435651897 29.1796875 -79.013671875
497.405 142.635 -256.343 577.468
-0.9074243 -0.05190504 -0.4169977 497.4054 -0.09875949 0.9908892 0.09157033 142.635 0.4084455 0.1242756 -0.904283 -256.3434 0 0 0 1
DataSet: 263
-12.568359375 419.58984375 336.533203125 1.494140625 -1.30160435651897 29.1796875 -79.013671875
493.734 142.635 -263.825 577.687
-0.9014801 -0.05011944 -0.429909 493.7345 -0.09875949 0.9908892 0.09157033 142.635 0.4214027 0.1250064 -0.8982167 -263.825 0 0 0 1
DataSet: 264
-11.513671875 419.58984375 336.533203125 1.494140625 -1.30189179603928 29.267578125 -79.013671875
488.942 142.576 -271.803 577.294
-0.8941557 -0.04892461 -0.4450752 488.9416 -0.1001219 0.99069 0.09224389 142.5757 0.4364185 0.1270422 -0.8907295 -271.8032 0 0 0 1
DataSet: 265
-10.458984375 418.88671875 336.533203125 1.494140625 -1.30160435651897 29.1796875 -79.013671875
488.368 142.635 -277.293 579.430
-0.8923528 -0.04746063 -0.4488362 488.3683 -0.09875949 0.9908892 0.09157033 142.635 0.440401 0.1260399 -0.8889099 -277.2928 0 0 0 1
DataSet: 266
-9.580078125 418.974609375 336.533203125 1.494140625 -1.18327889393383 29.1796875 -79.013671875
483.484 142.658 -284.802 578.982
-0.88525 -0.04729646 -0.4627045 483.4839 -0.09975647 0.9909731 0.08956018 142.6583 0.4542918 0.1254409 -0.8819771 -284.802 0 0 0 1
DataSet: 267
-8.525390625 418.88671875 336.533203125 1.494140625 -1.30160435651897 29.1796875 -79.013671875
479.964 142.635 -291.598 579.430
-0.8789541 -0.04371676 -0.4748984 479.964 -0.09875949 0.9908892 0.09157033 142.635 0.4665685 0.1273868 -0.8752636 -291.598 0 0 0 1
DataSet: 268
-7.55859375 418.7109375 336.533203125 1.494140625 -1.30160435651897 29.1796875 -79.013671875
477.020 142.635 -297.236 579.863
-0.8741626 -0.04241868 -0.4837773 477.0196 -0.09875949 0.9908892 0.09157033 142.635 0.4754854 0.1278249 -0.8703875 -297.2358 0 0 0 1
DataSet: 269
-6.591796875 418.623046875 336.533203125 1.494140625 -1.30160435651897 29.1796875 -79.013671875
473.525 142.635 -303.185 580.079
-0.8685366 -0.04091943 -0.493933 473.5253 -0.09875949 0.9908892 0.09157033 142.635 0.4856859 0.1283128 -0.8646647 -303.1851 0 0 0 1
DataSet: 270
-5.44921875 418.623046875 336.533203125 1.494140625 -1.30160435651897 29.1796875 -79.013671875
467.815 142.635 -311.923 580.079
-0.8593706 -0.03853038 -0.5098996 467.8153 -0.09875949 0.9908892 0.09157033 142.635 0.5017257 0.1290503 -0.8553463 -311.9234 0 0 0 1
DataSet: 271
-4.5703125 418.623046875 336.533203125 1.494140625 -1.30160435651897 29.1796875 -79.013671875
463.473 142.635 -318.340 580.079
-0.852376 -0.0367486 -0.5216365 463.4731 -0.09875949 0.9908892 0.09157033 142.635 0.5135189 0.1295689 -0.8482395 -318.3396 0 0 0 1
DataSet: 272
-3.515625 418.447265625 336.533203125 1.494140625 -1.30160435651897 29.1796875 -79.013671875
461.955 142.635 -321.319 580.511
-0.8499165 -0.03613005 -0.5256773 461.9545 -0.09875949 0.9908892 0.09157033 142.635 0.5175796 0.1297427 -0.8457413 -321.319 0 0 0 1
DataSet: 273
-2.548828125 418.359375 336.533203125 1.494140625 -1.30160435651897 29.1796875 -79.013671875
458.944 142.635 -325.988 580.726
-0.8450655 -0.03492169 -0.5335212 458.944 -0.09875949 0.9908892 0.09157033 142.635 0.5254626 0.1300732 -0.8408151 -325.988 0 0 0 1
DataSet: 274
-1.494140625 418.359375 336.533203125 1.494140625 -1.30160435651897 29.1796875 -79.013671875
453.476 142.635 -333.552 580.726
-0.8362372 -0.03276029 -0.5473885 453.4761 -0.09875949 0.9908892 0.09157033 142.635 0.5394015 0.1306343 -0.8318538 -333.5524 0 0 0 1
DataSet: 275
-0.439453125 418.359375 336.533203125 1.494140625 -1.30160435651897 29.1796875 -79.013671875
447.884 142.635 -341.025 580.726
-0.827179 -0.03058989 -0.5611053 447.8835 -0.09875949 0.9908892 0.09157033 142.635 0.553192 0.1311595 -0.8226638 -341.0251 0 0 0 1
DataSet: 276
0.52734375 418.359375 336.533203125 1.494140625 -1.30189179603928 29.267578125 -79.013671875
442.443 142.576 -347.421 580.332
-0.8186365 -0.02932886 -0.5735627 442.4431 -0.1001219 0.99069 0.09224389 142.5757 0.5655174 0.1329404 -0.8139514 -347.4212 0 0 0 1
DataSet: 277
1.494140625 418.359375 336.533203125 1.494140625 -1.30160435651897 29.1796875 -79.013671875
437.312 142.635 -354.480 580.726
-0.8099837 -0.02658941 -0.5858493 437.3118 -0.09875949 0.9908892 0.09157033 142.635 0.578077 0.1320287 -0.80523 -354.4802 0 0 0 1
DataSet: 278
2.548828125 418.271484375 336.533203125 1.494140625 -1.30160435651897 29.1796875 -79.013671875
431.896 142.635 -361.404 580.941
-0.8011942 -0.02459989 -0.5978986 431.8961 -0.09875949 0.9908892 0.09157033 142.635 0.5901986 0.1324138 -0.7963241 -361.4045 0 0 0 1
DataSet: 279
3.515625 418.271484375 336.533203125 1.494140625 -1.30160435651897 29.1796875 -79.013671875
426.353 142.635 -367.927 580.941
-0.7921316 -0.02258458 -0.6099324 426.3534 -0.09875949 0.9908892 0.09157033 142.635 0.6023073 0.1327724 -0.7871451 -367.9268 0 0 0 1
DataSet: 280
4.5703125 418.271484375 336.533203125 1.494140625 -1.30160435651897 29.1796875 -79.013671875
420.195 142.635 -374.945 580.941
-0.7820365 -0.02038012 -0.6228992 420.1946 -0.09875949 0.9908892 0.09157033 142.635 0.6153579 0.1331286 -0.7769243 -374.9452 0 0 0 1
DataSet: 281
5.44921875 418.271484375 336.533203125 1.494140625 -1.30189179603928 29.267578125 -79.013671875
414.929 142.576 -380.185 580.547
-0.7736512 -0.01921845 -0.6333202 414.929 -0.1001219 0.99069 0.09224389 142.5757 0.6256512 0.1347738 -0.7683727 -380.185 0 0 0 1
DataSet: 282
6.591796875 418.271484375 336.533203125 1.494140625 -1.30160435651897 29.1796875 -79.013671875
409.077 142.635 -387.044 580.941
-0.7637511 -0.01648753 -0.6453003 409.0771 -0.09875949 0.9908892 0.09157033 142.635 0.6379113 0.1336665 -0.758421 -387.0444 0 0 0 1
DataSet: 283
7.646484375 418.271484375 336.533203125 1.494140625 -1.30160435651897 29.1796875 -79.013671875
403.486 142.635 -392.870 580.941
-0.7545262 -0.01456932 -0.6561082 403.4855 -0.09875949 0.9908892 0.09157033 142.635 0.6487964 0.1338891 -0.7490907 -392.87 0 0 0 1
DataSet: 284
8.525390625 418.18359375 336.533203125 1.494140625 -1.30160435651897 29.1796875 -79.013671875
399.549 142.635 -397.186 581.155
-0.7481303 -0.01325621 -0.6634194 399.5493 -0.09875949 0.9908892 0.09157033 142.635 0.6561612 0.1340255 -0.7426234 -397.1865 0 0 0 1
DataSet: 285
9.580078125 418.18359375 336.533203125 1.494140625 -1.30189179603928 29.267578125 -79.013671875
390.182 142.576 -405.850 580.761
-0.7328695 -0.01072403 -0.6802847 390.1817 -0.1001219 0.99069 0.09224389 142.5757 0.6729621 0.1357141 -0.7271202 -405.8498 0 0 0 1
DataSet: 286
10.634765625 418.18359375 336.533203125 1.494140625 -1.30160435651897 29.1796875 -79.013671875
381.537 142.635 -414.520 581.155
-0.7182865 -0.00729779 -0.6957092 381.5368 -0.09875949 0.9908892 0.09157033 142.635 0.6887024 0.1344816 -0.7124631 -414.5195 0 0 0 1
DataSet: 287
11.513671875 418.18359375 336.533203125 1.494140625 -1.30160435651897 29.1796875 -79.013671875
375.126 142.635 -420.330 581.155
-0.7076245 -0.005231522 -0.7065693 375.1255 -0.09875949 0.9908892 0.09157033 142.635 0.6996529 0.1345778 -0.7016941 -420.3304 0 0 0 1
DataSet: 288
12.568359375 418.18359375 336.533203125 1.494140625 -1.30160435651897 29.1796875 -79.013671875
368.963 142.635 -425.750 581.155
-0.6973575 -0.003270547 -0.7167161 368.9627 -0.09875949 0.9908892 0.09157033 142.635 0.7098867 0.1346398 -0.691327 -425.7503 0 0 0 1
DataSet: 289
13.623046875 418.18359375 336.533203125 1.494140625 -1.30160435651897 29.1796875 -79.013671875
363.286 142.635 -430.605 581.155
-0.6878845 -0.001485209 -0.7258186 363.2857 -0.09875949 0.9908892 0.09157033 142.635 0.7190698 0.1346713 -0.681764 -430.6046 0 0 0 1
DataSet: 290
14.501953125 418.18359375 336.533203125 1.494140625 -1.30189179603928 29.267578125 -79.013671875
355.395 142.576 -436.635 580.761
-0.6748959 0.0005007229 -0.7379128 355.3953 -0.1001219 0.99069 0.09224389 142.5757 0.7310889 0.1361363 -0.6685625 -436.6349 0 0 0 1
DataSet: 291
15.556640625 418.18359375 336.533203125 1.494140625 -1.30160435651897 29.1796875 -79.013671875
346.039 142.635 -444.583 581.155
-0.6590209 0.003821657 -0.752115 346.0389 -0.09875949 0.9908892 0.09157033 142.635 0.7456125 0.1346252 -0.6526393 -444.5828 0 0 0 1
DataSet: 292
16.5234375 418.18359375 336.533203125 1.494140625 -1.30160435651897 29.1796875 -79.013671875
341.241 142.635 -448.276 581.155
-0.6509694 0.0052683 -0.7590857 341.2408 -0.09875949 0.9908892 0.09157033 142.635 0.7526522 0.1345764 -0.6445183 -448.2761 0 0 0 1
DataSet: 293
17.490234375 418.18359375 336.533203125 1.494140625 -1.30160435651897 29.1796875 -79.013671875
333.509 142.635 -454.058 581.155
-0.6379771 0.007573508 -0.7700181 333.5094 -0.09875949 0.9908892 0.09157033 142.635 0.7636961 0.1344664 -0.6314167 -454.0575 0 0 0 1
DataSet: 294
18.544921875 418.18359375 336.533203125 1.494140625 -1.30189179603928 29.267578125 -79.013671875
322.960 142.576 -461.143 580.761
-0.6203782 0.01032352 -0.7842349 322.9595 -0.1001219 0.99069 0.09224389 142.5757 0.7778859 0.1357452 -0.6135688 -461.1431 0 0 0 1
DataSet: 295
19.51171875 418.18359375 336.533203125 1.494140625 -1.30189179603928 29.267578125 -79.013671875
315.912 142.576 -465.999 580.761
-0.6084818 0.01238582 -0.7934712 315.9123 -0.1001219 0.99069 0.09224389 142.5757 0.7872265 0.1355726 -0.6015767 -465.9992 0 0 0 1
DataSet: 296
20.56640625 418.18359375 336.533203125 1.494140625 -1.30160435651897 29.1796875 -79.013671875
308.317 142.635 -471.527 581.155
-0.5954908 0.01487669 -0.8032244 308.3169 -0.09875949 0.9908892 0.09157033 142.635 0.7972686 0.1338553 -0.5885962 -471.5267 0 0 0 1
DataSet: 297
21.533203125 418.18359375 336.533203125 1.494140625 -1.30160435651897 29.1796875 -79.013671875
299.208 142.635 -477.359 581.155
-0.5800755 0.01744362 -0.8143759 299.208 -0.09875949 0.9908892 0.09157033 142.635 0.8085536 0.1335451 -0.5730678 -477.3587 0 0 0 1
DataSet: 298
22.5 418.18359375 336.533203125 1.494140625 -1.30160435651897 29.1796875 -79.013671875
290.326 142.635 -482.812 581.155
-0.5650185 0.01991115 -0.824838 290.3259 -0.09875949 0.9908892 0.09157033 142.635 0.8191463 0.1331995 -0.5579043 -482.8122 0 0 0 1
DataSet: 299
23.5546875 418.18359375 336.533203125 1.494140625 -1.30160435651897 29.1796875 -79.013671875
281.515 142.635 -488.002 581.155
-0.5500575 0.0223255 -0.8348283 281.5148 -0.09875949 0.9908892 0.09157033 142.635 0.8292667 0.1328162 -0.5428413 -488.0022 0 0 0 1
DataSet: 300
24.521484375 418.18359375 336.533203125 1.494140625 -1.30160435651897 29.1796875 -79.013671875
273.356 142.635 -492.619 581.155
-0.536184 0.0245322 -0.8437445 273.3564 -0.09875949 0.9908892 0.09157033 142.635 0.8383038 0.1324263 -0.5288762 -492.6185 0 0 0 1
DataSet: 301
25.48828125 418.18359375 336.533203125 1.494140625 -1.30160435651897 29.1796875 -79.013671875
262.727 142.635 -498.368 581.155
-0.5180801 0.02736695 -0.8548942 262.7275 -0.09875949 0.9908892 0.09157033 142.635 0.8496115 0.1318697 -0.5106572 -498.3684 0 0 0 1
DataSet: 302
26.455078125 418.18359375 336.533203125 1.494140625 -1.30160435651897 29.1796875 -79.013671875
253.680 142.635 -503.034 581.155
-0.5026445 0.02974514 -0.8639814 253.6799 -0.09875949 0.9908892 0.09157033 142.635 0.8588336 0.1313537 -0.4951274 -503.0341 0 0 0 1
DataSet: 303
27.509765625 418.18359375 336.533203125 1.494140625 -1.30160435651897 29.1796875 -79.013671875
243.715 142.635 -507.937 581.155
-0.4856186 0.03232843 -0.8735728 243.7155 -0.09875949 0.9908892 0.09157033 142.635 0.8685742 0.1307419 -0.4780015 -507.9365 0 0 0 1
DataSet: 304
28.4765625 418.18359375 336.533203125 1.494140625 -1.30189179603928 29.267578125 -79.013671875
234.902 142.576 -511.642 580.761
-0.4706077 0.03453169 -0.8816666 234.9016 -0.1001219 0.99069 0.09224389 142.5757 0.8766436 0.1316848 -0.462769 -511.6415 0 0 0 1
DataSet: 305
29.443359375 418.18359375 336.533203125 1.494140625 -1.30160435651897 29.1796875 -79.013671875
227.164 142.635 -515.551 581.155
-0.45728 0.03653897 -0.8885719 227.1643 -0.09875949 0.9908892 0.09157033 142.635 0.8838221 0.1296282 -0.4495052 -515.5513 0 0 0 1
DataSet: 306
30.5859375 418.18359375 336.533203125 1.494140625 -1.30160435651897 29.1796875 -79.013671875
214.847 142.635 -520.805 581.155
-0.4361446 0.03960958 -0.8990045 214.8468 -0.09875949 0.9908892 0.09157033 142.635 0.8944409 0.1287231 -0.4282591 -520.8048 0 0 0 1
DataSet: 307
31.552734375 418.18359375 336.533203125 1.494140625 -1.30160435651897 29.1796875 -79.013671875
204.374 142.635 -525.003 581.155
-0.4181452 0.04217942 -0.9074004 204.3742 -0.09875949 0.9908892 0.09157033 142.635 0.9029956 0.1279041 -0.41017 -525.0028 0 0 0 1
DataSet: 308
32.51953125 418.18359375 336.533203125 1.494140625 -1.30189179603928 29.267578125 -79.013671875
193.960 142.576 -528.522 580.761
-0.4002486 0.04477515 -0.9153121 193.9604 -0.1001219 0.99069 0.09224389 142.5757 0.9109208 0.1285633 -0.3920393 -528.5217 0 0 0 1
DataSet: 309
33.486328125 418.18359375 336.533203125 1.494140625 -1.30189179603928 29.267578125 -79.013671875
183.459 142.576 -532.258 580.761
-0.3821364 0.04731157 -0.9228941 183.4591 -0.1001219 0.99069 0.09224389 142.5757 0.9186661 0.1276517 -0.3738418 -532.258 0 0 0 1
DataSet: 310
34.453125 418.18359375 336.533203125 1.494140625 -1.30160435651897 29.1796875 -79.013671875
174.868 142.635 -535.554 581.155
-0.3672918 0.04922565 -0.9288023 174.8678 -0.09875949 0.9908892 0.09157033 142.635 0.9248477 0.1253611 -0.359084 -535.554 0 0 0 1
DataSet: 311
35.595703125 418.271484375 336.533203125 1.494140625 -1.30160435651897 29.1796875 -79.013671875
162.492 142.635 -539.207 580.941
-0.3454893 0.05215367 -0.9369723 162.492 -0.09875949 0.9908892 0.09157033 142.635 0.9332115 0.1241715 -0.3371909 -539.2066 0 0 0 1
DataSet: 312
36.474609375 418.18359375 336.533203125 1.494140625 -1.30189179603928 29.267578125 -79.013671875
154.011 142.576 -541.513 580.761
-0.3312112 0.05423687 -0.9419966 154.011 -0.1001219 0.99069 0.09224389 142.5757 0.9382296 0.1248667 -0.3226973 -541.5131 0 0 0 1
DataSet: 313
37.529296875 418.18359375 336.533203125 1.494140625 -1.30160435651897 29.1796875 -79.013671875
144.985 142.635 -544.404 581.155
-0.3155869 0.05608264 -0.9472379 144.9848 -0.09875949 0.9908892 0.09157033 142.635 0.9437433 0.1224471 -0.307173 -544.4044 0 0 0 1
DataSet: 314
38.583984375 418.271484375 336.533203125 1.494140625 -1.30189179603928 29.267578125 -79.013671875
137.484 142.576 -545.715 580.547
-0.3021086 0.05806327 -0.9515036 137.4844 -0.1001219 0.99069 0.09224389 142.5757 0.9480011 0.123134 -0.2934825 -545.7149 0 0 0 1
DataSet: 315
39.462890625 418.271484375 336.533203125 1.494140625 -1.30160435651897 29.1796875 -79.013671875
128.431 142.635 -548.318 580.941
-0.2864129 0.05982195 -0.9562369 128.4306 -0.09875949 0.9908892 0.09157033 142.635 0.9530028 0.1206644 -0.2778955 -548.3183 0 0 0 1
DataSet: 316
40.517578125 418.271484375 336.533203125 1.494140625 -1.30160435651897 29.1796875 -79.013671875
118.677 142.635 -550.512 580.941
-0.2694503 0.06195453 -0.9610193 118.6768 -0.09875949 0.9908892 0.09157033 142.635 0.9579369 0.1195834 -0.2608768 -550.5118 0 0 0 1
DataSet: 317
41.484375 418.271484375 336.533203125 1.494140625 -1.30160435651897 29.1796875 -79.013671875
111.091 142.635 -552.093 580.941
-0.2562449 0.06359397 -0.9645177 111.0913 -0.09875949 0.9908892 0.09157033 142.635 0.9615535 0.1187197 -0.2476298 -552.0925 0 0 0 1
DataSet: 318
42.5390625 418.18359375 336.533203125 1.494140625 -1.30160435651897 29.1796875 -79.013671875
103.371 142.635 -553.815 581.155
-0.2432643 0.06518799 -0.967767 103.3713 -0.09875949 0.9908892 0.09157033 142.635 0.9649192 0.117852 -0.23461 -553.8151 0 0 0 1
DataSet: 319
43.59375 418.18359375 336.533203125 1.494140625 -1.30160435651897 29.1796875 -79.013671875
94.051 142.635 -555.474 581.155
-0.2270166 0.06715904 -0.9715725 94.05107 -0.09875949 0.9908892 0.09157033 142.635 0.9688705 0.11674 -0.2183157 -555.4738 0 0 0 1
DataSet: 320
44.47265625 418.271484375 336.533203125 1.494140625 -1.30189179603928 29.267578125 -79.013671875
85.626 142.576 -556.215 580.547
-0.2117415 0.06937081 -0.9748606 85.62581 -0.1001219 0.99069 0.09224389 142.5757 0.9721837 0.1171368 -0.2028247 -556.2148 0 0 0 1
DataSet: 321
45.439453125 418.18359375 336.533203125 1.494140625 -1.30160435651897 29.1796875 -79.013671875
77.328 142.635 -558.048 581.155
-0.1978193 0.07063442 -0.9776903 77.32794 -0.09875949 0.9908892 0.09157033 142.635 0.9752508 0.1146706 -0.1890412 -558.0476 0 0 0 1
DataSet: 322
46.494140625 418.18359375 336.533203125 1.494140625 -1.30160435651897 29.1796875 -79.013671875
71.001 142.635 -558.888 581.155
-0.186758 0.07192899 -0.9797692 71.00088 -0.09875949 0.9908892 0.09157033 142.635 0.9774293 0.113863 -0.1779528 -558.8879 0 0 0 1
DataSet: 323
47.63671875 418.18359375 336.533203125 1.494140625 -1.30189179603928 29.267578125 -79.013671875
60.351 142.576 -559.744 580.761
-0.1680105 0.07454477 -0.9829627 60.35091 -0.1001219 0.99069 0.09224389 142.5757 0.9806876 0.113914 -0.1589827 -559.7442 0 0 0 1
DataSet: 324
48.515625 418.18359375 336.533203125 1.494140625 -1.30189179603928 29.267578125 -79.013671875
52.055 142.576 -560.577 580.761
-0.1534697 0.07622348 -0.9852091 52.05543 -0.1001219 0.99069 0.09224389 142.5757 0.983068 0.1127977 -0.1444093 -560.5765 0 0 0 1
DataSet: 325
49.482421875 418.271484375 336.533203125 1.494140625 -1.30189179603928 29.267578125 -79.013671875
44.061 142.576 -561.039 580.547
-0.1389212 0.07788253 -0.9872361 44.06131 -0.1001219 0.99069 0.09224389 142.5757 0.9852292 0.1116586 -0.1298301 -561.0395 0 0 0 1
DataSet: 326
50.537109375 418.18359375 336.533203125 1.494140625 -1.30160435651897 29.1796875 -79.013671875
36.413 142.635 -562.202 581.155
-0.1261483 0.07881137 -0.9888758 36.4127 -0.09875949 0.9908892 0.09157033 142.635 0.9870831 0.1092123 -0.1172156 -562.2018 0 0 0 1
DataSet: 327
51.591796875 415.1953125 336.533203125 1.494140625 -1.30189179603928 29.267578125 -79.013671875
44.490 142.576 -568.590 587.879
-0.1580777 0.07569372 -0.9845212 44.48956 -0.1001219 0.99069 0.09224389 142.5757 0.9823375 0.1131538 -0.1490274 -568.5896 0 0 0 1
DataSet: 328
52.470703125 415.1953125 336.533203125 1.494140625 -1.30189179603928 29.267578125 -79.013671875
37.578 142.576 -569.088 587.879
-0.146131 0.07706291 -0.9862591 37.57812 -0.1001219 0.99069 0.09224389 142.5757 0.9841856 0.1122258 -0.1370548 -569.0882 0 0 0 1
DataSet: 329
53.525390625 415.1953125 336.533203125 1.494140625 -1.30160435651897 29.1796875 -79.013671875
29.890 142.635 -569.939 588.276
-0.1329554 0.07805602 -0.9880436 29.89002 -0.09875949 0.9908892 0.09157033 142.635 0.9861894 0.1097535 -0.1240353 -569.9388 0 0 0 1
DataSet: 330
54.580078125 415.283203125 336.533203125 1.494140625 -1.30189179603928 29.267578125 -79.013671875
21.181 142.576 -569.723 587.674
-0.1171934 0.0803223 -0.9898556 21.18106 -0.1001219 0.99069 0.09224389 142.5757 0.9880493 0.1099166 -0.1080603 -569.7232 0 0 0 1
DataSet: 331
55.458984375 415.1953125 336.533203125 1.494140625 -1.30160435651897 29.1796875 -79.013671875
13.106 142.635 -570.572 588.276
-0.1038774 0.0812519 -0.9912657 13.1056 -0.09875949 0.9908892 0.09157033 142.635 0.9896747 0.107409 -0.09490662 -570.5716 0 0 0 1
DataSet: 332
56.513671875 415.1953125 336.533203125 1.494140625 -1.30160435651897 29.1796875 -79.013671875
4.669 142.635 -570.703 588.276
-0.08923528 0.0828309 -0.9925604 4.669165 -0.09875949 0.9908892 0.09157033 142.635 0.9911022 0.1061961 -0.08024194 -570.703 0 0 0 1
DataSet: 333
57.48046875 415.1953125 336.533203125 1.494140625 -1.30160435651897 29.1796875 -79.013671875
-3.065 142.635 -570.714 588.276
-0.07579611 0.08426241 -0.9935566 -3.065176 -0.09875949 0.9908892 0.09157033 142.635 0.9922205 0.1050638 -0.06678384 -570.7139 0 0 0 1
DataSet: 334
58.53515625 415.283203125 336.533203125 1.494140625 -1.30189179603928 29.267578125 -79.013671875
-16.700 142.576 -569.872 587.674
-0.05132043 0.08744432 -0.9948466 -16.6998 -0.1001219 0.99069 0.09224389 142.5757 0.9936507 0.1043399 -0.04208754 -569.8721 0 0 0 1
DataSet: 335
59.501953125 415.283203125 336.533203125 1.494140625 -1.30189179603928 29.267578125 -79.013671875
-25.114 142.576 -569.563 587.674
-0.03664096 0.08897564 -0.9953596 -25.11364 -0.1001219 0.99069 0.09224389 142.5757 0.9943003 0.1030372 -0.02739142 -569.5634 0 0 0 1
DataSet: 336
60.556640625 415.283203125 336.533203125 1.494140625 -1.30189179603928 29.267578125 -79.013671875
-34.048 142.576 -569.099 587.674
-0.02103436 0.09058149 -0.9956669 -34.04787 -0.1001219 0.99069 0.09224389 142.5757 0.9947528 0.1016284 -0.01176933 -569.0992 0 0 0 1
DataSet: 337
61.5234375 415.458984375 336.533203125 1.494140625 -1.30160435651897 29.1796875 -79.013671875
-41.086 142.635 -568.606 587.661
-0.007743745 0.09125213 -0.9957977 -41.0858 -0.09875949 0.9908892 0.09157033 142.635 0.9950812 0.09905357 0.001338821 -568.6063 0 0 0 1
DataSet: 338
62.490234375 409.21875 336.533203125 1.494140625 -1.30160435651897 29.1796875 -79.013671875
-10.771 142.635 -584.217 601.473
-0.1013639 0.08152439 -0.9915035 -10.77069 -0.09875949 0.9908892 0.09157033 142.635 0.9899353 0.1072023 -0.09238911 -584.2169 0 0 0 1
DataSet: 339
63.544921875 409.21875 336.533203125 1.494140625 -1.30189179603928 29.267578125 -79.013671875
-22.337 142.576 -583.488 601.070
-0.0815917 0.08422247 -0.9931009 -22.33663 -0.1001219 0.99069 0.09224389 142.5757 0.9916241 0.1069575 -0.07239957 -583.4883 0 0 0 1
DataSet: 340
64.51171875 409.130859375 336.533203125 1.494140625 -1.30160435651897 29.1796875 -79.013671875
-30.859 142.635 -583.690 601.657
-0.06784371 0.08510151 -0.9940599 -30.85859 -0.09875949 0.9908892 0.09157033 142.635 0.9927959 0.1043853 -0.05882102 -583.6899 0 0 0 1
DataSet: 341
65.478515625 409.21875 336.533203125 1.494140625 -1.18327889393383 29.1796875 -79.013671875
-38.697 142.658 -582.825 601.277
-0.05467455 0.08441394 -0.9949296 -38.69696 -0.09975647 0.9909731 0.08956018 142.6583 0.9935086 0.1041473 -0.04576018 -582.8247 0 0 0 1
DataSet: 342
66.4453125 409.130859375 336.533203125 1.494140625 -1.30160435651897 29.1796875 -79.013671875
-49.178 142.635 -582.433 601.657
-0.03662576 0.08833834 -0.9954169 -49.17751 -0.09875949 0.9908892 0.09157033 142.635 0.9944371 0.1016607 -0.02756782 -582.4326 0 0 0 1
DataSet: 343
67.587890625 409.21875 336.533203125 1.494140625 -1.30160435651897 29.1796875 -79.013671875
-63.373 142.635 -580.869 601.473
-0.01174456 0.09085313 -0.9957951 -63.37294 -0.09875949 0.9908892 0.09157033 142.635 0.995042 0.09941967 -0.002664948 -580.8693 0 0 0 1
DataSet: 344
68.466796875 409.21875 336.533203125 1.494140625 -1.30160435651897 29.1796875 -79.013671875
-70.889 142.635 -580.000 601.473
0.001141083 0.09213288 -0.9957461 -70.88923 -0.09875949 0.9908892 0.09157033 142.635 0.9951107 0.09823488 0.01022968 -580 0 0 0 1
DataSet: 345
69.521484375 409.21875 336.533203125 1.494140625 -1.30189179603928 29.267578125 -79.013671875
-79.698 142.576 -578.451 601.070
0.01647344 0.09434757 -0.995403 -79.69777 -0.1001219 0.99069 0.09224389 142.5757 0.9948388 0.09814209 0.02576634 -578.4512 0 0 0 1
DataSet: 346
70.48828125 409.21875 336.533203125 1.494140625 -1.30160435651897 29.1796875 -79.013671875
-98.719 142.635 -575.917 601.473
0.0490283 0.09675357 -0.9941001 -98.71892 -0.09875949 0.9908892 0.09157033 142.635 0.9939028 0.09368728 0.05813695 -575.9166 0 0 0 1
DataSet: 347
71.455078125 409.21875 336.533203125 1.494140625 -1.30160435651897 29.1796875 -79.013671875
-110.758 142.635 -573.723 601.473
0.06983227 0.09869439 -0.9926645 -110.7583 -0.09875949 0.9908892 0.09157033 142.635 0.9926581 0.09164048 0.07894306 -573.7228 0 0 0 1
DataSet: 348
72.421875 409.21875 336.533203125 1.494140625 -1.30189179603928 29.267578125 -79.013671875
-122.526 142.576 -570.916 601.070
0.09046604 0.1013899 -0.990725 -122.5265 -0.1001219 0.99069 0.09224389 142.5757 0.9908539 0.09084835 0.09977515 -570.9158 0 0 0 1
DataSet: 349
73.564453125 409.21875 336.533203125 1.494140625 -1.30160435651897 29.1796875 -79.013671875
-130.659 142.635 -569.520 601.473
0.1043388 0.1018241 -0.9893156 -130.6593 -0.09875949 0.9908892 0.09157033 142.635 0.9896262 0.08814996 0.1134443 -569.5204 0 0 0 1
DataSet: 350
74.443359375 409.21875 336.533203125 1.494140625 -1.30189179603928 29.267578125 -79.013671875
-140.856 142.576 -566.672 601.070
0.1223413 0.1042641 -0.9869962 -140.856 -0.1001219 0.99069 0.09224389 142.5757 0.987425 0.08753472 0.1316415 -566.672 0 0 0 1
DataSet: 351
75.41015625 409.21875 336.533203125 1.494140625 -1.30189179603928 29.267578125 -79.013671875
-156.214 142.576 -562.632 601.070
0.1491488 0.106606 -0.9830512 -156.2144 -0.1001219 0.99069 0.09224389 142.5757 0.9837328 0.08466692 0.1584338 -562.6319 0 0 0 1
DataSet: 352
76.46484375 409.21875 336.533203125 1.494140625 -1.30160435651897 29.1796875 -79.013671875
-169.288 142.635 -559.256 601.473
0.171749 0.1076121 -0.9792456 -169.2881 -0.09875949 0.9908892 0.09157033 142.635 0.9801779 0.08098268 0.180812 -559.2556 0 0 0 1
DataSet: 353
77.51953125 409.21875 336.533203125 1.494140625 -1.30160435651897 29.1796875 -79.013671875
-178.246 142.635 -556.465 601.473
0.187465 0.1088985 -0.9762161 -178.2458 -0.09875949 0.9908892 0.09157033 142.635 0.977294 0.07924438 0.1965118 -556.4654 0 0 0 1
DataSet: 354
78.57421875 409.21875 336.533203125 1.494140625 -1.30160435651897 29.1796875 -79.013671875
-187.158 142.635 -553.532 601.473
0.2031326 0.1101569 -0.9729351 -187.1577 -0.09875949 0.9908892 0.09157033 142.635 0.9741579 0.07748566 0.2121609 -553.5317 0 0 0 1
DataSet: 355
79.541015625 409.21875 336.533203125 1.494140625 -1.30189179603928 29.267578125 -79.013671875
-207.041 142.576 -545.978 601.070
0.2385363 0.113906 -0.9644303 -207.0408 -0.1001219 0.99069 0.09224389 142.5757 0.9659586 0.0745571 0.24772 -545.9777 0 0 0 1
DataSet: 356
80.5078125 409.21875 336.533203125 1.494140625 -1.30160435651897 29.1796875 -79.013671875
-217.765 142.635 -542.221 601.473
0.2571948 0.1143105 -0.9595749 -217.7648 -0.09875949 0.9908892 0.09157033 142.635 0.9612998 0.07121572 0.2661408 -542.2212 0 0 0 1
DataSet: 357
81.5625 409.21875 336.533203125 1.494140625 -1.30160435651897 29.1796875 -79.013671875
-229.072 142.635 -537.542 601.473
0.2772703 0.1157768 -0.9537908 -229.0725 -0.09875949 0.9908892 0.09157033 142.635 0.9557027 0.06880616 0.2861783 -537.5417 0 0 0 1
DataSet: 358
82.529296875 409.21875 336.533203125 1.494140625 -1.30189179603928 29.267578125 -79.013671875
-229.632 142.576 -536.868 601.070
0.2786159 0.1169164 -0.9532595 -229.6317 -0.1001219 0.99069 0.09224389 142.5757 0.9551695 0.06974157 0.2877278 -536.8676 0 0 0 1
DataSet: 359
83.49609375 409.21875 336.533203125 1.494140625 -1.30160435651897 29.1796875 -79.013671875
-242.497 142.635 -531.621 601.473
0.3011783 0.1174679 -0.9463049 -242.4966 -0.09875949 0.9908892 0.09157033 142.635 0.9484399 0.06587759 0.3100354 -531.6208 0 0 0 1
DataSet: 360
85.4296875 409.21875 336.533203125 1.494140625 -1.30189179603928 29.267578125 -79.013671875
-261.506 142.576 -522.085 601.070
0.3355602 0.1208994 -0.9342284 -261.5059 -0.1001219 0.99069 0.09224389 142.5757 0.9366829 0.06258336 0.3445408 -522.0845 0 0 0 1
DataSet: 361
86.484375 409.21875 336.533203125 1.494140625 -1.30189179603928 29.267578125 -79.013671875
-269.368 142.576 -518.072 601.070
0.3496802 0.1218315 -0.9289138 -269.3676 -0.1001219 0.99069 0.09224389 142.5757 0.9315038 0.06074877 0.3586227 -518.0721 0 0 0 1
DataSet: 362
87.5390625 409.21875 336.533203125 1.494140625 -1.30189179603928 29.267578125 -79.013671875
-284.537 142.576 -509.898 601.070
0.3770144 0.123571 -0.9179272 -284.5374 -0.1001219 0.99069 0.09224389 142.5757 0.9207799 0.05712736 0.3858766 -509.8981 0 0 0 1
DataSet: 363
88.505859375 409.21875 336.533203125 1.494140625 -1.30189179603928 29.267578125 -79.013671875
-292.904 142.576 -505.138 601.070
0.392142 0.124496 -0.9114414 -292.9042 -0.1001219 0.99069 0.09224389 142.5757 0.9144399 0.05508256 0.4009559 -505.1383 0 0 0 1
DataSet: 364
89.47265625 409.21875 336.533203125 1.494140625 -1.30189179603928 29.267578125 -79.013671875
-296.775 142.576 -502.874 601.070
0.3991527 0.1249153 -0.9083354 -296.7747 -0.1001219 0.99069 0.09224389 142.5757 0.9114015 0.05412489 0.4079434 -502.8741 0 0 0 1
DataSet: 365
90.439453125 409.21875 336.533203125 1.494140625 -1.30189179603928 29.267578125 -79.013671875
-306.300 142.576 -497.130 601.070
0.4164406 0.1259236 -0.9004002 -306.2996 -0.1001219 0.99069 0.09224389 142.5757 0.9036331 0.0517357 0.4251712 -497.1299 0 0 0 1
DataSet: 366
91.494140625 409.21875 336.533203125 1.494140625 -1.30189179603928 29.267578125 -79.013671875
-316.032 142.576 -491.001 601.070
0.4341578 0.1269182 -0.8918514 -316.0316 -0.1001219 0.99069 0.09224389 142.5757 0.8952556 0.04924547 0.4428231 -491.0006 0 0 0 1
DataSet: 367
92.548828125 409.21875 336.533203125 1.494140625 -1.30189179603928 29.267578125 -79.013671875
-322.856 142.576 -486.540 601.070
0.4466152 0.1275934 -0.8855816 -322.8563 -0.1001219 0.99069 0.09224389 142.5757 0.8891066 0.04746861 0.4552321 -486.5403 0 0 0 1
DataSet: 368
93.515625 409.21875 336.533203125 1.494140625 -1.30189179603928 29.267578125 -79.013671875
-329.057 142.576 -482.368 601.070
0.457958 0.1281904 -0.8796827 -329.0569 -0.1001219 0.99069 0.09224389 142.5757 0.8833176 0.0458317 0.4665291 -482.3683 0 0 0 1
DataSet: 369
94.5703125 409.21875 336.533203125 1.494140625 -1.30160435651897 29.1796875 -79.013671875
-336.106 142.635 -477.973 601.473
0.4704233 0.1275776 -0.87317 -336.106 -0.09875949 0.9908892 0.09157033 142.635 0.876897 0.04315701 0.4787369 -477.9729 0 0 0 1
