-13.798828125 -11.42578125 2.021484375 1.58203125 -3.44088040702684 -7.646484375 -93.955078125 -2.63671875
-11.865234375 -7.91015625 1.669921875 1.58203125 -3.66542448551853 -4.658203125 -88.59375 -2.8125
-7.03125 -7.734375 -0.87890625 1.58203125 -1.03086581544525 -4.306640625 -87.5390625 -0.791015625
17.9296875 -35.595703125 -2.548828125 1.58203125 0.687343560437061 -4.74609375 -97.03125 0.52734375
21.26953125 -35.595703125 -2.28515625 1.58203125 -0.114579116599755 -5.2734375 -88.505859375 -0.087890625
24.169921875 -36.38671875 -1.142578125 1.58203125 -1.3750253133839 -5.44921875 -88.41796875 -1.0546875
27.24609375 -36.123046875 -1.40625 1.58203125 -0.229082753926512 -4.306640625 -84.638671875 -0.17578125
25.751953125 -26.19140625 -1.318359375 1.58203125 -0.228992406283262 -2.724609375 -76.640625 -0.17578125
28.740234375 -24.9609375 -0.615234375 1.58203125 1.37398663595296 -2.900390625 -72.24609375 1.0546875
32.431640625 -22.939453125 0.087890625 1.58203125 -2.06216999412512 -5.009765625 -68.5546875 -1.58203125
37.529296875 -22.763671875 2.548828125 1.58203125 -1.95157624051857 -9.052734375 -63.28125 -1.494140625
41.748046875 -22.8515625 1.93359375 1.58203125 0 -10.634765625 -53.525390625 0
52.470703125 -33.837890625 1.7578125 1.58203125 -1.60402924086243 -5.185546875 -59.23828125 -1.23046875
48.69140625 -35.33203125 2.8125 1.58203125 -1.60338846689834 -3.955078125 -56.953125 -1.23046875
49.21875 -44.296875 2.548828125 1.58203125 -1.37542493612554 -6.15234375 -68.73046875 -1.0546875
42.5390625 -44.384765625 -2.109375 1.494140625 -2.1764653884146 -4.658203125 -76.2890625 -1.669921875
38.583984375 -45.087890625 -0.703125 1.58203125 -0.343796200339993 -5.712890625 -84.814453125 -0.263671875
35.595703125 -45.17578125 -0.791015625 1.58203125 -2.17666077001894 -4.921875 -87.978515625 -1.669921875
32.431640625 -45 -0.791015625 1.58203125 -2.74976767694006 -5.2734375 -92.28515625 -2.109375
-31.552734375 50.80078125 -0.17578125 1.58203125 -5.04083976693634 -5.361328125 -59.0625 -3.8671875
-36.826171875 50.80078125 -0.703125 1.58203125 -4.3536301772623 -5.361328125 -67.060546875 -3.33984375
-41.1328125 49.921875 -1.93359375 1.58203125 -3.66888807039153 -6.943359375 -70.751953125 -2.8125
-44.296875 48.515625 2.548828125 1.58203125 -3.78402500199232 -7.20703125 -99.931640625 -2.900390625
-45.791015625 45.17578125 5.9765625 1.58203125 -1.03702105236842 -13.53515625 -97.03125 -0.791015625
-46.7578125 42.5390625 -0.087890625 1.58203125 -6.77093069022498 -8.96484375 -92.4609375 -5.185546875
5.888671875 -48.251953125 0.966796875 1.58203125 3.90015453823346 -7.91015625 -140.185546875 2.98828125
13.53515625 -52.646484375 -1.318359375 1.58203125 4.36143250843874 -8.876953125 -128.14453125 3.33984375
22.32421875 -54.052734375 -0.52734375 1.58203125 -3.77869613710805 -3.515625 -120.05859375 -2.900390625
27.59765625 -57.744140625 -1.318359375 1.58203125 -1.03070983325297 -3.779296875 -109.951171875 -0.791015625
35.771484375 -64.6875 -1.318359375 1.58203125 0.687192735225283 -4.04296875 -112.412109375 0.52734375
44.6484375 -70.48828125 -1.0546875 1.58203125 0.229409117494974 -7.646484375 -116.455078125 0.17578125
48.251953125 -70.48828125 -0.791015625 1.58203125 0.229335002991303 -7.03125 -103.53515625 0.17578125
49.21875 -65.7421875 -0.791015625 1.58203125 -1.71760340948745 -3.251953125 -94.74609375 -1.318359375
53.7890625 -67.060546875 -0.615234375 1.58203125 -1.14553287984365 -4.658203125 -93.8671875 -0.87890625
59.501953125 -67.587890625 -0.263671875 1.58203125 -0.572770000388262 -4.658203125 -85.95703125 -0.439453125
66.357421875 -67.236328125 1.318359375 1.58203125 -0.573723093943962 -8.26171875 -73.916015625 -0.439453125
61.171875 -53.7890625 4.306640625 1.58203125 -2.51845823904149 -1.845703125 -61.787109375 -1.93359375
56.865234375 -44.82421875 5.2734375 1.58203125 -0.686799633143264 -0.439453125 -56.25 -0.52734375
49.5703125 -28.828125 3.427734375 1.58203125 -1.71712987348689 -1.669921875 -46.0546875 -1.318359375
61.435546875 -39.638671875 2.900390625 1.58203125 -2.74742036299885 -1.93359375 -43.857421875 -2.109375
73.740234375 -60.205078125 4.5703125 1.58203125 -3.32066873166181 -3.427734375 -56.689453125 -2.548828125
76.025390625 -69.08203125 5.625 1.58203125 -2.17640267784147 -4.5703125 -68.90625 -1.669921875
74.970703125 -73.037109375 5.2734375 1.58203125 -1.60392701661742 -5.009765625 -69.697265625 -1.23046875
71.54296875 -74.091796875 2.98828125 1.58203125 -1.60292136689504 -2.724609375 -75.9375 -1.23046875
72.24609375 -82.705078125 0.087890625 1.58203125 -3.89686131216145 -6.240234375 -79.62890625 -2.98828125
70.048828125 -85.869140625 0.087890625 1.58203125 -2.86387736854509 -4.833984375 -88.06640625 -2.197265625
66.357421875 -86.396484375 -0.087890625 1.58203125 -3.09162059018459 -3.33984375 -92.724609375 -2.373046875
62.666015625 -88.9453125 -0.17578125 1.58203125 -2.29158271381482 -5.361328125 -103.623046875 -1.7578125
52.998046875 -86.1328125 -0.263671875 1.58203125 -2.52001951650648 -4.5703125 -110.390625 -1.93359375
47.021484375 -86.8359375 -0.791015625 1.58203125 -1.03070983325297 -3.779296875 -119.267578125 -0.791015625
-15.380859375 69.345703125 6.591796875 1.58203125 -2.86195658329837 -2.109375 -15.99609375 -2.197265625
-25.3125 76.025390625 3.955078125 1.58203125 -3.43373301961194 -0.17578125 -19.951171875 -2.63671875
-33.92578125 82.96875 1.318359375 1.58203125 -4.23478695024657 0.3515625 -29.619140625 -3.251953125
-43.681640625 87.5390625 1.142578125 1.58203125 -3.8914816690232 0.17578125 -30.498046875 -2.98828125
-49.921875 87.275390625 0.791015625 1.494140625 -2.63263246032163 -0.52734375 -46.40625 -2.021484375
-55.986328125 87.451171875 0.439453125 1.494140625 -1.37360800651165 -0.791015625 -47.8125 -1.0546875
-63.984375 89.033203125 0.439453125 1.494140625 -4.46655220531366 -4.306640625 -58.974609375 -3.427734375
-66.181640625 82.705078125 1.669921875 1.58203125 -3.89544636252894 -5.361328125 -91.23046875 -2.98828125
-66.4453125 75.849609375 2.373046875 1.58203125 -4.23518607077373 -1.669921875 -85.078125 -3.251953125
-66.005859375 67.5 1.318359375 1.58203125 -4.57840194637639 -1.494140625 -92.8125 -3.515625
-66.26953125 63.45703125 0.615234375 1.58203125 -4.46731686260108 -4.833984375 -111.4453125 -3.427734375
22.5 -78.837890625 3.076171875 1.58203125 1.83257501596519 -4.21875 -152.578125 1.40625
30.5859375 -82.96875 1.0546875 1.58203125 1.2597823222556 -3.8671875 -140.888671875 0.966796875
39.111328125 -83.49609375 -1.0546875 1.58203125 2.63353963828383 -3.1640625 -126.9140625 2.021484375
49.5703125 -85.25390625 -0.791015625 1.58203125 -0.343432113028409 -1.669921875 -115.3125 -0.263671875
58.7109375 -85.693359375 -0.52734375 1.58203125 -1.25963910643281 -3.427734375 -105.029296875 -0.966796875
69.9609375 -89.033203125 -0.17578125 1.58203125 -0.801347486948671 -1.7578125 -97.55859375 -0.615234375
76.11328125 -83.583984375 -0.3515625 1.58203125 1.71702805416264 -1.0546875 -81.650390625 1.318359375
19.6875 -39.7265625 -1.40625 1.58203125 -1.48965886593964 -5.537109375 -90.3515625 -1.142578125
24.08203125 -36.38671875 -1.318359375 1.58203125 -1.48960766743573 -5.44921875 -80.5078125 -1.142578125
31.11328125 -36.123046875 -0.966796875 1.58203125 -0.343652553314329 -4.5703125 -69.2578125 -0.263671875
38.14453125 -53.7890625 -0.615234375 1.58203125 -4.58004390344716 -3.515625 -85.166015625 -3.515625
27.7734375 -53.701171875 -1.40625 1.58203125 -0.686942136515237 -2.4609375 -102.83203125 -0.52734375
-46.58203125 70.83984375 0 1.494140625 -2.4045069829184 -3.076171875 -55.107421875 -1.845703125
-42.71484375 73.828125 0.52734375 1.58203125 0.915730722962842 0.439453125 -36.5625 0.703125
-42.451171875 82.6171875 0.87890625 1.58203125 -1.60250032185828 0 -26.3671875 -1.23046875
-45.087890625 64.6875 -0.263671875 1.58203125 -3.89194629011309 -1.845703125 -65.91796875 -2.98828125
-30.234375 46.0546875 -0.3515625 1.58203125 -0.915744731965032 -0.791015625 -57.568359375 -0.703125
-26.015625 8.96484375 2.724609375 1.58203125 -3.915266427638 -13.0078125 -94.130859375 -2.98828125
-22.32421875 8.96484375 4.921875 1.58203125 -3.33390753024064 -11.07421875 -84.0234375 -2.548828125
-19.248046875 8.96484375 3.603515625 1.58203125 -0.572675735639548 -4.130859375 -79.8046875 -0.439453125
-13.271484375 9.052734375 3.603515625 1.58203125 -2.52024154189449 -4.833984375 -77.431640625 -1.93359375
-8.876953125 9.052734375 3.8671875 1.58203125 -2.40503388724798 -3.955078125 -70.13671875 -1.845703125
-5.888671875 8.96484375 3.955078125 1.58203125 -2.74832037579587 -3.603515625 -66.97265625 -2.109375
-0.966796875 8.96484375 4.130859375 1.58203125 -2.97638404067448 -2.021484375 -64.3359375 -2.28515625
4.482421875 8.96484375 4.306640625 1.58203125 -2.63334361314412 -2.8125 -56.953125 -2.021484375
8.876953125 8.96484375 4.5703125 1.58203125 -2.74832037579587 -3.603515625 -51.767578125 -2.109375
13.18359375 8.876953125 6.591796875 1.58203125 -2.86338707880756 -4.306640625 -52.3828125 -2.197265625
16.69921875 8.876953125 6.240234375 1.58203125 0.574424335588293 -10.107421875 -44.12109375 0.439453125
19.775390625 8.7890625 3.1640625 1.58203125 0.921960457889523 -13.7109375 -43.06640625 0.703125
19.951171875 9.052734375 3.076171875 1.58203125 -1.14543576145571 -4.39453125 -42.71484375 -0.87890625
16.435546875 9.052734375 5.185546875 1.58203125 -1.94621066937378 -2.197265625 -50.44921875 -1.494140625
36.9140625 -32.6953125 4.130859375 1.58203125 -3.09097101398158 -2.28515625 -62.2265625 -2.373046875
31.46484375 -32.783203125 4.306640625 1.58203125 -4.12188261556019 -3.251953125 -73.740234375 -3.1640625
27.685546875 -34.013671875 4.04296875 1.58203125 -2.29020000558464 -3.427734375 -81.123046875 -1.7578125
21.533203125 -34.013671875 3.603515625 1.58203125 0.915965075640695 -2.724609375 -100.986328125 0.703125
18.80859375 -34.013671875 3.515625 1.58203125 -2.06186149117393 -4.5703125 -94.130859375 -1.58203125
13.53515625 -33.75 3.427734375 1.58203125 -1.26023620643625 -5.009765625 -118.828125 -0.966796875
7.470703125 -33.310546875 5.2734375 1.58203125 -0.114688314739313 -7.3828125 -115.48828125 -0.087890625
1.669921875 -33.310546875 4.921875 1.58203125 0.572857294330275 -5.09765625 -126.38671875 0.439453125
-4.482421875 -33.310546875 3.8671875 1.58203125 1.95135489590969 -8.876953125 -133.76953125 1.494140625
7.470703125 -51.416015625 4.04296875 1.58203125 -0.229165797495105 -5.361328125 -144.4921875 -0.17578125
15.1171875 -54.84375 4.658203125 1.58203125 1.25969430834553 -3.603515625 -131.8359375 0.966796875
20.91796875 -54.755859375 3.603515625 1.58203125 4.92439532129431 -4.21875 -136.669921875 3.779296875
26.982421875 -54.228515625 3.427734375 1.58203125 0.114485709372368 -2.197265625 -115.400390625 0.087890625
36.73828125 -60.64453125 3.779296875 1.58203125 -1.71711250952339 -1.58203125 -109.072265625 -1.318359375
43.857421875 -60.732421875 5.09765625 1.58203125 -2.17510657819249 -2.021484375 -94.21875 -1.669921875
51.064453125 -60.8203125 4.833984375 1.58203125 -2.9762172779762 -1.58203125 -84.638671875 -2.28515625
-25.3125 59.0625 5.361328125 1.58203125 -1.25911830348071 -0.263671875 -38.935546875 -0.966796875
-20.654296875 58.88671875 7.119140625 1.58203125 -1.94594259614912 -0.966796875 -28.212890625 -1.494140625
-14.58984375 56.77734375 8.525390625 1.58203125 -1.71747177772458 -2.900390625 -27.59765625 -1.318359375
-0.52734375 43.9453125 8.4375 1.58203125 -2.17479277265529 0.087890625 -15.380859375 -1.669921875
3.69140625 43.9453125 4.04296875 1.58203125 -1.83150440350665 -1.142578125 -15.29296875 -1.40625
77.958984375 -63.6328125 3.427734375 1.58203125 -3.55132742727409 -5.009765625 -51.85546875 -2.724609375
76.552734375 -71.630859375 6.328125 1.58203125 -1.60392701661742 -5.009765625 -65.478515625 -1.23046875
74.1796875 -75.9375 5.888671875 1.58203125 -2.86472027936744 -5.625 -77.080078125 -2.197265625
72.7734375 -81.298828125 5.185546875 1.58203125 -4.01013092925958 -5.44921875 -82.177734375 -3.076171875
69.08203125 -85.693359375 5.09765625 1.58203125 -1.71968477276265 -6.6796875 -93.779296875 -1.318359375
64.248046875 -87.099609375 4.658203125 1.58203125 -0.343642841262959 -4.482421875 -102.392578125 -0.263671875
57.744140625 -87.275390625 4.39453125 1.58203125 0.114594742905014 -5.625 -107.666015625 0.087890625
53.26171875 -89.208984375 4.39453125 1.58203125 -0.573521792332399 -7.646484375 -115.48828125 -0.439453125
45.703125 -87.71484375 2.98828125 1.58203125 1.0310423470218 -4.833984375 -135.87890625 0.791015625
39.638671875 -87.1875 4.482421875 1.58203125 2.06462712354957 -7.646484375 -128.759765625 1.58203125
30.849609375 -80.5078125 5.625 1.58203125 2.17516366867367 -2.197265625 -145.634765625 1.669921875
22.67578125 -74.70703125 4.482421875 1.58203125 2.17659443373787 -4.833984375 -148.7109375 1.669921875
19.775390625 -74.619140625 3.779296875 1.58203125 2.64062062615427 -9.228515625 -137.373046875 2.021484375
22.060546875 -78.486328125 2.724609375 1.58203125 -0.916956045895073 -6.15234375 -138.33984375 -0.703125
28.828125 -84.90234375 1.845703125 1.58203125 -0.572894442799627 -5.2734375 -137.197265625 -0.439453125
34.716796875 -86.30859375 2.109375 1.58203125 -0.686952846918303 -2.548828125 -141.416015625 -0.52734375
44.296875 -86.8359375 3.8671875 1.58203125 -0.11453245463192 -4.04296875 -142.20703125 -0.087890625
53.96484375 -89.208984375 4.21875 1.58203125 -0.114541405436134 -4.306640625 -115.576171875 -0.087890625
58.7109375 -89.384765625 4.306640625 1.58203125 -1.03157409610336 -6.15234375 -109.86328125 -0.791015625
64.599609375 -89.384765625 4.5703125 1.58203125 -0.686987241048233 -2.8125 -110.654296875 -0.52734375
70.13671875 -89.384765625 4.74609375 1.58203125 0.687228157837715 -4.21875 -109.599609375 0.52734375
73.212890625 -86.923828125 4.833984375 1.58203125 -0.916326460051452 -4.306640625 -90.966796875 -0.703125
75.322265625 -79.365234375 6.943359375 1.58203125 -1.14510430647644 -3.33984375 -75.5859375 -0.87890625
76.552734375 -74.267578125 6.50390625 1.58203125 -1.14474256363428 -1.494140625 -65.302734375 -0.87890625
78.22265625 -68.994140625 7.03125 1.58203125 -0.915736726632545 -0.615234375 -48.8671875 -0.703125
-44.560546875 88.06640625 5.712890625 1.58203125 -4.69271131793251 -1.23046875 -32.51953125 -3.603515625
-51.240234375 87.5390625 5.537109375 1.58203125 -4.00689521809321 -2.63671875 -44.47265625 -3.076171875
-57.568359375 87.1875 5.185546875 1.58203125 -4.57816558224902 -0.87890625 -63.28125 -3.515625
-23.291015625 27.861328125 3.955078125 1.58203125 -4.35012651370396 -2.4609375 -71.630859375 -3.33984375
-17.314453125 28.037109375 4.04296875 1.58203125 -2.51855118312541 -2.109375 -61.875 -1.93359375
-8.26171875 28.037109375 4.39453125 1.58203125 -1.94598247121539 -1.23046875 -50.888671875 -1.494140625
-33.75 61.259765625 5.009765625 1.58203125 -3.43377522199939 -0.615234375 -54.052734375 -2.63671875
-31.201171875 68.203125 5.185546875 1.58203125 -3.54949738243272 -3.251953125 -40.4296875 -2.724609375
-40.869140625 58.18359375 4.39453125 1.58203125 -4.00593711846825 -0.439453125 -69.521484375 -3.076171875
-52.998046875 76.81640625 5.09765625 1.58203125 -2.97659157083417 2.4609375 -66.533203125 -2.28515625
-23.818359375 25.927734375 7.3828125 1.58203125 -2.7474541598299 -2.021484375 -74.970703125 -2.109375
-21.181640625 28.65234375 7.646484375 1.58203125 -0.801309161418898 -1.318359375 -66.62109375 -0.615234375
-22.060546875 28.65234375 7.734375 1.58203125 -0.915868628471923 -2.109375 -68.02734375 -0.703125
-18.544921875 28.740234375 7.734375 1.58203125 -2.40425436266913 -2.548828125 -61.962890625 -1.845703125
-14.853515625 28.740234375 8.701171875 1.58203125 -1.48853784529594 -3.076171875 -58.623046875 -1.142578125
-9.66796875 28.740234375 8.173828125 1.58203125 -0.343416627242282 -1.23046875 -55.546875 -0.263671875
-1.40625 23.73046875 8.173828125 1.58203125 -3.20509777112255 -1.494140625 -44.736328125 -2.4609375
4.833984375 23.818359375 9.931640625 1.58203125 -3.43501481782251 -3.251953125 -41.396484375 -2.63671875
43.06640625 -39.462890625 8.0859375 1.58203125 -3.32039967247779 -3.076171875 -73.212890625 -2.548828125
37.79296875 -39.55078125 8.0859375 1.58203125 -4.00601917686397 -0.87890625 -82.529296875 -3.076171875
33.486328125 -39.462890625 7.822265625 1.58203125 -3.54892930432026 -2.4609375 -94.74609375 -2.724609375
27.861328125 -39.462890625 7.646484375 1.58203125 -1.9476721669823 -5.09765625 -97.470703125 -1.494140625
23.466796875 -39.462890625 7.294921875 1.58203125 -1.60378037107336 -4.74609375 -111.97265625 -1.23046875
17.2265625 -38.759765625 8.7890625 1.58203125 -1.37657277898719 -7.822265625 -123.75 -1.0546875
24.43359375 -51.328125 7.998046875 1.58203125 0.573077445799638 -6.064453125 -114.78515625 0.439453125
30.76171875 -52.294921875 7.294921875 1.58203125 -1.03066239397529 -3.603515625 -113.02734375 -0.791015625
37.001953125 -54.4921875 7.55859375 1.58203125 -0.458085056959186 -3.69140625 -107.75390625 -0.3515625
44.384765625 -54.580078125 7.734375 1.58203125 -0.343580184539336 -3.8671875 -90.263671875 -0.263671875
49.74609375 -54.580078125 7.998046875 1.58203125 -0.916455953582436 -4.74609375 -90.703125 -0.703125
58.447265625 -55.01953125 9.84375 1.58203125 -2.40528181847401 -4.306640625 -74.267578125 -1.845703125
70.048828125 -72.0703125 8.525390625 1.58203125 -3.20703834755131 -4.39453125 -83.49609375 -2.4609375
67.5 -73.828125 8.525390625 1.58203125 -3.77962823498824 -4.39453125 -90.439453125 -2.900390625
64.599609375 -76.201171875 8.349609375 1.58203125 -2.1764653884146 -4.658203125 -99.052734375 -1.669921875
57.216796875 -76.904296875 8.173828125 1.58203125 0.114494320779494 -2.63671875 -108.369140625 0.087890625
51.064453125 -76.81640625 8.0859375 1.494140625 -0.801470436386137 -2.724609375 -115.83984375 -0.615234375
46.0546875 -77.607421875 7.822265625 1.494140625 0.343784000568769 -5.625 -119.1796875 0.263671875
39.990234375 -76.640625 7.734375 1.494140625 0.229053551227657 -3.8671875 -135 0.17578125
52.646484375 -85.693359375 8.349609375 1.58203125 1.03357128944346 -9.580078125 -125.15625 0.791015625
58.974609375 -85.693359375 8.0859375 1.58203125 -2.17556300780929 -3.1640625 -112.939453125 -1.669921875
66.796875 -85.693359375 8.349609375 1.58203125 -2.06180322407804 -4.482421875 -114.521484375 -1.58203125
72.94921875 -85.60546875 8.525390625 1.58203125 -1.71756908423292 -3.1640625 -98.525390625 -1.318359375
76.640625 -85.078125 8.7890625 1.58203125 -2.63448158435983 -4.482421875 -86.1328125 -2.021484375
-16.259765625 -4.482421875 2.373046875 1.58203125 -1.61942241574722 -16.962890625 -100.1953125 -1.23046875
-11.865234375 -4.306640625 1.318359375 1.58203125 -0.345355621054071 -12.568359375 -97.998046875 -0.263671875
-8.525390625 -0.791015625 -0.87890625 1.58203125 -0.572510569390874 -2.98828125 -87.978515625 -0.439453125
-2.28515625 -0.966796875 -0.87890625 1.58203125 -0.34347183585711 -2.4609375 -82.353515625 -0.263671875
9.84375 -12.392578125 -0.791015625 1.58203125 -2.29005892886193 -3.1640625 -82.265625 -1.7578125
16.259765625 -17.9296875 -0.791015625 1.58203125 0.915906948103062 -2.373046875 -80.244140625 0.703125
20.654296875 -17.314453125 -0.52734375 1.58203125 -0.687110823469539 -3.603515625 -76.025390625 -0.52734375
23.02734375 -17.138671875 -0.3515625 1.58203125 -0.343541124435347 -3.427734375 -69.873046875 -0.263671875
7.822265625 15.908203125 0.087890625 1.58203125 -5.03711404871542 -2.8125 -52.822265625 -3.8671875
12.216796875 15.64453125 1.845703125 1.58203125 -3.20855823244308 -5.712890625 -48.1640625 -2.4609375
18.28125 15.1171875 3.69140625 1.58203125 -2.06568005554044 -8.525390625 -46.142578125 -1.58203125
33.134765625 -6.15234375 4.833984375 1.58203125 -3.77810045863947 -2.8125 -46.669921875 -2.900390625
28.564453125 -6.240234375 -2.021484375 1.58203125 -1.03020236855569 0.615234375 -55.546875 -0.791015625
23.466796875 -6.240234375 2.021484375 1.58203125 -3.43388777991045 1.142578125 -57.65625 -2.63671875
27.685546875 -21.005859375 -0.087890625 1.58203125 -3.66293116834928 -1.58203125 -68.02734375 -2.8125
24.43359375 -21.005859375 -0.087890625 1.58203125 -4.69247165722656 -0.263671875 -73.125 -3.603515625
20.91796875 -21.005859375 -0.17578125 1.58203125 -4.463930834233 -1.40625 -82.96875 -3.427734375
14.853515625 -21.005859375 -0.52734375 1.58203125 -3.66272802580295 -0.966796875 -88.154296875 -2.8125
9.931640625 -21.005859375 -0.703125 1.58203125 -4.57808556346136 -0.52734375 -94.74609375 -3.515625
4.5703125 -20.7421875 0.439453125 1.58203125 -3.09143525964468 -3.076171875 -101.6015625 -2.373046875
0.087890625 -20.7421875 0.52734375 1.58203125 -3.66531888760024 -4.5703125 -114.873046875 -2.8125
-5.361328125 -20.7421875 0.615234375 1.58203125 -2.75251659916796 -7.470703125 -117.0703125 -2.109375
8.61328125 -42.5390625 1.669921875 1.58203125 -1.60413503918795 -5.361328125 -145.986328125 -1.23046875
13.18359375 -42.802734375 1.0546875 1.58203125 -0.114590740361951 -5.537109375 -127.265625 -0.087890625
16.962890625 -42.802734375 0.3515625 1.58203125 -1.48853784529594 -3.076171875 -129.287109375 -1.142578125
22.1484375 -43.505859375 -0.966796875 1.58203125 -1.48827358837284 -2.109375 -117.421875 -1.142578125
32.080078125 -53.173828125 -0.703125 1.58203125 -2.8621193619187 -2.4609375 -108.369140625 -2.197265625
37.265625 -53.173828125 -0.615234375 1.58203125 -1.03057433397327 -3.251953125 -108.6328125 -0.791015625
43.154296875 -53.349609375 -0.3515625 1.58203125 -1.94588678090892 -0.3515625 -94.04296875 -1.494140625
54.66796875 -57.216796875 0 1.58203125 -2.86165937076548 -1.23046875 -84.19921875 -2.197265625
60.8203125 -56.162109375 1.7578125 1.58203125 -2.51981006964557 -4.306640625 -75.05859375 -1.93359375
62.578125 -51.50390625 1.7578125 1.58203125 -3.20654252853799 -3.8671875 -68.5546875 -2.4609375
63.984375 -45 1.318359375 1.58203125 -2.40386987723364 -1.40625 -55.1953125 -1.845703125
76.9921875 -62.314453125 1.58203125 1.58203125 -1.03101149496438 -4.74609375 -52.822265625 -0.791015625
74.35546875 -66.708984375 2.4609375 1.58203125 -2.06204315656337 -4.833984375 -74.443359375 -1.58203125
72.333984375 -70.927734375 1.318359375 1.58203125 -4.12172017216057 -3.076171875 -83.84765625 -3.1640625
70.6640625 -77.431640625 0.615234375 1.58203125 -4.23766666016116 -4.39453125 -87.802734375 -3.251953125
66.708984375 -77.783203125 0.615234375 1.58203125 -0.457900208084456 -1.494140625 -100.986328125 -0.3515625
65.302734375 -79.716796875 0.439453125 1.58203125 -4.46598299816014 -3.8671875 -105.1171875 -3.427734375
59.23828125 -80.068359375 0.439453125 1.58203125 -2.74797726438405 -3.076171875 -108.10546875 -2.109375
54.580078125 -80.5078125 0.439453125 1.58203125 -3.55059751917586 -4.39453125 -117.94921875 -2.724609375
50.009765625 -80.859375 0.3515625 1.58203125 -3.43501481782251 -3.251953125 -122.16796875 -2.63671875
42.71484375 -77.607421875 0 1.58203125 0.343760177391255 -5.44921875 -124.27734375 0.263671875
35.859375 -78.22265625 -2.548828125 1.58203125 0.802432382433414 -6.416015625 -137.109375 0.615234375
28.4765625 -72.94921875 -3.1640625 1.58203125 1.26090724710184 -6.328125 -140.537109375 0.966796875
20.654296875 -67.5 -0.087890625 1.58203125 1.0320467980308 -7.119140625 -156.533203125 0.791015625
-70.6640625 76.025390625 -0.966796875 1.58203125 -3.09040090516605 -0.087890625 -108.28125 -2.373046875
-70.048828125 87.01171875 1.845703125 1.58203125 -1.03073440617482 -3.8671875 -96.328125 -0.791015625
-64.86328125 88.681640625 1.669921875 1.58203125 1.03030118353813 -1.7578125 -65.126953125 0.791015625
-61.171875 90.439453125 1.58203125 1.58203125 -1.94605053821131 -1.58203125 -59.150390625 -1.494140625
62.138671875 -87.01171875 -0.087890625 1.58203125 -0.343571993397812 -3.779296875 -121.376953125 -0.263671875
68.203125 -87.099609375 0.087890625 1.58203125 0.457992252326031 -2.8125 -102.744140625 0.3515625
73.740234375 -87.099609375 0.615234375 1.58203125 -2.63309296883025 -2.28515625 -91.23046875 -2.021484375
79.013671875 -87.01171875 0.263671875 1.58203125 -3.54877501630737 -2.197265625 -77.51953125 -2.724609375
79.189453125 -79.27734375 2.109375 1.58203125 -3.54910111553962 -2.724609375 -66.005859375 -2.724609375
80.68359375 -71.982421875 3.955078125 1.58203125 -4.46557202362532 -3.515625 -63.10546875 -3.427734375
81.2109375 -66.357421875 5.537109375 1.58203125 -3.43426973621136 -2.109375 -47.548828125 -2.63671875
81.9140625 -64.423828125 6.591796875 1.58203125 -2.63260729293046 -0.087890625 -45.87890625 -2.021484375
17.314453125 -30.234375 -1.23046875 1.58203125 -1.60351111057591 -4.21875 -97.822265625 -1.23046875
-3.779296875 9.755859375 -0.263671875 1.58203125 -4.6926767090847 -1.142578125 -70.048828125 -3.603515625
6.064453125 9.66796875 -0.087890625 1.58203125 -2.51816098332284 -0.263671875 -60.205078125 -1.93359375
-26.54296875 46.669921875 0.17578125 1.58203125 -1.14465499178078 0.263671875 -58.798828125 -0.87890625
-34.716796875 46.318359375 -0.087890625 1.58203125 -3.54863823512856 1.93359375 -71.103515625 -2.724609375
-24.2578125 52.119140625 0.615234375 1.58203125 0.686999460515934 2.900390625 -50.361328125 0.52734375
40.4296875 -64.423828125 -0.263671875 1.58203125 -4.57924306240423 -2.724609375 -106.611328125 -3.515625
50.712890625 -62.490234375 -0.3515625 1.58203125 -1.83142435078829 -0.263671875 -88.59375 -1.40625
21.884765625 -30.234375 -0.791015625 1.58203125 -1.94587880824135 0.087890625 -114.2578125 -1.494140625
32.431640625 -29.970703125 -0.439453125 1.58203125 -0.915780762178912 -1.318359375 -72.421875 -0.703125
-15.1171875 -6.064453125 -0.87890625 1.58203125 -1.73176734903011 -15.380859375 -117.685546875 -1.318359375
-11.953125 -3.1640625 -1.40625 1.58203125 -5.04594847172268 -7.55859375 -91.0546875 -3.8671875
-7.119140625 -3.076171875 -7.470703125 1.58203125 -5.15129814444622 -2.548828125 -90.703125 -3.955078125
-3.1640625 -2.98828125 -6.328125 1.58203125 2.6327683940899 -1.318359375 -95.712890625 2.021484375
5.44921875 -3.076171875 -5.888671875 1.58203125 -2.17487772956812 1.0546875 -77.87109375 -1.669921875
10.986328125 -3.076171875 -5.625 1.58203125 -1.2591647409574 -1.0546875 -71.54296875 -0.966796875
15.380859375 -3.076171875 -5.537109375 1.58203125 0.114481295870719 -1.93359375 -60.556640625 0.087890625
21.357421875 -3.076171875 -2.8125 1.58203125 -2.17522552883153 -2.373046875 -55.546875 -1.669921875
25.6640625 -3.1640625 -2.724609375 1.58203125 -3.43723153325043 -5.361328125 -48.955078125 -2.63671875
28.564453125 -3.1640625 -2.021484375 1.58203125 -1.2623813672186 -8.525390625 -39.814453125 -0.966796875
32.431640625 -3.1640625 -0.17578125 1.58203125 -1.37371310626024 -1.669921875 -32.6953125 -1.0546875
45.966796875 -27.509765625 -0.791015625 1.58203125 -2.74708405941972 0.52734375 -50.537109375 -2.109375
40.078125 -27.59765625 -0.087890625 1.58203125 -2.40373393419414 0.615234375 -64.86328125 -1.845703125
33.486328125 -27.59765625 -3.955078125 1.58203125 -3.77704416759363 -0.087890625 -65.126953125 -2.900390625
29.091796875 -27.861328125 -5.625 1.58203125 -1.03033751725557 -2.021484375 -79.27734375 -0.791015625
-19.423828125 37.265625 -5.185546875 1.58203125 -4.57825186375829 1.142578125 -58.53515625 -3.515625
-23.291015625 37.001953125 -4.74609375 1.58203125 -5.26454488808992 0.3515625 -67.060546875 -4.04296875
-27.861328125 37.001953125 -5.888671875 1.58203125 -3.09126523186776 2.8125 -79.189453125 -2.373046875
-30.05859375 36.123046875 -5.625 1.58203125 -7.09520532739573 1.494140625 -87.275390625 -5.44921875
-29.970703125 25.13671875 -2.109375 1.58203125 0.228962534898198 1.93359375 -101.865234375 0.17578125
-31.46484375 23.115234375 -1.318359375 1.58203125 -2.97712919028745 -3.33984375 -114.08203125 -2.28515625
-13.53515625 -17.841796875 -0.3515625 1.58203125 0.114472284851227 -1.23046875 -138.8671875 0.087890625
5.80078125 -38.3203125 -0.703125 1.58203125 -1.94664685421787 -3.33984375 -142.822265625 -1.494140625
19.775390625 -51.943359375 -2.109375 1.58203125 -1.48886404938772 -3.955078125 -136.58203125 -1.142578125
26.630859375 -53.7890625 -4.921875 1.58203125 -0.801457060993208 -2.63671875 -121.9921875 -0.615234375
34.62890625 -59.853515625 -6.064453125 1.58203125 1.71696473220524 -0.263671875 -114.873046875 1.318359375
45.3515625 -64.951171875 -5.80078125 1.58203125 -2.28960790185259 -2.109375 -106.083984375 -1.7578125
50.625 -63.10546875 -5.2734375 1.58203125 -2.86199492420302 2.197265625 -93.076171875 -2.197265625
57.216796875 -63.369140625 -5.44921875 1.58203125 -4.58035624048623 -3.779296875 -88.76953125 -3.515625
60.46875 -63.369140625 -5.44921875 1.58203125 1.48890118758224 -4.04296875 -73.125 1.142578125
67.8515625 -62.841796875 -1.93359375 1.58203125 -2.28970369177337 -2.373046875 -69.345703125 -1.7578125
69.2578125 -55.634765625 -2.109375 1.58203125 -3.89373085611314 -4.04296875 -51.328125 -2.98828125
70.224609375 -51.591796875 -1.318359375 1.58203125 -1.25946774604794 -2.8125 -58.0078125 -0.966796875
78.837890625 -64.248046875 2.63671875 1.58203125 -1.25911830348071 0.263671875 -50.9765625 -0.966796875
77.783203125 -68.73046875 1.318359375 1.58203125 -2.74730022064989 -1.58203125 -75.5859375 -2.109375
79.62890625 -79.541015625 -2.8125 1.58203125 -1.0304592599474 -2.724609375 -63.017578125 -0.791015625
75.76171875 -82.705078125 -4.658203125 1.58203125 -3.20712719587153 -4.482421875 -72.59765625 -2.4609375
71.71875 -85.4296875 -4.833984375 1.58203125 -1.37463444268769 -4.658203125 -97.03125 -1.0546875
71.3671875 -90 -4.833984375 1.58203125 -2.17679707375665 -5.09765625 -100.01953125 -1.669921875
63.720703125 -87.36328125 -5.185546875 1.58203125 -0.228935318056763 -0.615234375 -114.521484375 -0.17578125
57.744140625 -87.5390625 -5.185546875 1.58203125 -1.48806535181594 -0.703125 -114.169921875 -1.142578125
51.50390625 -87.099609375 -5.185546875 1.58203125 -1.94668789912731 -3.427734375 -132.626953125 -1.494140625
42.71484375 -85.60546875 -2.28515625 1.58203125 -0.801684440954103 -3.8671875 -142.734375 -0.615234375
30.322265625 -76.11328125 -2.548828125 1.58203125 -2.06137817492484 -3.779296875 -134.384765625 -1.58203125
18.80859375 -68.5546875 -4.482421875 1.58203125 0.343662455973499 -4.658203125 -151.69921875 0.263671875
-25.48828125 29.794921875 -5.9765625 1.58203125 -2.97618881299797 -1.494140625 -83.671875 -2.28515625
-20.302734375 29.70703125 -5.712890625 1.58203125 -0.114466186529365 0.087890625 -66.533203125 -0.087890625
-13.623046875 29.794921875 -5.361328125 1.58203125 2.74711782656381 0.791015625 -65.390625 2.109375
-4.482421875 29.619140625 -4.74609375 1.58203125 1.48803974340368 -0.087890625 -48.955078125 1.142578125
-32.431640625 60.029296875 -5.009765625 1.58203125 -1.83173269163439 2.197265625 -53.876953125 -1.40625
-40.25390625 55.8984375 -5.185546875 1.58203125 0.228954836746705 1.669921875 -74.00390625 0.17578125
-26.3671875 55.546875 -4.74609375 1.58203125 -0.916125313847261 3.515625 -52.55859375 -0.703125
48.427734375 -61.875 -5.712890625 1.58203125 -3.43469052250871 -2.8125 -98.701171875 -2.63671875
16.875 -27.685546875 -6.240234375 1.58203125 -3.09344938620866 -5.2734375 -88.06640625 -2.373046875
43.505859375 -49.833984375 -5.537109375 1.58203125 -2.51818849642102 0.615234375 -83.759765625 -1.93359375
30.322265625 -49.74609375 -5.712890625 1.58203125 -5.60802818748616 -1.23046875 -102.12890625 -4.306640625
47.724609375 -76.552734375 -5.2734375 1.58203125 -5.83703476648045 -1.58203125 -115.927734375 -4.482421875
33.92578125 -38.583984375 -5.80078125 1.58203125 -2.40370767136982 0.263671875 -87.099609375 -1.845703125
24.873046875 -38.408203125 -5.9765625 1.58203125 -3.31951996000311 -1.40625 -96.064453125 -2.548828125
64.16015625 -73.212890625 -4.74609375 1.58203125 -2.29081457242807 -4.39453125 -85.95703125 -1.7578125
2.021484375 -10.458984375 -5.537109375 1.58203125 -4.70200621869326 -7.55859375 -87.626953125 -3.603515625
4.921875 -10.37109375 -5.2734375 1.58203125 -3.78183453731526 -5.9765625 -80.33203125 -2.900390625
7.646484375 -10.458984375 -4.74609375 1.58203125 -2.52039655853946 -5.009765625 -81.826171875 -1.93359375
10.8984375 -10.458984375 -4.658203125 1.58203125 -2.74893739416098 -4.39453125 -73.388671875 -2.109375
18.28125 -17.40234375 -4.74609375 1.58203125 -1.3750253133839 -5.44921875 -74.443359375 -1.0546875
21.796875 -17.40234375 -4.833984375 1.58203125 -1.94813321435267 -5.712890625 -69.08203125 -1.494140625
24.609375 -17.40234375 -4.833984375 1.58203125 -1.60478105020994 -6.328125 -65.302734375 -1.23046875
26.71875 -17.05078125 -4.833984375 1.58203125 0.573440429785716 -7.3828125 -65.0390625 0.439453125
13.974609375 -30.498046875 -5.009765625 1.58203125 -2.29114462833435 -4.833984375 -98.4375 -1.7578125
17.666015625 -30.849609375 -4.658203125 1.58203125 -2.51987848905877 -4.39453125 -97.91015625 -1.93359375
21.533203125 -31.9921875 -4.5703125 1.58203125 -2.06128330292181 -3.603515625 -98.26171875 -1.58203125
24.609375 -32.431640625 -4.482421875 1.58203125 -0.91598086484356 -2.8125 -95.537109375 -0.703125
30.5859375 -37.08984375 -4.306640625 1.58203125 -0.229070692803972 -4.130859375 -85.341796875 -0.17578125
34.013671875 -37.08984375 -4.21875 1.58203125 -1.37463444268769 -4.658203125 -83.583984375 -1.0546875
36.9140625 -37.001953125 -4.482421875 1.58203125 -1.37484394107204 -5.09765625 -79.62890625 -1.0546875
36.2109375 -30.146484375 -3.955078125 1.58203125 -2.74857941764879 -3.955078125 -76.11328125 -2.109375
-41.396484375 54.755859375 -3.8671875 1.58203125 -4.46502936595907 -2.98828125 -73.125 -3.427734375
-39.7265625 56.337890625 -3.779296875 1.58203125 -2.74764573158276 -2.4609375 -66.181640625 -2.109375
-36.2109375 56.513671875 -3.69140625 1.58203125 -2.5183309111953 -1.40625 -63.017578125 -1.93359375
-34.27734375 59.326171875 -3.69140625 1.58203125 -3.54863823512856 -1.93359375 -59.326171875 -2.724609375
-31.81640625 59.23828125 -3.515625 1.58203125 -1.03039386678374 -2.373046875 -54.228515625 -0.791015625
-29.35546875 59.326171875 -3.427734375 1.58203125 -1.83184089942195 -2.548828125 -55.1953125 -1.40625
-25.400390625 56.07421875 -3.251953125 1.58203125 -0.572405342489304 -1.93359375 -50.537109375 -0.439453125
-21.005859375 54.140625 -3.33984375 1.58203125 -1.03035075740718 -2.109375 -41.044921875 -0.791015625
32.51953125 -61.69921875 -4.833984375 1.58203125 -1.26015869012629 -4.833984375 -112.939453125 -0.966796875
38.3203125 -65.91796875 -4.658203125 1.58203125 -1.03123950333652 -5.361328125 -108.193359375 -0.791015625
43.681640625 -67.060546875 -4.39453125 1.58203125 -1.14563571988708 -4.921875 -108.984375 -0.87890625
48.603515625 -68.02734375 -4.306640625 1.58203125 -0.687323373823011 -4.658203125 -99.228515625 -0.52734375
52.3828125 -67.763671875 -4.130859375 1.58203125 -0.343588565431606 -3.955078125 -96.50390625 -0.263671875
55.01953125 -65.390625 -4.21875 1.58203125 -0.916013953314602 -2.98828125 -90.615234375 -0.703125
57.65625 -64.775390625 -4.130859375 1.58203125 0.915949789542556 -2.63671875 -90.087890625 0.703125
60.1171875 -61.5234375 -3.8671875 1.58203125 -0.34347183585711 -2.4609375 -85.517578125 -0.263671875
39.638671875 -73.916015625 -4.482421875 1.58203125 -0.916483377765818 -4.833984375 -120.322265625 -0.703125
44.208984375 -74.794921875 -4.39453125 1.58203125 -0.572543951538205 -3.251953125 -110.7421875 -0.439453125
51.416015625 -78.486328125 -4.21875 1.58203125 -0.229064852333338 -4.04296875 -113.5546875 -0.17578125
56.865234375 -78.486328125 -4.04296875 1.58203125 -0.916231999943776 -3.955078125 -112.587890625 -0.703125
60.29296875 -79.189453125 -3.8671875 1.58203125 1.94635705130258 -2.63671875 -102.392578125 1.494140625
63.10546875 -76.201171875 -3.69140625 1.58203125 -0.343428640022254 -1.58203125 -97.119140625 -0.263671875
67.32421875 -77.080078125 -3.515625 1.58203125 1.60281964752323 -2.373046875 -97.91015625 1.23046875
70.13671875 -75.9375 -3.603515625 1.58203125 0.801543919966947 -3.1640625 -82.529296875 0.615234375
-0.263671875 -11.25 -0.3515625 1.58203125 -1.37440821493632 -4.130859375 -87.099609375 -1.0546875
4.21875 -11.337890625 -0.17578125 1.58203125 -1.9463895321825 -2.724609375 -91.93359375 -1.494140625
7.55859375 -11.42578125 0 1.58203125 -1.94605053821131 -1.58203125 -80.419921875 -1.494140625
17.314453125 -20.56640625 0.087890625 1.58203125 -2.5189045952799 -2.900390625 -87.5390625 -1.93359375
21.4453125 -21.62109375 0.3515625 1.58203125 -2.40441749146906 -2.900390625 -78.134765625 -1.845703125
27.861328125 -27.7734375 0.3515625 1.58203125 -1.26004766598927 -4.5703125 -78.3984375 -0.966796875
29.091796875 -24.609375 0.3515625 1.58203125 -0.687246439516662 -4.306640625 -75.849609375 -0.52734375
31.376953125 -23.73046875 0.3515625 1.58203125 -0.458286177447972 -5.09765625 -72.94921875 -0.3515625
-35.15625 44.736328125 0.3515625 1.58203125 -3.20563319875504 -2.63671875 -76.025390625 -2.4609375
-31.9921875 44.912109375 0.703125 1.58203125 -3.09052162076226 -1.0546875 -68.466796875 -2.373046875
-31.728515625 49.74609375 0.703125 1.58203125 -2.74742036299885 -1.93359375 -72.421875 -2.109375
-27.685546875 45.263671875 0.439453125 1.58203125 -1.48804096278014 0.17578125 -69.2578125 -1.142578125
-27.333984375 50.888671875 1.0546875 1.58203125 -3.43394031600266 -1.318359375 -58.18359375 -2.63671875
-24.43359375 51.064453125 1.142578125 1.58203125 -4.23502870405242 -1.318359375 -55.634765625 -3.251953125
-21.181640625 49.833984375 1.142578125 1.58203125 -2.97638404067448 -2.021484375 -47.197265625 -2.28515625
-18.984375 49.921875 1.23046875 1.58203125 -1.14520467478268 -3.69140625 -41.220703125 -0.87890625
28.037109375 -54.4921875 -0.263671875 1.58203125 -0.801684440954103 -3.8671875 -108.10546875 -0.615234375
33.662109375 -58.18359375 0.17578125 1.58203125 -1.14543576145571 -4.39453125 -111.97265625 -0.87890625
37.177734375 -59.23828125 0.17578125 1.58203125 -0.572555709138915 -3.33984375 -105.732421875 -0.439453125
41.748046875 -60.29296875 0.3515625 1.58203125 -0.572521381797444 -3.076171875 -99.84375 -0.439453125
47.373046875 -60.205078125 0.52734375 1.58203125 -2.519370153844 -3.69140625 -97.734375 -1.93359375
52.646484375 -63.369140625 0.52734375 1.58203125 0.458229799935079 -4.74609375 -90.263671875 0.3515625
55.72265625 -60.46875 0.615234375 1.58203125 -1.48914131761212 -4.5703125 -82.001953125 -1.142578125
57.3046875 -57.041015625 0.87890625 1.58203125 -2.63406553111774 -3.955078125 -76.640625 -2.021484375
36.03515625 -68.291015625 -0.087890625 1.58203125 -1.48918422718581 -4.658203125 -118.30078125 -1.142578125
43.505859375 -72.421875 0.17578125 1.58203125 -1.03130981969641 -5.537109375 -111.26953125 -0.791015625
49.74609375 -74.53125 0.52734375 1.58203125 -1.26057435501189 -5.712890625 -114.08203125 -0.966796875
54.931640625 -74.619140625 0.703125 1.58203125 -1.60346934263478 -4.130859375 -101.689453125 -1.23046875
58.623046875 -74.619140625 0.703125 1.58203125 -1.37459483356927 -4.5703125 -101.07421875 -1.0546875
61.875 -74.35546875 0.791015625 1.58203125 0.687175593872421 -3.955078125 -94.658203125 0.52734375
63.896484375 -69.9609375 0.966796875 1.58203125 -2.63334361314412 -2.8125 -92.8125 -2.021484375
67.060546875 -69.521484375 0.966796875 1.58203125 -1.71763868028415 -3.33984375 -81.5625 -1.318359375
43.2421875 -80.068359375 0.703125 1.58203125 0.458165052287121 -4.306640625 -118.388671875 0.3515625
49.482421875 -82.265625 0.439453125 1.58203125 0.458106647088501 -3.8671875 -117.333984375 0.3515625
56.42578125 -83.49609375 0.87890625 1.58203125 -1.60351111057591 -4.21875 -117.421875 -1.23046875
62.2265625 -84.90234375 0.966796875 1.58203125 -1.03086581544525 -4.306640625 -108.544921875 -0.791015625
67.412109375 -85.95703125 1.23046875 1.58203125 -0.801876405452958 -4.658203125 -104.0625 -0.615234375
70.3125 -85.78125 1.0546875 1.58203125 -0.229088974721252 -4.39453125 -98.0859375 -0.17578125
72.509765625 -83.935546875 1.23046875 1.58203125 0.114521406518929 -3.69140625 -92.724609375 0.087890625
74.794921875 -81.298828125 1.40625 1.58203125 -1.2597823222556 -3.8671875 -94.21875 -0.966796875
