-140.625 74.00390625 -0.791015625 7.03125 -30.1628649507114 -26.54296875 -37.177734375
-142.20703125 76.904296875 3.251953125 7.03125 -26.1296998145357 -24.78515625 -28.916015625
-121.904296875 52.470703125 6.767578125 7.03125 -5.83244554169428 -22.587890625 -40.869140625
-127.96875 53.0859375 -2.724609375 7.03125 -5.53633355218976 -14.677734375 -45.17578125
-115.927734375 37.265625 10.107421875 7.03125 -14.869942066974 -4.39453125 -31.552734375
-120.9375 45.615234375 5.185546875 7.03125 -10.6436234123886 3.955078125 -36.474609375
-111.005859375 26.279296875 6.064453125 7.03125 -14.6448007674708 -5.009765625 -41.044921875
-89.033203125 1.58203125 12.83203125 7.03125 -13.8806236711426 -9.755859375 -47.021484375
-89.208984375 2.021484375 -14.150390625 7.03125 -13.3963662364713 -6.328125 -53.61328125
-98.525390625 5.44921875 -20.21484375 7.03125 -5.12038315940109 -21.181640625 -26.630859375
-101.07421875 7.91015625 -16.69921875 7.03125 19.6057761919176 -16.5234375 -131.66015625
-102.83203125 8.96484375 -4.04296875 7.03125 15.4782653113896 -9.404296875 -122.255859375
-75.76171875 -34.27734375 -10.1953125 7.03125 -6.19603822506165 -8.61328125 -65.56640625
-75.76171875 -34.62890625 0.17578125 7.03125 -10.0856124900725 -7.294921875 -51.240234375
-75.76171875 -27.7734375 3.515625 7.03125 -4.94158936652175 -10.72265625 -77.51953125
-75.76171875 -32.16796875 3.515625 7.03125 15.9183354857866 -7.646484375 -134.208984375
-67.412109375 -33.486328125 -9.84375 7.03125 4.49481052015439 -13.88671875 -140.537109375
-63.720703125 -38.232421875 -20.478515625 7.03125 -15.2070990172744 -3.1640625 -56.77734375
-62.75390625 -37.44140625 -21.97265625 7.03125 -14.5316187736361 -5.185546875 -30.234375
-62.75390625 -36.9140625 -23.02734375 7.03125 -6.48840387342733 -34.62890625 -61.69921875
-63.017578125 -34.27734375 -23.02734375 7.03125 16.8950298801558 -22.8515625 -126.123046875
-63.369140625 -38.583984375 -22.939453125 7.03125 19.3006176444022 1.494140625 -148.447265625
-66.005859375 -26.806640625 8.701171875 7.03125 -19.878203170882 -3.955078125 -10.810546875
-66.26953125 -26.806640625 14.58984375 7.03125 -21.91180047484 -12.12890625 -29.619140625
-66.884765625 -26.982421875 1.142578125 7.03125 -15.7950392527186 -20.830078125 -65.302734375
-67.32421875 -25.576171875 -5.537109375 7.03125 -12.6709228320223 -33.22265625 -71.3671875
-103.271484375 26.279296875 -6.85546875 7.03125 -17.4172320990013 9.140625 -21.005859375
-105.99609375 27.861328125 -12.919921875 7.03125 4.92772001305501 -6.064453125 -39.111328125
-110.7421875 28.212890625 -6.328125 7.03125 16.7381641354995 -9.66796875 -40.517578125
-105.908203125 23.818359375 -7.03125 7.03125 3.33511108287062 -11.513671875 -15.556640625
-104.853515625 24.873046875 -5.537109375 7.03125 -8.05753177255472 23.291015625 -9.931640625
-107.314453125 28.212890625 7.294921875 7.03125 -31.4031250676122 2.900390625 -45
-88.41796875 -5.2734375 30.05859375 7.03125 -40.6314313276038 11.77734375 -58.18359375
-96.85546875 -3.33984375 21.357421875 7.03125 32.2152496234881 -5.625 -108.28125
-79.013671875 -29.70703125 23.90625 7.03125 15.4064424743367 -12.83203125 -83.671875
-70.13671875 -32.958984375 -7.646484375 7.03125 -15.9091720882227 6.50390625 -33.134765625
-66.4453125 -36.2109375 -8.7890625 7.03125 -48.2701272753711 3.251953125 -27.158203125
-61.5234375 -41.30859375 -2.28515625 7.03125 -34.3137339968176 16.69921875 -31.201171875
-61.259765625 -40.4296875 -12.48046875 11.77734375 -34.41904984902 9.580078125 -26.103515625
-73.564453125 -46.318359375 -0.087890625 11.77734375 -19.1334527424442 -23.818359375 -49.482421875
-68.994140625 -39.638671875 -17.841796875 11.77734375 -11.7385023153247 -20.830078125 -66.62109375
-75.5859375 -52.3828125 -11.25 11.77734375 -16.0475529118642 -21.62109375 -62.138671875
-72.0703125 -40.95703125 -5.09765625 11.77734375 -14.8143324101872 -35.68359375 -67.587890625
-62.666015625 -41.923828125 1.0546875 11.77734375 -35.5311430244485 -32.51953125 -65.21484375
-60.908203125 -43.505859375 3.8671875 11.77734375 -32.5767835406746 -7.294921875 -55.634765625
-65.126953125 -47.373046875 -0.3515625 11.77734375 -28.7344588232505 -6.328125 -42.71484375
-59.23828125 -56.162109375 -0.791015625 11.77734375 -23.4248437363817 -7.03125 -29.970703125
-60.908203125 -55.37109375 -6.767578125 11.77734375 -25.6304957241633 -15.1171875 -41.66015625
-59.94140625 -53.96484375 -22.67578125 11.77734375 -25.7546663687908 -15.46875 -41.66015625
-72.24609375 -52.91015625 -10.546875 11.77734375 -4.88700133516998 -21.09375 -50.712890625
-72.24609375 -43.857421875 21.26953125 11.77734375 -6.84166266745536 -18.984375 -53.26171875
-66.09375 -29.091796875 6.591796875 11.77734375 -30.8911173587482 7.3828125 -42.1875
-56.6015625 -54.140625 -20.126953125 11.77734375 1.25990941615883 4.21875 -87.275390625
-56.689453125 -48.515625 0 11.77734375 -7.09790609310971 3.603515625 -68.203125
-57.12890625 -43.41796875 8.349609375 11.77734375 -2.30402860318608 13.359375 -96.85546875
-60.029296875 -54.755859375 17.666015625 11.77734375 -6.30112990151842 5.625 -110.91796875
-49.921875 -53.0859375 14.677734375 11.77734375 -6.30112990151842 5.625 -110.91796875
-46.845703125 -56.07421875 3.427734375 11.77734375 -10.9087150873462 10.458984375 -35.68359375
-48.779296875 -66.708984375 2.28515625 11.77734375 -5.7258844367839 4.306640625 -36.474609375
-50.712890625 -49.482421875 9.66796875 11.77734375 -3.43667922376571 -4.921875 -18.10546875
-50.185546875 -49.482421875 -5.625 11.77734375 -1.38140684553889 -12.568359375 -34.27734375
-49.658203125 -46.23046875 -7.294921875 11.77734375 -14.3029142025193 -5.09765625 -1.93359375
-51.943359375 -53.525390625 -13.359375 11.77734375 7.67082159390379 -4.04296875 -22.412109375
-50.9765625 -52.294921875 -5.361328125 11.77734375 2.8940429455181 -17.578125 -34.013671875
-50.2734375 -48.251953125 -1.142578125 11.77734375 2.43900050840253 -19.86328125 -71.015625
-55.283203125 -52.646484375 15.556640625 11.77734375 35.1599451115988 -17.9296875 -93.69140625
-52.55859375 -57.48046875 15.64453125 11.77734375 50.8546550529996 7.3828125 -116.982421875
-42.5390625 -70.3125 -5.185546875 11.77734375 42.0586142372181 7.119140625 -116.982421875
-42.451171875 -70.13671875 -18.017578125 11.77734375 38.1027922113805 -0.52734375 -120.9375
-41.220703125 -54.404296875 -15.732421875 11.77734375 0.922462271239122 -14.23828125 -103.359375
-88.76953125 -13.447265625 -1.58203125 11.77734375 -16.9119692303541 -1.669921875 -47.021484375
-88.76953125 -13.623046875 0.3515625 11.77734375 -8.90349650051664 17.05078125 -71.103515625
-88.76953125 -19.423828125 -7.03125 11.77734375 -4.28649207402119 18.193359375 -48.69140625
-80.419921875 -32.34375 -15.46875 11.77734375 -6.98671742091869 5.09765625 -38.671875
-80.419921875 -48.955078125 -14.853515625 11.77734375 -2.17479277265529 -0.087890625 -39.462890625
-80.33203125 -40.869140625 -20.654296875 11.77734375 -11.2289524147158 7.119140625 -21.005859375
-76.46484375 -26.89453125 -1.93359375 11.77734375 -30.496568464963 1.23046875 -54.4921875
-76.46484375 -16.083984375 -1.40625 11.77734375 -35.2054719235964 -1.40625 -51.416015625
-76.46484375 -7.998046875 21.005859375 11.77734375 -37.994071208453 -1.494140625 -50.537109375
-74.443359375 -25.13671875 23.02734375 11.77734375 -16.3784688847199 21.005859375 -100.72265625
-71.89453125 -32.87109375 6.6796875 11.77734375 -12.930485229743 16.259765625 -80.419921875
-111.4453125 23.818359375 -4.833984375 11.77734375 -13.4957062599544 -2.98828125 -59.23828125
-110.302734375 34.8046875 4.5703125 11.77734375 -31.657986218978 5.9765625 -53.701171875
-120.05859375 49.39453125 -6.328125 11.77734375 -16.0010313899981 -1.7578125 -66.884765625
-132.36328125 58.53515625 -20.0390625 11.77734375 -20.7893612948843 -4.306640625 -13.7109375
-132.5390625 58.359375 -21.796875 11.77734375 -26.9618813374839 -13.88671875 -35.244140625
-137.8125 56.953125 -8.4375 11.77734375 -20.4846002071378 -8.26171875 -33.486328125
-120.41015625 29.970703125 -16.171875 11.77734375 -3.4387529570548 -6.416015625 -23.203125
-121.46484375 31.552734375 -3.779296875 11.77734375 0.700600366695039 -23.02734375 -26.54296875
-120.234375 31.904296875 -4.130859375 11.77734375 11.7655570783225 -27.158203125 -30.322265625
-124.62890625 45 -5.537109375 11.77734375 -3.46128445694231 -14.853515625 -12.83203125
-151.787109375 68.642578125 26.279296875 11.77734375 -13.3452996155243 -13.095703125 -42.626953125
-151.962890625 68.642578125 1.7578125 11.77734375 -10.0782181594563 -5.712890625 -31.9921875
-167.607421875 74.619140625 4.04296875 11.77734375 -3.55050112306866 -4.306640625 -52.55859375
-137.8125 51.240234375 12.216796875 11.77734375 -6.75986859141576 -5.888671875 -56.865234375
-157.763671875 74.70703125 1.318359375 11.77734375 -16.5057161893533 -9.31640625 -32.34375
-157.236328125 76.2890625 -0.87890625 11.77734375 -17.1813190359066 -8.4375 -16.083984375
-137.021484375 55.546875 2.63671875 11.77734375 -14.2898437844042 0.3515625 -49.39453125
-142.294921875 64.072265625 -0.87890625 11.77734375 -4.48657980087153 11.953125 -45.52734375
-139.306640625 60.556640625 -11.162109375 11.77734375 -3.7780353471665 -2.724609375 -52.91015625
-120.146484375 34.716796875 -11.865234375 11.77734375 -9.26722309196887 -1.23046875 -53.96484375
-124.62890625 54.228515625 8.525390625 11.77734375 -6.29522595258719 2.28515625 -91.0546875
-124.892578125 61.171875 -4.130859375 11.77734375 -4.92699335247416 5.712890625 -89.47265625
-148.447265625 79.365234375 2.724609375 11.77734375 15.2460874918484 -9.052734375 -73.828125
-153.720703125 71.71875 4.921875 11.77734375 21.085565342652 -16.083984375 -80.771484375
-160.048828125 68.37890625 6.943359375 11.77734375 5.39405962899773 -8.876953125 -71.630859375
-162.333984375 71.015625 -2.021484375 11.77734375 1.03020236855569 -0.615234375 -61.259765625
-160.48828125 66.884765625 0.615234375 11.77734375 0.915920725945122 -2.4609375 -35.419921875
-153.544921875 66.884765625 11.25 11.77734375 -5.03748890320988 -3.1640625 -20.21484375
-128.935546875 42.5390625 4.833984375 11.77734375 -2.97609123362186 1.142578125 -32.6953125
-129.7265625 49.482421875 -14.150390625 11.77734375 -14.0691499629927 -3.8671875 -29.267578125
-133.06640625 61.083984375 -1.7578125 11.77734375 4.92145483378732 -0.966796875 -94.130859375
-108.984375 28.564453125 -3.1640625 11.77734375 9.2675468314536 -1.58203125 -115.400390625
-115.48828125 30.322265625 1.0546875 11.77734375 25.1181723374082 -6.416015625 -101.953125
-124.365234375 31.552734375 6.064453125 11.77734375 29.4740576372202 -10.01953125 -86.484375
-125.68359375 30.9375 12.216796875 11.77734375 1.26150064963656 -7.294921875 -51.064453125
-133.41796875 44.296875 10.8984375 11.77734375 -9.66269415276943 12.392578125 -60.1171875
-140.80078125 55.986328125 -13.447265625 11.77734375 -7.9015916762777 4.833984375 -57.744140625
-157.587890625 77.607421875 -12.12890625 11.77734375 -0.343414093681651 -1.142578125 -59.58984375
-141.85546875 69.2578125 -7.119140625 11.77734375 -18.8681819528083 5.9765625 -54.931640625
-134.033203125 70.83984375 -2.197265625 11.77734375 -32.6330033502376 2.021484375 -61.435546875
-119.70703125 33.22265625 5.361328125 11.77734375 -13.4927803653036 -1.669921875 -55.458984375
-127.96875 35.33203125 3.603515625 11.77734375 -10.5235605526599 0.3515625 -49.306640625
-133.857421875 38.759765625 6.328125 11.77734375 -13.4935711939798 2.109375 -38.14453125
-132.71484375 43.59375 -14.0625 11.77734375 -15.2052124732389 2.548828125 -34.892578125
-129.287109375 45.703125 -11.953125 11.77734375 -5.36687447122698 -22.67578125 -46.494140625
-118.037109375 44.912109375 9.84375 11.77734375 -32.5625727930951 18.10546875 -2.197265625
-69.345703125 -41.30859375 -2.197265625 11.77734375 -22.2330412315034 -16.171875 -41.30859375
-47.4609375 -48.251953125 6.85546875 11.77734375 -8.92822789408115 -19.072265625 -66.26953125
-53.876953125 -48.1640625 0.791015625 11.77734375 0.915733474609715 -0.52734375 -83.759765625
-52.734375 -53.701171875 -1.23046875 11.77734375 1.84200803806834 12.65625 -85.4296875
-45.439453125 -61.083984375 11.513671875 11.77734375 -1.26348316821749 9.84375 -91.318359375
-43.154296875 -69.697265625 -14.501953125 11.77734375 -3.43617467623943 4.482421875 -88.154296875
-66.357421875 -66.181640625 -10.634765625 11.77734375 -2.29482076207261 -8.26171875 -101.07421875
-113.90625 13.974609375 1.318359375 11.77734375 -5.85228734169528 8.701171875 -62.75390625
-115.576171875 19.072265625 -11.42578125 11.77734375 -9.39433878255098 6.328125 -52.20703125
-119.35546875 32.51953125 -12.3046875 11.77734375 -13.8379954930761 2.98828125 -27.333984375
-112.587890625 20.0390625 -6.50390625 11.77734375 -30.8345840728194 -1.494140625 -31.552734375
-114.2578125 30.498046875 -0.966796875 -0.439453125 -16.8183100370041 -6.064453125 -48.1640625
-114.521484375 29.1796875 -1.318359375 -0.439453125 21.3287750400104 -11.42578125 -99.228515625
-103.18359375 -1.494140625 7.470703125 -0.439453125 6.19671932097795 8.7890625 -107.490234375
-102.568359375 1.58203125 -5.625 -0.439453125 0.915880899519994 -2.197265625 -86.396484375
-102.041015625 2.197265625 -7.470703125 -0.439453125 1.60955939603445 11.07421875 -79.541015625
-74.00390625 -39.375 -2.900390625 -0.439453125 -14.1866285824169 4.658203125 -93.427734375
-65.56640625 -32.16796875 -2.4609375 -0.439453125 -27.9094801105217 2.109375 -87.451171875
-73.828125 -36.03515625 -3.69140625 -0.439453125 -11.4732505287413 9.404296875 -85.869140625
-73.916015625 -40.166015625 -16.435546875 -0.439453125 -8.51083216473244 12.041015625 -85.693359375
-61.962890625 -55.72265625 -12.83203125 -0.439453125 -9.27163089981465 3.8671875 -93.955078125
-54.404296875 -47.373046875 -13.359375 -0.439453125 -12.124918473602 -2.548828125 -95.537109375
-59.0625 -49.74609375 -11.865234375 -0.439453125 9.8380920829432 -0.263671875 -96.240234375
-64.423828125 -43.330078125 3.33984375 -0.439453125 20.0978650980876 -2.197265625 -99.140625
-68.5546875 -43.330078125 -12.744140625 -0.439453125 9.52526879473157 -9.404296875 -92.98828125
-47.109375 -72.0703125 -5.888671875 -0.439453125 -5.49338269591512 -0.52734375 -98.7890625
-46.494140625 -71.54296875 4.04296875 -0.439453125 -3.34014484939412 13.18359375 -102.83203125
-48.251953125 -48.1640625 1.845703125 -0.439453125 5.61172050285317 4.482421875 -93.33984375
-34.27734375 -64.951171875 -1.58203125 -0.439453125 -3.31972680070987 1.93359375 -89.033203125
-31.81640625 -71.3671875 -0.87890625 -0.439453125 -6.67445942187423 12.48046875 -103.53515625
-25.751953125 -74.1796875 -2.109375 -0.439453125 4.96729722992805 15.99609375 -133.76953125
-44.208984375 -88.06640625 -8.349609375 -0.439453125 11.0961192286551 16.962890625 -156.09375
-97.734375 7.119140625 -10.634765625 -0.439453125 -16.371813848329 -7.294921875 -42.36328125
-94.74609375 6.943359375 -5.712890625 -0.439453125 -28.1460386007925 -3.955078125 -46.494140625
-115.6640625 61.5234375 -1.23046875 -0.439453125 -7.44385918916047 -4.833984375 -57.216796875
-107.9296875 34.892578125 -11.689453125 -0.439453125 0.228974555238514 2.28515625 -69.873046875
-131.220703125 65.478515625 -2.28515625 -0.439453125 1.37817194633693 9.66796875 -50.185546875
-142.734375 68.02734375 -3.515625 -0.439453125 -2.52144470987859 6.064453125 -34.716796875
-143.525390625 60.732421875 -9.580078125 -0.439453125 -4.93486318347824 -8.7890625 -38.3203125
-168.3984375 87.36328125 3.33984375 -0.439453125 -7.2119979604421 -3.427734375 -26.103515625
-171.650390625 90.966796875 2.8125 -0.439453125 -0.114485709372368 2.197265625 -80.244140625
-157.32421875 93.33984375 3.603515625 -0.439453125 -2.51873370053228 -2.548828125 -100.72265625
-127.177734375 64.072265625 -0.52734375 -0.439453125 0.686813705059942 0.87890625 -104.0625
-114.609375 48.779296875 -2.548828125 -0.439453125 1.83142435078829 -0.263671875 -102.744140625
-117.421875 48.427734375 -7.294921875 -0.439453125 6.86807569647686 -21.4453125 -103.359375
-129.55078125 46.318359375 -4.74609375 -0.439453125 1.50989259233543 -19.86328125 -79.716796875
-107.841796875 13.53515625 -8.0859375 -0.439453125 -1.62805529585139 -20.654296875 -71.015625
-92.373046875 -13.447265625 -5.537109375 -0.439453125 -1.49239675149797 -9.052734375 -88.154296875
-74.70703125 -35.419921875 -5.361328125 -0.439453125 -2.9759546610734 -0.087890625 -96.50390625
-67.587890625 -47.8125 0.703125 -0.439453125 -18.6255145710326 -3.603515625 -92.197265625
-67.587890625 -48.955078125 -1.318359375 -0.439453125 -17.8868416499838 10.1953125 -92.109375
-58.359375 -45 -0.791015625 -0.439453125 -32.1855484710533 2.28515625 -86.1328125
-89.296875 -25.6640625 -8.26171875 -0.439453125 -23.4973526314595 -0.17578125 -72.509765625
-77.431640625 -47.021484375 -13.095703125 -0.439453125 -15.0976458184922 -4.306640625 -81.03515625
-76.552734375 -47.724609375 -22.939453125 -0.439453125 -11.9051549254824 5.185546875 -85.693359375
-87.451171875 -16.69921875 -15.205078125 -0.439453125 -11.1343952125898 10.01953125 -84.111328125
-86.044921875 -38.583984375 -11.42578125 -0.439453125 13.1492253053044 0.17578125 -89.033203125
-77.255859375 -35.947265625 -12.919921875 -0.439453125 20.2120374862398 -2.373046875 -95.009765625
-75.146484375 -19.072265625 -10.8984375 -0.439453125 9.04272618715429 -3.779296875 -79.541015625
-78.22265625 -19.51171875 4.74609375 -0.439453125 -7.83435747769444 13.798828125 -71.455078125
-61.34765625 -44.296875 3.076171875 -0.439453125 -2.29020000558464 -3.427734375 -108.6328125
-30.849609375 -79.1015625 7.646484375 -0.439453125 -8.23811067765295 0.52734375 -115.224609375
-34.8046875 -77.255859375 -14.0625 -0.439453125 4.35056916986904 2.98828125 -112.587890625
-68.466796875 -37.44140625 -7.55859375 -0.439453125 -6.65585870241084 8.876953125 -87.5390625
-83.759765625 -37.705078125 -9.84375 -0.439453125 6.86989850012798 -4.04296875 -69.873046875
-84.19921875 -28.740234375 3.515625 -0.439453125 10.5410785152576 6.85546875 -76.11328125
-101.337890625 -0.263671875 2.98828125 -0.439453125 29.4916593564365 -2.98828125 -85.341796875
-98.701171875 -0.52734375 -1.845703125 -0.439453125 9.6139595070966 -3.603515625 -109.51171875
-95.888671875 -0.615234375 -14.0625 -0.439453125 -0.343416627242282 1.23046875 -102.12890625
-78.486328125 -25.751953125 -14.677734375 -0.439453125 -0.343398332318347 0.087890625 -112.32421875
-85.4296875 -13.0078125 -5.185546875 -0.439453125 -15.6053721284649 10.546875 -95.9765625
-88.330078125 -29.1796875 1.318359375 -0.439453125 9.53059648614455 10.1953125 -101.689453125
-110.654296875 23.115234375 -10.810546875 8.701171875 0.915730722962842 0.439453125 -66.26953125
-111.09375 23.115234375 -10.810546875 8.701171875 0.915730722962842 0.439453125 -66.26953125
-69.43359375 23.115234375 -10.810546875 8.701171875 0.915730722962842 0.439453125 -66.26953125
-80.947265625 23.115234375 -10.810546875 8.701171875 0.915730722962842 0.439453125 -66.26953125
-85.341796875 23.115234375 -10.810546875 8.701171875 0.915730722962842 0.439453125 -66.26953125
-85.4296875 23.115234375 -10.810546875 8.701171875 0.915730722962842 0.439453125 -66.26953125
-47.4609375 23.115234375 -10.810546875 8.701171875 0.915730722962842 0.439453125 -66.26953125
-114.697265625 23.115234375 -10.810546875 8.701171875 0.915730722962842 0.439453125 -66.26953125
-123.837890625 23.115234375 -10.810546875 8.701171875 0.915730722962842 0.439453125 -66.26953125
-112.587890625 23.115234375 -10.810546875 8.701171875 0.915730722962842 0.439453125 -66.26953125
-115.48828125 23.115234375 -10.810546875 8.701171875 0.915730722962842 0.439453125 -66.26953125
-100.634765625 23.115234375 -10.810546875 8.701171875 0.915730722962842 0.439453125 -66.26953125
-95.712890625 23.115234375 -10.810546875 8.701171875 0.915730722962842 0.439453125 -66.26953125
-85.869140625 23.115234375 -10.810546875 8.701171875 0.915730722962842 0.439453125 -66.26953125
-76.376953125 23.115234375 -10.810546875 8.701171875 0.915730722962842 0.439453125 -66.26953125
-85.517578125 23.115234375 -10.810546875 8.701171875 0.915730722962842 0.439453125 -66.26953125
-115.400390625 23.115234375 -10.810546875 8.701171875 0.915730722962842 0.439453125 -66.26953125
-127.08984375 23.115234375 -10.810546875 8.701171875 0.915730722962842 0.439453125 -66.26953125
-125.068359375 23.115234375 -10.810546875 8.701171875 0.915730722962842 0.439453125 -66.26953125
-117.861328125 23.115234375 -10.810546875 8.701171875 0.915730722962842 0.439453125 -66.26953125
-115.48828125 23.115234375 -10.810546875 8.701171875 0.915730722962842 0.439453125 -66.26953125
