216.708 271.385 626.188 716.047
202.583 304.095 611.653 712.484
132.524 356.371 737.543 829.779
42.435 330.124 703.597 778.352
88.345 387.064 662.386 772.256
51.713 371.410 603.608 710.607
61.041 369.374 696.240 790.515
133.611 396.444 744.570 854.052
129.267 281.528 722.254 785.887
-6.159 242.299 814.611 849.904
-163.850 247.983 800.092 853.516
-160.552 319.999 762.995 842.816
-50.707 304.380 733.842 796.079
-30.059 347.855 734.518 813.279
-4.826 363.472 758.884 841.451
-164.754 354.308 709.773 810.219
-3.745 300.527 761.830 818.972
129.325 253.569 685.930 742.646
142.667 247.585 693.158 749.746
83.750 191.210 858.224 883.246
-19.008 214.013 795.031 823.551
-75.701 236.313 634.450 681.250
219.842 371.854 697.711 820.613
229.460 386.347 742.868 868.199
183.013 324.693 807.575 889.437
170.737 265.560 875.693 930.865
138.696 304.480 593.792 681.567
21.465 295.313 722.870 781.160
-97.564 307.512 765.781 830.965
7.591 316.566 762.282 825.436
32.348 298.707 539.516 617.535
196.355 335.205 607.851 721.388
218.592 391.265 587.060 738.587
-281.204 391.742 707.915 856.552
-180.315 437.003 721.462 862.550
100.921 305.790 651.605 726.830
284.679 197.370 681.189 764.209
238.038 271.040 585.981 688.112
257.115 234.199 604.536 697.439
-72.076 306.780 817.904 876.514
29.149 247.401 795.199 833.306
-165.181 267.967 772.480 834.156
-40.349 256.509 884.267 921.603
194.440 248.552 868.305 923.871
225.761 314.192 718.805 816.312
119.442 308.178 727.693 799.235
87.572 320.150 712.739 786.233
69.961 279.409 763.825 816.328
103.379 210.579 749.274 785.139
-181.885 283.888 751.605 823.762
-78.271 425.816 765.385 879.352
264.431 331.614 615.952 747.856
7.900 266.950 601.990 658.571
93.048 351.979 634.968 731.937
95.186 382.387 576.636 698.420
13.698 428.633 604.930 741.522
130.457 415.911 597.842 739.876
167.426 358.366 567.343 691.618
39.111 362.756 592.254 695.620
130.985 396.109 671.615 790.649
125.630 321.886 720.017 798.635
236.163 310.770 665.350 771.389
16.010 292.654 657.284 719.671
63.735 314.640 748.311 814.266
115.543 328.888 766.691 842.219
-170.256 344.566 725.365 820.894
-234.783 290.996 541.446 658.001
-185.406 238.879 508.430 591.557
-171.435 201.090 548.968 609.256
179.211 275.567 696.849 770.489
40.393 332.873 711.542 786.593
-10.552 337.243 596.631 685.429
-70.937 305.596 581.680 660.888
-54.802 283.621 645.672 707.345
-205.276 290.031 616.747 711.782
-79.364 256.316 617.752 673.509
162.709 297.593 689.248 768.179
270.649 284.073 674.310 780.155
340.446 371.036 620.021 798.747
112.365 417.675 543.064 694.260
72.672 362.078 587.427 693.868
38.287 323.712 682.590 756.429
201.352 321.110 551.713 669.359
137.163 313.473 593.405 684.988
100.376 244.286 562.868 621.748
151.041 213.198 599.070 653.568
43.543 292.202 612.390 679.926
-75.675 281.794 694.875 753.648
-79.520 310.315 803.826 865.306
-112.076 291.277 841.455 897.469
17.425 318.389 722.945 790.142
-44.194 449.268 589.156 742.226
-74.345 355.970 577.851 682.754
-218.125 371.624 528.627 682.004
-84.217 404.816 637.539 759.884
-40.278 342.104 562.804 659.853
-20.316 331.969 550.983 643.582
-10.116 356.082 582.216 682.548
-86.297 342.732 512.722 622.733
-50.254 305.056 604.124 678.638
-7.399 298.455 652.707 717.745
57.933 390.631 589.465 709.520
80.987 334.031 553.196 651.277
-77.157 350.695 640.848 734.592
-220.007 340.416 688.407 798.868
-247.025 380.294 596.103 748.989
-230.290 346.362 533.249 676.280
-243.556 357.754 552.478 701.812
-138.568 403.040 567.611 709.806
-87.789 376.254 633.210 741.774
29.040 281.859 618.096 679.949
-31.148 346.248 626.018 716.070
-30.050 336.608 709.774 786.121
-176.016 324.451 757.109 842.297
-298.224 331.519 747.870 870.719
-159.565 406.187 697.958 823.162
-99.899 390.218 543.148 676.209
-91.300 291.706 557.294 635.614
-125.466 301.955 536.246 628.075
42.701 302.996 488.946 576.800
193.336 289.373 443.139 563.461
12.040 369.177 655.984 752.829
-85.579 365.380 638.966 741.016
-107.536 373.352 610.550 723.690
-50.409 280.902 593.606 658.646
-11.620 273.884 756.681 804.806
143.509 328.126 459.952 582.938
68.866 306.221 786.915 847.200
218.694 362.140 746.731 858.242
77.077 358.846 655.144 750.949
48.024 341.131 563.878 660.784
90.716 400.781 556.318 691.624
65.039 290.071 569.354 642.289
-193.645 304.554 631.508 727.361
-119.331 355.323 626.168 729.781
-78.822 298.180 630.934 702.284
4.947 290.486 624.450 688.727
91.364 276.290 664.507 725.433
49.455 334.009 709.730 785.954
-190.794 318.653 762.892 848.496
-195.801 382.199 621.585 755.501
-150.797 330.197 704.178 792.235
-128.671 315.620 624.260 711.247
-19.807 330.571 668.604 746.124
209.411 302.944 691.188 783.178
1.331 327.264 639.588 718.454
-33.923 271.887 602.308 661.701
-27.720 293.546 625.681 691.675
125.156 288.439 675.022 744.658
-72.815 297.945 623.434 694.798
-149.755 348.311 635.364 739.888
-150.630 289.757 682.950 757.013
-20.649 327.693 600.240 684.176
17.328 363.353 522.041 636.280
86.319 360.796 608.451 712.627
158.395 347.589 582.298 696.404
168.627 340.754 510.287 636.350
138.051 331.007 455.293 579.582
-99.857 296.699 389.590 499.782
58.468 291.354 747.986 804.854
163.216 287.343 724.695 796.484
209.667 345.697 595.064 719.422
46.265 303.652 657.755 725.938
-13.801 340.123 553.782 650.038
-78.191 337.493 551.016 650.872
-112.396 307.653 648.139 726.201
-132.004 366.755 513.434 644.630
-180.330 367.601 470.941 624.048
-15.603 370.670 513.219 633.271
44.588 352.995 604.528 701.461
69.219 343.919 651.164 739.653
52.577 296.169 783.062 838.848
-104.847 313.124 766.686 834.773
-113.702 296.695 817.367 876.952
-141.779 326.345 745.161 825.753
-72.653 331.187 676.635 756.835
-6.501 339.237 713.716 790.262
17.455 327.037 632.897 712.612
214.475 297.039 688.805 780.182
-60.662 289.430 724.284 782.328
-138.103 284.613 690.728 759.725
-107.719 247.334 619.975 676.126
-17.486 276.774 642.037 699.372
-303.869 295.763 574.684 714.194
-239.452 276.437 622.749 722.199
-26.424 302.196 712.208 774.119
48.484 362.937 620.052 720.097
6.261 368.111 683.547 776.390
111.899 385.515 568.962 696.319
22.249 292.177 530.640 606.170
22.952 315.365 629.065 704.063
-257.414 308.546 634.652 751.163
-194.371 362.480 605.164 731.707
-316.881 322.171 674.644 812.005
-174.348 341.535 710.727 807.574
-74.591 293.595 688.488 752.182
-57.674 291.034 680.420 742.293
55.687 313.559 651.079 724.793
-224.753 350.804 573.081 708.519
-55.959 307.703 682.488 750.734
-61.192 307.703 682.038 750.734
407.642 307.703 550.226 750.734
289.613 307.703 620.520 750.734
241.215 307.703 640.887 750.734
240.232 307.703 641.256 750.734
583.907 307.703 357.734 750.734
-103.938 307.703 676.844 750.734
-210.140 307.703 651.737 750.734
-78.955 307.703 680.211 750.734
-113.272 307.703 675.344 750.734
63.637 307.703 681.815 750.734
121.900 307.703 673.841 750.734
235.306 307.703 643.080 750.734
338.137 307.703 595.470 750.734
239.248 307.703 641.624 750.734
-112.236 307.703 675.517 750.734
-246.773 307.703 638.767 750.734
-224.087 307.703 647.075 750.734
-141.138 307.703 670.075 750.734
-113.272 307.703 675.344 750.734
