0.52734375 8.4375 -2.8125 3.955078125 1.26192333613531 7.91015625 -97.470703125
-1.93359375 8.4375 -2.8125 3.955078125 1.26192333613531 7.91015625 -97.3828125
-3.779296875 8.4375 -2.8125 3.955078125 1.26192333613531 7.91015625 -97.3828125
-4.306640625 8.4375 -2.8125 3.955078125 1.26192333613531 7.91015625 -97.3828125
-5.185546875 8.4375 -2.8125 3.955078125 1.26192333613531 7.91015625 -97.3828125
-6.15234375 8.4375 -2.8125 3.955078125 1.26192333613531 7.91015625 -97.3828125
-7.119140625 8.4375 -2.8125 3.955078125 1.26192333613531 7.91015625 -97.3828125
-7.91015625 8.4375 -2.8125 3.955078125 1.26192333613531 7.91015625 -97.3828125
-9.140625 8.4375 -2.8125 3.8671875 1.26192333613531 7.91015625 -97.3828125
-9.931640625 8.4375 -2.8125 3.955078125 1.26192333613531 7.91015625 -97.3828125
-10.986328125 8.4375 -2.8125 3.955078125 1.26192333613531 7.91015625 -97.3828125
-12.041015625 8.4375 -2.8125 3.955078125 1.26192333613531 7.91015625 -97.470703125
-13.095703125 8.4375 -2.8125 3.955078125 1.26192333613531 7.91015625 -97.470703125
-14.0625 8.4375 -2.8125 3.955078125 1.26198659911661 7.998046875 -97.470703125
-15.1171875 8.4375 -2.8125 3.955078125 1.26192333613531 7.91015625 -97.470703125
-15.99609375 8.4375 -2.8125 3.955078125 1.26192333613531 7.91015625 -97.470703125
-16.962890625 8.4375 -2.8125 3.955078125 1.26192333613531 7.91015625 -97.470703125
-17.9296875 8.4375 -2.8125 3.8671875 1.26192333613531 7.91015625 -97.470703125
-19.072265625 8.4375 -2.8125 3.955078125 1.26198659911661 7.998046875 -97.3828125
-20.0390625 8.4375 -2.8125 3.955078125 1.26192333613531 7.91015625 -97.3828125
-21.09375 8.4375 -2.8125 3.955078125 1.26192333613531 7.91015625 -97.470703125
-22.060546875 8.4375 -2.8125 3.955078125 1.26192333613531 7.91015625 -97.470703125
-23.02734375 8.4375 -2.8125 3.955078125 1.26192333613531 7.91015625 -97.470703125
-23.994140625 8.4375 -2.8125 3.955078125 1.26192333613531 7.91015625 -97.470703125
-24.9609375 8.4375 -2.8125 3.955078125 1.26192333613531 7.91015625 -97.470703125
-26.015625 8.4375 -2.8125 3.955078125 1.26192333613531 7.91015625 -97.470703125
-26.982421875 8.4375 -2.8125 3.955078125 1.26192333613531 7.91015625 -97.470703125
-28.037109375 8.4375 -2.8125 3.955078125 1.26192333613531 7.91015625 -97.470703125
-29.00390625 8.4375 -2.8125 3.955078125 1.26192333613531 7.91015625 -97.470703125
-30.05859375 8.4375 -2.8125 3.955078125 1.26192333613531 7.91015625 -97.470703125
-31.025390625 8.4375 -2.8125 3.8671875 1.26192333613531 7.91015625 -97.470703125
-31.9921875 8.4375 -2.8125 3.955078125 1.26192333613531 7.91015625 -97.470703125
-33.134765625 8.4375 -2.8125 3.955078125 1.26192333613531 7.91015625 -97.470703125
-34.1015625 8.4375 -2.8125 3.955078125 1.26192333613531 7.91015625 -97.470703125
-34.98046875 8.4375 -2.8125 3.955078125 1.26192333613531 7.91015625 -97.470703125
-36.123046875 8.4375 -2.8125 3.955078125 1.26192333613531 7.91015625 -97.470703125
-37.08984375 8.4375 -2.8125 3.955078125 1.26192333613531 7.91015625 -97.470703125
-38.056640625 8.4375 -2.8125 3.955078125 1.26192333613531 7.91015625 -97.470703125
-39.111328125 8.4375 -2.8125 3.955078125 1.26192333613531 7.91015625 -97.470703125
-40.078125 8.4375 -2.8125 3.955078125 1.26192333613531 7.91015625 -97.470703125
-39.0234375 8.4375 -2.8125 3.955078125 1.26192333613531 7.91015625 -97.470703125
-38.056640625 8.4375 -2.8125 3.955078125 1.26192333613531 7.91015625 -97.470703125
-37.08984375 8.4375 -2.8125 3.955078125 1.26192333613531 7.91015625 -97.470703125
-36.03515625 8.4375 -2.8125 3.955078125 1.26192333613531 7.91015625 -97.470703125
-34.98046875 8.4375 -2.8125 3.955078125 1.26192333613531 7.91015625 -97.470703125
-34.013671875 8.4375 -2.8125 3.955078125 1.26192333613531 7.91015625 -97.470703125
-32.958984375 8.4375 -2.8125 3.955078125 1.26192333613531 7.91015625 -97.470703125
-32.080078125 8.4375 -2.8125 3.955078125 1.26192333613531 7.91015625 -97.470703125
-31.025390625 8.4375 -2.8125 3.955078125 1.26192333613531 7.91015625 -97.470703125
-30.05859375 8.4375 -2.8125 3.955078125 1.26192333613531 7.91015625 -97.470703125
-28.916015625 8.4375 -2.8125 3.955078125 1.26192333613531 7.91015625 -97.470703125
-27.94921875 8.4375 -2.8125 3.955078125 1.26192333613531 7.91015625 -97.470703125
-27.0703125 8.4375 -2.8125 3.955078125 1.26192333613531 7.91015625 -97.470703125
-26.015625 8.4375 -2.8125 3.955078125 1.26192333613531 7.91015625 -97.470703125
-24.9609375 8.4375 -2.8125 3.8671875 1.26192333613531 7.91015625 -97.470703125
-23.994140625 8.4375 -2.8125 3.955078125 1.26192333613531 7.91015625 -97.470703125
-23.02734375 8.4375 -2.8125 3.955078125 1.26192333613531 7.91015625 -97.470703125
-21.97265625 8.4375 -2.8125 3.955078125 1.26192333613531 7.91015625 -97.470703125
-21.005859375 8.4375 -2.8125 3.955078125 1.26192333613531 7.91015625 -97.470703125
-20.0390625 8.4375 -2.8125 3.955078125 1.26192333613531 7.91015625 -97.470703125
-18.896484375 8.4375 -2.8125 3.955078125 1.26192333613531 7.91015625 -97.470703125
-18.017578125 8.4375 -2.8125 3.955078125 1.26192333613531 7.91015625 -97.470703125
-16.962890625 8.4375 -2.8125 3.955078125 1.26198659911661 7.998046875 -97.470703125
-16.083984375 8.4375 -2.8125 3.955078125 1.26192333613531 7.91015625 -97.470703125
-14.94140625 8.4375 -2.8125 3.955078125 1.26192333613531 7.91015625 -97.470703125
-14.0625 8.4375 -2.8125 3.955078125 1.26198659911661 7.998046875 -97.470703125
-13.0078125 8.4375 -2.8125 3.955078125 1.26192333613531 7.91015625 -97.470703125
-12.041015625 8.4375 -2.8125 3.955078125 1.26198659911661 7.998046875 -97.470703125
-10.986328125 8.4375 -2.8125 3.955078125 1.26192333613531 7.91015625 -97.470703125
-9.931640625 8.4375 -2.8125 3.955078125 1.26192333613531 7.91015625 -97.470703125
-8.96484375 8.4375 -2.8125 3.955078125 1.26192333613531 7.91015625 -97.470703125
-8.0859375 8.4375 -2.8125 3.955078125 1.26192333613531 7.91015625 -97.470703125
-6.943359375 8.4375 -2.8125 3.955078125 1.26192333613531 7.91015625 -97.470703125
-5.9765625 8.4375 -2.8125 3.955078125 1.26192333613531 7.91015625 -97.470703125
-5.09765625 8.4375 -2.8125 3.955078125 1.26192333613531 7.91015625 -97.470703125
-3.955078125 8.4375 -2.8125 3.955078125 1.26192333613531 7.91015625 -97.470703125
-2.98828125 8.4375 -2.8125 3.955078125 1.26192333613531 7.91015625 -97.470703125
-1.93359375 8.4375 -2.8125 3.955078125 1.26192333613531 7.91015625 -97.470703125
-1.0546875 8.4375 -2.8125 3.955078125 1.26192333613531 7.91015625 -97.470703125
0.087890625 8.4375 -2.8125 3.955078125 1.26192333613531 7.91015625 -97.470703125
0.966796875 8.4375 -2.8125 3.955078125 1.26192333613531 7.91015625 -97.470703125
1.93359375 8.4375 -2.8125 3.955078125 1.26192333613531 7.91015625 -97.470703125
3.076171875 8.4375 -2.8125 3.955078125 1.26192333613531 7.91015625 -97.470703125
4.04296875 8.4375 -2.8125 3.955078125 1.26192333613531 7.91015625 -97.470703125
5.09765625 8.4375 -2.8125 3.955078125 1.26192333613531 7.91015625 -97.470703125
5.9765625 8.4375 -2.8125 3.955078125 1.26192333613531 7.91015625 -97.470703125
7.03125 8.4375 -2.8125 3.955078125 1.26192333613531 7.91015625 -97.3828125
8.0859375 8.4375 -2.8125 3.955078125 1.26192333613531 7.91015625 -97.3828125
8.96484375 8.4375 -2.8125 3.955078125 1.26192333613531 7.91015625 -97.3828125
9.931640625 8.4375 -2.8125 3.955078125 1.26192333613531 7.91015625 -97.3828125
11.07421875 8.4375 -2.8125 3.955078125 1.26192333613531 7.91015625 -97.3828125
11.953125 8.4375 -2.8125 3.955078125 1.26192333613531 7.91015625 -97.3828125
12.919921875 8.4375 -2.8125 3.955078125 1.26192333613531 7.91015625 -97.3828125
14.0625 8.4375 -2.8125 3.955078125 1.26192333613531 7.91015625 -97.470703125
15.029296875 8.4375 -2.8125 3.955078125 1.26192333613531 7.91015625 -97.3828125
16.083984375 8.4375 -2.8125 3.955078125 1.26192333613531 7.91015625 -97.3828125
17.05078125 8.4375 -2.8125 3.955078125 1.26192333613531 7.91015625 -97.3828125
17.9296875 8.4375 -2.8125 3.955078125 1.26192333613531 7.91015625 -97.3828125
18.984375 8.4375 -2.8125 3.955078125 1.26192333613531 7.91015625 -97.3828125
20.0390625 8.4375 -2.8125 3.955078125 1.26192333613531 7.91015625 -97.3828125
21.005859375 8.4375 -2.8125 3.955078125 1.26192333613531 7.91015625 -97.3828125
22.060546875 8.4375 -2.8125 3.955078125 1.26192333613531 7.91015625 -97.470703125
23.02734375 8.4375 -2.8125 3.955078125 1.26192333613531 7.91015625 -97.470703125
24.08203125 8.4375 -2.8125 3.955078125 1.26198659911661 7.998046875 -97.470703125
25.048828125 8.4375 -2.8125 3.955078125 1.26198659911661 7.998046875 -97.470703125
26.015625 8.4375 -2.8125 3.955078125 1.26192333613531 7.91015625 -97.470703125
27.0703125 8.4375 -2.8125 3.955078125 1.26192333613531 7.91015625 -97.470703125
27.94921875 8.4375 -2.8125 3.955078125 1.26192333613531 7.91015625 -97.470703125
29.00390625 8.4375 -2.8125 3.955078125 1.26192333613531 7.91015625 -97.470703125
30.05859375 8.4375 -2.8125 3.955078125 1.26192333613531 7.91015625 -97.470703125
31.025390625 8.4375 -2.8125 3.955078125 1.26192333613531 7.91015625 -97.470703125
31.9921875 8.4375 -2.8125 3.955078125 1.26192333613531 7.91015625 -97.470703125
33.046875 8.4375 -2.8125 3.955078125 1.26198659911661 7.998046875 -97.470703125
33.92578125 8.4375 -2.8125 3.955078125 1.26192333613531 7.91015625 -97.470703125
34.98046875 8.4375 -2.8125 3.955078125 1.26192333613531 7.91015625 -97.470703125
35.947265625 8.4375 -2.8125 3.955078125 1.26192333613531 7.91015625 -97.470703125
37.001953125 8.4375 -2.8125 3.955078125 1.26192333613531 7.91015625 -97.470703125
37.96875 8.4375 -2.8125 3.955078125 1.26192333613531 7.91015625 -97.470703125
39.0234375 8.4375 -2.8125 3.955078125 1.26192333613531 7.91015625 -97.470703125
40.078125 8.4375 -2.8125 3.955078125 1.26192333613531 7.91015625 -97.470703125
38.935546875 8.4375 -2.8125 3.955078125 1.26192333613531 7.91015625 -97.470703125
37.96875 8.4375 -2.8125 3.955078125 1.26192333613531 7.91015625 -97.470703125
37.08984375 8.4375 -2.8125 3.955078125 1.26192333613531 7.91015625 -97.470703125
36.03515625 8.4375 -2.8125 3.955078125 1.26198659911661 7.998046875 -97.470703125
34.98046875 8.4375 -2.8125 3.955078125 1.26192333613531 7.91015625 -97.470703125
33.92578125 8.4375 -2.8125 3.955078125 1.26192333613531 7.91015625 -97.470703125
33.046875 8.4375 -2.8125 3.955078125 1.26198659911661 7.998046875 -97.470703125
32.080078125 8.4375 -2.8125 3.955078125 1.26192333613531 7.91015625 -97.470703125
30.9375 8.4375 -2.8125 3.955078125 1.26198659911661 7.998046875 -97.470703125
29.970703125 8.4375 -2.8125 3.955078125 1.26192333613531 7.91015625 -97.470703125
29.091796875 8.4375 -2.8125 3.955078125 1.26192333613531 7.91015625 -97.470703125
27.94921875 8.4375 -2.8125 3.955078125 1.26192333613531 7.91015625 -97.470703125
27.0703125 8.4375 -2.8125 3.955078125 1.26192333613531 7.91015625 -97.470703125
26.015625 8.4375 -2.8125 3.955078125 1.26192333613531 7.91015625 -97.470703125
24.9609375 8.4375 -2.8125 3.955078125 1.26192333613531 7.91015625 -97.470703125
23.994140625 8.4375 -2.8125 3.955078125 1.26192333613531 7.91015625 -97.470703125
23.02734375 8.4375 -2.8125 3.955078125 1.26192333613531 7.91015625 -97.470703125
21.97265625 8.4375 -2.8125 3.955078125 1.26192333613531 7.91015625 -97.470703125
21.005859375 8.4375 -2.8125 3.955078125 1.26192333613531 7.91015625 -97.470703125
19.951171875 8.4375 -2.8125 3.955078125 1.26192333613531 7.91015625 -97.470703125
19.072265625 8.4375 -2.8125 3.955078125 1.26192333613531 7.91015625 -97.470703125
18.017578125 8.4375 -2.8125 3.955078125 1.26192333613531 7.91015625 -97.470703125
17.05078125 8.4375 -2.8125 3.955078125 1.26192333613531 7.91015625 -97.470703125
15.99609375 8.4375 -2.8125 3.955078125 1.26192333613531 7.91015625 -97.470703125
14.94140625 8.4375 -2.8125 3.955078125 1.26192333613531 7.91015625 -97.470703125
14.0625 8.4375 -2.8125 3.955078125 1.26192333613531 7.91015625 -97.470703125
13.095703125 8.4375 -2.8125 3.955078125 1.26192333613531 7.91015625 -97.470703125
12.041015625 8.4375 -2.8125 3.955078125 1.26198659911661 7.998046875 -97.470703125
10.986328125 8.4375 -2.8125 3.955078125 1.26192333613531 7.91015625 -97.470703125
10.01953125 8.4375 -2.8125 3.955078125 1.26192333613531 7.91015625 -97.470703125
8.96484375 8.4375 -2.8125 3.955078125 1.26192333613531 7.91015625 -97.3828125
8.0859375 8.4375 -2.8125 3.955078125 1.26192333613531 7.91015625 -97.470703125
7.119140625 8.4375 -2.8125 3.955078125 1.26192333613531 7.91015625 -97.470703125
5.9765625 8.4375 -2.8125 3.955078125 1.26192333613531 7.91015625 -97.470703125
4.921875 8.4375 -2.8125 3.955078125 1.26192333613531 7.91015625 -97.470703125
4.04296875 8.4375 -2.8125 3.955078125 1.26192333613531 7.91015625 -97.470703125
3.076171875 8.4375 -2.8125 3.955078125 1.26192333613531 7.91015625 -97.470703125
2.021484375 8.4375 -2.8125 3.955078125 1.26192333613531 7.91015625 -97.470703125
1.0546875 8.4375 -2.8125 3.955078125 1.26192333613531 7.91015625 -97.470703125
0 8.4375 -2.8125 3.955078125 1.26192333613531 7.91015625 -97.470703125
