650.713 339.470 -78.814 738.159
653.497 339.470 -50.801 738.159
654.794 339.470 -29.727 738.159
655.040 339.470 -23.699 738.159
655.326 339.470 -13.648 738.159
655.463 339.470 -2.589 738.159
655.414 339.470 8.471 738.159
655.234 339.470 17.519 738.159
654.726 339.470 31.717 738.182
654.209 339.470 40.621 738.159
653.350 339.470 52.655 738.159
652.270 339.470 64.673 738.159
650.969 339.470 76.668 738.159
649.043 339.394 87.626 737.648
647.860 339.470 99.583 738.159
646.256 339.470 109.508 738.159
644.316 339.470 120.397 738.159
642.192 339.470 131.385 738.182
638.912 339.394 143.970 737.648
636.927 339.470 154.800 738.159
633.970 339.470 166.498 738.159
631.070 339.470 177.171 738.159
627.991 339.470 187.794 738.159
624.733 339.470 198.363 738.159
621.297 339.470 208.876 738.159
617.347 339.470 220.276 738.159
613.542 339.470 230.662 738.159
609.193 339.470 241.916 738.159
605.024 339.470 252.160 738.159
600.280 339.470 263.254 738.159
595.721 339.470 273.475 738.182
591.056 339.470 283.358 738.159
585.288 339.470 295.088 738.159
580.226 339.470 304.921 738.159
575.480 339.470 313.786 738.159
569.109 339.470 325.199 738.159
563.541 339.470 334.755 738.159
557.812 339.470 344.216 738.159
551.382 339.470 354.425 738.159
545.323 339.470 363.678 738.159
551.925 339.470 353.579 738.159
557.812 339.470 344.216 738.159
563.541 339.470 334.755 738.159
569.607 339.470 324.325 738.159
575.480 339.470 313.786 738.159
580.693 339.470 304.031 738.159
586.191 339.470 293.291 738.159
590.621 339.470 284.265 738.159
595.753 339.470 273.345 738.159
600.280 339.470 263.254 738.159
605.410 339.470 251.232 738.159
609.563 339.470 240.981 738.159
613.188 339.470 231.602 738.159
617.347 339.470 220.276 738.159
621.280 339.470 209.008 738.182
624.733 339.470 198.363 738.159
627.991 339.470 187.794 738.159
631.341 339.470 176.203 738.159
634.224 339.470 165.525 738.159
636.927 339.470 154.800 738.159
639.887 339.470 142.069 738.159
641.991 339.470 132.237 738.159
643.778 339.394 120.355 737.648
646.087 339.470 110.500 738.159
648.162 339.470 97.594 738.159
649.043 339.394 87.626 737.648
651.086 339.470 75.669 738.159
651.730 339.394 64.677 737.648
653.350 339.470 52.655 738.159
654.209 339.470 40.621 738.159
654.801 339.470 29.576 738.159
655.178 339.470 19.529 738.159
655.437 339.470 6.460 738.159
655.452 339.470 -4.600 738.159
655.305 339.470 -14.653 738.159
654.882 339.470 -27.718 738.159
654.321 339.470 -38.763 738.159
653.497 339.470 -50.801 738.159
652.641 339.470 -60.819 738.159
651.298 339.470 -73.821 738.159
650.089 339.470 -83.802 738.159
648.583 339.470 -94.759 738.159
646.564 339.470 -107.674 738.159
644.656 339.470 -118.568 738.159
642.364 339.470 -130.414 738.159
640.288 339.470 -140.252 738.159
637.598 339.470 -152.014 738.159
634.692 339.470 -163.724 738.159
632.106 339.470 -173.440 738.159
629.089 339.470 -184.081 738.159
625.293 339.470 -196.589 738.159
622.204 339.470 -206.157 738.159
618.637 339.470 -216.626 738.159
614.195 339.470 -228.919 738.159
610.245 339.470 -239.250 738.159
605.737 339.470 -250.442 738.159
601.426 339.470 -260.627 738.159
597.357 339.470 -269.822 738.159
592.289 339.470 -280.771 738.159
587.021 339.470 -291.626 738.159
582.017 339.470 -301.489 738.159
576.369 339.470 -312.151 738.159
571.020 339.470 -321.832 738.159
564.566 339.394 -331.966 737.648
558.884 339.394 -341.444 737.648
553.466 339.470 -351.162 738.159
546.908 339.470 -361.290 738.159
541.302 339.470 -369.637 738.159
534.406 339.470 -379.538 738.159
527.330 339.470 -389.310 738.159
520.686 339.470 -398.152 738.159
513.894 339.470 -406.881 738.159
505.939 339.394 -415.886 737.648
499.872 339.470 -423.989 738.159
491.983 339.470 -433.118 738.159
484.605 339.470 -441.358 738.159
476.399 339.470 -450.203 738.159
468.735 339.470 -458.177 738.159
460.222 339.470 -466.727 738.159
451.553 339.470 -475.120 738.159
460.938 339.470 -466.021 738.159
468.735 339.470 -458.177 738.159
475.708 339.470 -450.933 738.159
483.570 339.394 -441.696 737.648
491.983 339.470 -433.118 738.159
499.872 339.470 -423.989 738.159
505.939 339.394 -415.886 737.648
513.269 339.470 -407.669 738.159
520.904 339.394 -396.982 737.648
527.926 339.470 -388.501 738.159
533.823 339.470 -380.357 738.159
541.302 339.470 -369.637 738.159
546.908 339.470 -361.290 738.159
553.466 339.470 -351.162 738.159
559.836 339.470 -340.915 738.159
565.508 339.470 -331.421 738.159
571.020 339.470 -321.832 738.159
576.847 339.470 -311.267 738.159
582.017 339.470 -301.489 738.159
587.467 339.470 -290.725 738.159
591.858 339.470 -281.680 738.159
596.942 339.470 -270.738 738.159
601.426 339.470 -260.627 738.159
606.121 339.470 -249.512 738.159
610.611 339.470 -238.313 738.159
614.195 339.470 -228.919 738.159
617.970 339.470 -218.523 738.159
621.396 339.394 -206.887 737.648
625.594 339.470 -195.629 738.159
628.806 339.470 -185.046 738.159
632.106 339.470 -173.440 738.159
634.692 339.470 -163.724 738.159
637.364 339.470 -152.991 738.159
640.288 339.470 -140.252 738.159
642.761 339.470 -128.442 738.159
644.656 339.470 -118.568 738.159
646.564 339.470 -107.674 738.159
648.437 339.470 -95.754 738.159
649.960 339.470 -84.800 738.159
651.411 339.470 -72.822 738.159
