0 281.865234375 15.99609375 3.955078125 1.25933029595642 2.197265625 -95.537109375
-1.142578125 282.568359375 14.0625 3.955078125 1.25933029595642 2.197265625 -95.537109375
-1.93359375 337.587890625 -7.998046875 3.955078125 1.25933029595642 2.197265625 -95.537109375
-3.076171875 337.587890625 -9.4921875 3.955078125 1.25933029595642 2.197265625 -95.537109375
-3.955078125 -23.73046875 -20.654296875 3.955078125 1.25933029595642 2.197265625 -95.537109375
-5.09765625 -23.818359375 -20.654296875 3.955078125 1.25933029595642 2.197265625 -95.537109375
-5.9765625 -23.994140625 -20.654296875 3.955078125 1.25933029595642 2.197265625 -95.537109375
-7.03125 -23.994140625 -20.654296875 3.955078125 1.25933029595642 2.197265625 -95.537109375
-8.0859375 -24.08203125 -20.654296875 3.955078125 1.25933029595642 2.197265625 -95.537109375
-9.052734375 -24.169921875 -20.654296875 3.955078125 1.25933029595642 2.197265625 -95.537109375
-10.107421875 -24.169921875 -20.654296875 3.955078125 1.25933029595642 2.197265625 -95.537109375
-11.07421875 -24.43359375 -20.654296875 3.955078125 1.25933029595642 2.197265625 -95.537109375
-11.953125 -24.873046875 -20.654296875 3.955078125 1.14484771336488 2.197265625 -95.537109375
-13.0078125 -24.873046875 -20.654296875 3.955078125 1.25933029595642 2.197265625 -95.537109375
-14.0625 -24.873046875 -20.654296875 3.955078125 1.14484771336488 2.197265625 -95.537109375
-15.029296875 -24.873046875 -20.654296875 3.955078125 1.25933029595642 2.197265625 -95.537109375
-15.99609375 -25.048828125 -20.654296875 3.955078125 1.25933029595642 2.197265625 -95.537109375
-16.962890625 -25.13671875 -20.654296875 3.955078125 1.25933029595642 2.197265625 -95.537109375
-18.017578125 -25.13671875 -20.654296875 3.955078125 1.25933029595642 2.197265625 -95.537109375
-19.072265625 -25.13671875 -20.654296875 3.955078125 1.25933029595642 2.197265625 -95.537109375
-19.951171875 -25.224609375 -20.654296875 3.955078125 1.25933029595642 2.197265625 -95.537109375
-21.005859375 -25.3125 -20.654296875 3.955078125 1.25933029595642 2.197265625 -95.537109375
-21.97265625 -25.3125 -20.654296875 3.955078125 1.25933029595642 2.197265625 -95.537109375
-23.02734375 -25.3125 -20.654296875 3.955078125 1.25933029595642 2.197265625 -95.537109375
-23.994140625 -25.3125 -20.654296875 3.955078125 1.14484771336488 2.197265625 -95.537109375
-24.9609375 -25.400390625 -20.654296875 3.955078125 1.25933029595642 2.197265625 -95.537109375
-26.015625 -25.400390625 -20.654296875 3.955078125 1.25933029595642 2.197265625 -95.537109375
-26.982421875 -25.400390625 -20.654296875 3.955078125 1.14484771336488 2.197265625 -95.537109375
-27.94921875 -25.400390625 -20.654296875 3.955078125 1.25933029595642 2.197265625 -95.537109375
-29.00390625 -25.400390625 -20.654296875 3.955078125 1.25933029595642 2.197265625 -95.537109375
-29.970703125 -25.400390625 -20.654296875 3.955078125 1.25933029595642 2.197265625 -95.537109375
-31.025390625 -25.400390625 -20.654296875 3.955078125 1.25933029595642 2.197265625 -95.537109375
-32.080078125 -25.400390625 -20.654296875 3.955078125 1.25933029595642 2.197265625 -95.537109375
-32.958984375 -25.400390625 -20.654296875 3.955078125 1.25933029595642 2.197265625 -95.537109375
-33.92578125 -25.400390625 -20.654296875 3.955078125 1.25933029595642 2.197265625 -95.537109375
-34.98046875 -25.48828125 -20.654296875 3.955078125 1.25933029595642 2.197265625 -95.537109375
-35.947265625 -25.48828125 -20.654296875 3.955078125 1.25933029595642 2.197265625 -95.537109375
-37.001953125 -25.48828125 -20.654296875 3.955078125 1.25933029595642 2.197265625 -95.537109375
-38.056640625 -25.48828125 -20.654296875 3.955078125 1.25933029595642 2.197265625 -95.537109375
-39.0234375 -25.48828125 -20.654296875 3.955078125 1.25933029595642 2.197265625 -95.537109375
-39.990234375 -25.48828125 -20.654296875 3.955078125 1.25933029595642 2.197265625 -95.537109375
-41.044921875 -25.48828125 -20.654296875 3.955078125 1.25933029595642 2.197265625 -95.537109375
-42.099609375 -25.48828125 -20.654296875 3.955078125 1.25933029595642 2.197265625 -95.537109375
-43.06640625 -25.48828125 -20.654296875 3.955078125 1.25933029595642 2.197265625 -95.537109375
-43.9453125 -25.48828125 -20.654296875 3.955078125 1.25933029595642 2.197265625 -95.537109375
-45.087890625 -25.48828125 -20.654296875 3.955078125 1.25933029595642 2.197265625 -95.537109375
-46.0546875 -25.48828125 -20.654296875 3.955078125 1.25933029595642 2.197265625 -95.537109375
-47.021484375 -25.48828125 -20.654296875 3.955078125 1.25933029595642 2.197265625 -95.537109375
-48.1640625 -25.48828125 -20.654296875 3.955078125 1.25933029595642 2.197265625 -95.537109375
-49.04296875 -25.48828125 -20.654296875 3.955078125 1.25933029595642 2.197265625 -95.537109375
-50.09765625 -25.48828125 -20.654296875 3.955078125 1.25933029595642 2.197265625 -95.537109375
-49.482421875 -25.48828125 -20.654296875 3.955078125 1.14484771336488 2.197265625 -95.537109375
-48.515625 -25.48828125 -20.654296875 3.955078125 1.25933029595642 2.197265625 -95.537109375
-47.4609375 -25.48828125 -20.654296875 3.955078125 1.25933029595642 2.197265625 -95.537109375
-46.58203125 -25.48828125 -20.654296875 3.955078125 1.14484771336488 2.197265625 -95.537109375
-45.52734375 -25.48828125 -20.654296875 3.955078125 1.25933029595642 2.197265625 -95.537109375
-44.47265625 -25.48828125 -20.654296875 3.955078125 1.25933029595642 2.197265625 -95.537109375
-43.505859375 -25.48828125 -20.654296875 3.955078125 1.25933029595642 2.197265625 -95.537109375
-42.5390625 -25.48828125 -20.654296875 3.955078125 1.25933029595642 2.197265625 -95.537109375
-41.484375 -25.48828125 -20.654296875 3.955078125 1.25933029595642 2.197265625 -95.537109375
-40.517578125 -25.48828125 -20.654296875 3.955078125 1.14484771336488 2.197265625 -95.537109375
-39.462890625 -25.48828125 -20.654296875 3.955078125 1.14484771336488 2.197265625 -95.537109375
-38.49609375 -25.48828125 -20.654296875 3.955078125 1.25933029595642 2.197265625 -95.537109375
-37.529296875 -25.48828125 -20.654296875 3.955078125 1.14484771336488 2.197265625 -95.537109375
-36.5625 -25.48828125 -20.654296875 3.955078125 1.25933029595642 2.197265625 -95.537109375
-35.419921875 -25.48828125 -20.654296875 3.955078125 1.25933029595642 2.197265625 -95.537109375
-34.453125 -25.48828125 -20.654296875 3.955078125 1.25933029595642 2.197265625 -95.537109375
-33.57421875 -25.576171875 -20.654296875 3.955078125 1.14484771336488 2.197265625 -95.537109375
-32.431640625 -25.576171875 -20.654296875 3.955078125 1.25933029595642 2.197265625 -95.537109375
-31.46484375 -25.576171875 -20.654296875 3.955078125 1.25933029595642 2.197265625 -95.537109375
-30.498046875 -25.576171875 -20.654296875 3.955078125 1.14484771336488 2.197265625 -95.537109375
-29.53125 -25.576171875 -20.654296875 3.955078125 1.14484771336488 2.197265625 -95.537109375
-28.4765625 -25.576171875 -20.654296875 3.955078125 1.25933029595642 2.197265625 -95.537109375
-27.421875 -25.576171875 -20.654296875 3.955078125 1.25933029595642 2.197265625 -95.537109375
-26.54296875 -25.576171875 -20.654296875 3.955078125 1.25933029595642 2.197265625 -95.537109375
-25.48828125 -25.576171875 -20.654296875 3.955078125 1.25933029595642 2.197265625 -95.537109375
-24.521484375 -25.576171875 -20.654296875 3.955078125 1.25933029595642 2.197265625 -95.537109375
-23.466796875 -25.576171875 -20.654296875 3.955078125 1.25933029595642 2.197265625 -95.537109375
-22.412109375 -25.576171875 -20.654296875 3.955078125 1.14484771336488 2.197265625 -95.537109375
-21.4453125 -25.576171875 -20.654296875 3.955078125 1.25933029595642 2.197265625 -95.537109375
-20.56640625 -25.576171875 -20.654296875 3.955078125 1.25933029595642 2.197265625 -95.537109375
-19.51171875 -25.576171875 -20.654296875 3.955078125 1.14484771336488 2.197265625 -95.537109375
-18.544921875 -25.576171875 -20.654296875 3.955078125 1.25933029595642 2.197265625 -95.537109375
-17.578125 -25.576171875 -20.654296875 3.955078125 1.25933029595642 2.197265625 -95.537109375
-16.5234375 -25.576171875 -20.654296875 3.955078125 1.25933029595642 2.197265625 -95.537109375
-15.46875 -25.576171875 -20.654296875 3.955078125 1.14484771336488 2.197265625 -95.537109375
-14.4140625 -25.576171875 -20.654296875 3.955078125 1.14484771336488 2.197265625 -95.537109375
-13.447265625 -25.6640625 -20.654296875 3.955078125 1.14484771336488 2.197265625 -95.537109375
-12.568359375 -25.6640625 -20.654296875 3.955078125 1.25933029595642 2.197265625 -95.537109375
-11.42578125 -25.751953125 -20.654296875 3.955078125 1.25933029595642 2.197265625 -95.537109375
-10.458984375 -25.751953125 -20.654296875 3.955078125 1.14484771336488 2.197265625 -95.537109375
-9.404296875 -25.927734375 -20.654296875 3.955078125 1.25933029595642 2.197265625 -95.537109375
-8.4375 -25.927734375 -20.654296875 3.955078125 1.14484771336488 2.197265625 -95.537109375
-7.470703125 -25.927734375 -20.654296875 3.955078125 1.25933029595642 2.197265625 -95.537109375
-6.50390625 -25.927734375 -20.654296875 3.955078125 1.25933029595642 2.197265625 -95.537109375
-5.537109375 -26.015625 -20.654296875 3.955078125 1.14484771336488 2.197265625 -95.537109375
-4.482421875 -26.015625 -20.654296875 3.955078125 1.25933029595642 2.197265625 -95.537109375
-3.515625 -26.015625 -20.654296875 3.955078125 1.25933029595642 2.197265625 -95.537109375
-2.4609375 -26.015625 -20.654296875 3.955078125 1.25933029595642 2.197265625 -95.537109375
-1.494140625 -26.015625 -20.654296875 3.955078125 1.25933029595642 2.197265625 -95.537109375
-0.439453125 -26.015625 -20.654296875 3.955078125 1.25933029595642 2.197265625 -95.537109375
0.439453125 -26.015625 -20.654296875 3.955078125 1.14484771336488 2.197265625 -95.537109375
1.58203125 -26.015625 -20.654296875 3.955078125 1.25933029595642 2.197265625 -95.537109375
2.4609375 -26.103515625 -20.654296875 3.955078125 1.14484771336488 2.197265625 -95.537109375
3.427734375 -26.103515625 -20.654296875 3.955078125 1.25933029595642 2.197265625 -95.537109375
4.5703125 -26.103515625 -20.654296875 3.955078125 1.14484771336488 2.197265625 -95.537109375
5.537109375 -26.103515625 -20.654296875 3.955078125 1.25933029595642 2.197265625 -95.537109375
6.591796875 -26.103515625 -20.654296875 3.955078125 1.25933029595642 2.197265625 -95.537109375
7.55859375 -26.103515625 -20.654296875 3.955078125 1.14484771336488 2.197265625 -95.537109375
8.525390625 -26.103515625 -20.654296875 3.955078125 1.14484771336488 2.197265625 -95.537109375
9.580078125 -26.103515625 -20.654296875 3.955078125 1.25933029595642 2.197265625 -95.537109375
10.546875 -26.103515625 -20.654296875 3.955078125 1.25933029595642 2.197265625 -95.537109375
11.513671875 -26.103515625 -20.654296875 3.955078125 1.14484771336488 2.197265625 -95.537109375
12.568359375 -26.103515625 -20.654296875 3.955078125 1.25933029595642 2.197265625 -95.537109375
13.447265625 -26.103515625 -20.654296875 3.955078125 1.25933029595642 2.197265625 -95.537109375
14.4140625 -26.103515625 -20.654296875 3.955078125 1.14484771336488 2.197265625 -95.537109375
15.556640625 -26.103515625 -20.654296875 3.955078125 1.25933029595642 2.197265625 -95.537109375
16.5234375 -26.103515625 -20.654296875 3.955078125 1.25933029595642 2.197265625 -95.537109375
17.490234375 -26.103515625 -20.654296875 3.955078125 1.14484771336488 2.197265625 -95.537109375
18.544921875 -26.103515625 -20.654296875 3.955078125 1.25933029595642 2.197265625 -95.537109375
19.51171875 -26.103515625 -20.654296875 3.955078125 1.14484771336488 2.197265625 -95.537109375
20.56640625 -26.103515625 -20.654296875 3.955078125 1.14484771336488 2.197265625 -95.537109375
21.533203125 -26.103515625 -20.654296875 3.955078125 1.25933029595642 2.197265625 -95.537109375
22.5 -26.103515625 -20.654296875 3.955078125 1.25933029595642 2.197265625 -95.537109375
23.466796875 -26.103515625 -20.654296875 3.955078125 1.25933029595642 2.197265625 -95.537109375
24.43359375 -26.19140625 -20.654296875 3.955078125 1.14484771336488 2.197265625 -95.537109375
25.576171875 -26.19140625 -20.654296875 3.955078125 1.25933029595642 2.197265625 -95.537109375
26.54296875 -26.19140625 -20.654296875 3.955078125 1.25933029595642 2.197265625 -95.537109375
27.509765625 -26.19140625 -20.654296875 3.955078125 1.25933029595642 2.197265625 -95.537109375
28.564453125 -26.19140625 -20.654296875 3.955078125 1.25933029595642 2.197265625 -95.537109375
29.53125 -26.19140625 -20.654296875 3.955078125 1.25933029595642 2.197265625 -95.537109375
30.498046875 -26.19140625 -20.654296875 3.955078125 1.25933029595642 2.197265625 -95.537109375
31.552734375 -26.19140625 -20.654296875 3.955078125 1.25933029595642 2.197265625 -95.537109375
32.51953125 -26.19140625 -20.7421875 3.955078125 1.14484771336488 2.197265625 -95.537109375
33.57421875 -26.19140625 -20.654296875 3.955078125 1.25933029595642 2.197265625 -95.537109375
34.453125 -26.279296875 -20.7421875 3.955078125 1.14484771336488 2.197265625 -95.537109375
35.5078125 -26.279296875 -20.7421875 3.955078125 1.25933029595642 2.197265625 -95.537109375
36.474609375 -26.279296875 -20.7421875 3.955078125 1.25933029595642 2.197265625 -95.537109375
37.44140625 -26.279296875 -20.654296875 3.955078125 1.25933029595642 2.197265625 -95.537109375
38.49609375 -26.279296875 -20.7421875 3.955078125 1.25933029595642 2.197265625 -95.537109375
39.462890625 -26.279296875 -20.7421875 3.955078125 1.14484771336488 2.197265625 -95.537109375
40.517578125 -26.279296875 -20.7421875 3.955078125 1.14484771336488 2.197265625 -95.537109375
41.484375 -26.279296875 -20.7421875 3.955078125 1.25933029595642 2.197265625 -95.537109375
42.451171875 -26.279296875 -20.7421875 3.955078125 1.14484771336488 2.197265625 -95.537109375
43.505859375 -26.279296875 -20.7421875 3.955078125 1.14484771336488 2.197265625 -95.537109375
44.560546875 -26.279296875 -20.7421875 3.955078125 1.14484771336488 2.197265625 -95.537109375
45.52734375 -26.279296875 -20.7421875 3.955078125 1.25933029595642 2.197265625 -95.537109375
46.58203125 -26.279296875 -20.7421875 3.955078125 1.14484771336488 2.197265625 -95.537109375
47.548828125 -26.279296875 -20.7421875 3.955078125 1.25933029595642 2.197265625 -95.537109375
48.515625 -26.279296875 -20.7421875 3.955078125 1.25933029595642 2.197265625 -95.537109375
49.482421875 -26.279296875 -20.7421875 3.955078125 1.25933029595642 2.197265625 -95.537109375
50.009765625 -26.279296875 -20.7421875 3.955078125 1.25933029595642 2.197265625 -95.537109375
48.955078125 -26.279296875 -20.7421875 3.955078125 1.14484771336488 2.197265625 -95.537109375
47.98828125 -26.279296875 -20.7421875 3.955078125 1.25933029595642 2.197265625 -95.537109375
47.021484375 -26.279296875 -20.7421875 3.955078125 1.14484771336488 2.197265625 -95.537109375
46.0546875 -26.279296875 -20.7421875 3.955078125 1.25933029595642 2.197265625 -95.537109375
45.087890625 -26.279296875 -20.7421875 3.955078125 1.14484771336488 2.197265625 -95.537109375
43.9453125 -26.279296875 -20.7421875 3.955078125 1.25933029595642 2.197265625 -95.537109375
43.06640625 -26.279296875 -20.7421875 3.955078125 1.25933029595642 2.197265625 -95.537109375
42.01171875 -26.279296875 -20.7421875 3.955078125 1.25933029595642 2.197265625 -95.537109375
41.044921875 -26.279296875 -20.7421875 3.955078125 1.25933029595642 2.197265625 -95.537109375
40.166015625 -26.279296875 -20.7421875 3.955078125 1.25933029595642 2.197265625 -95.537109375
39.0234375 -26.279296875 -20.7421875 3.955078125 1.14484771336488 2.197265625 -95.537109375
38.056640625 -26.279296875 -20.7421875 3.955078125 1.14484771336488 2.197265625 -95.537109375
37.08984375 -26.279296875 -20.7421875 3.955078125 1.25933029595642 2.197265625 -95.537109375
36.03515625 -26.279296875 -20.7421875 3.955078125 1.25933029595642 2.197265625 -95.537109375
35.068359375 -26.279296875 -20.7421875 3.955078125 1.14484771336488 2.197265625 -95.537109375
34.013671875 -26.279296875 -20.7421875 3.955078125 1.14484771336488 2.197265625 -95.537109375
33.046875 -26.279296875 -20.7421875 3.955078125 1.25933029595642 2.197265625 -95.537109375
31.904296875 -26.279296875 -20.7421875 3.955078125 1.25933029595642 2.197265625 -95.537109375
31.025390625 -26.279296875 -20.7421875 3.955078125 1.14484771336488 2.197265625 -95.537109375
29.970703125 -26.279296875 -20.7421875 3.955078125 1.25933029595642 2.197265625 -95.537109375
29.091796875 -26.279296875 -20.7421875 3.955078125 1.25933029595642 2.197265625 -95.537109375
28.037109375 -26.279296875 -20.7421875 3.955078125 1.14484771336488 2.197265625 -95.537109375
26.982421875 -26.279296875 -20.7421875 3.955078125 1.14484771336488 2.197265625 -95.537109375
25.927734375 -26.279296875 -20.7421875 3.955078125 1.25933029595642 2.197265625 -95.537109375
24.9609375 -26.279296875 -20.7421875 3.955078125 1.25933029595642 2.197265625 -95.537109375
24.08203125 -26.279296875 -20.7421875 3.955078125 1.25933029595642 2.197265625 -95.537109375
22.939453125 -26.279296875 -20.7421875 3.955078125 1.14484771336488 2.197265625 -95.537109375
21.97265625 -26.279296875 -20.7421875 3.955078125 1.25933029595642 2.197265625 -95.537109375
20.91796875 -26.279296875 -20.7421875 3.955078125 1.25933029595642 2.197265625 -95.537109375
20.0390625 -26.279296875 -20.7421875 3.955078125 1.25933029595642 2.197265625 -95.537109375
18.984375 -26.279296875 -20.7421875 3.955078125 1.14484771336488 2.197265625 -95.537109375
18.017578125 -26.279296875 -20.7421875 3.955078125 1.14484771336488 2.197265625 -95.537109375
16.962890625 -26.279296875 -20.7421875 3.955078125 1.25933029595642 2.197265625 -95.537109375
15.99609375 -26.279296875 -20.7421875 3.955078125 1.25933029595642 2.197265625 -95.537109375
15.029296875 -26.279296875 -20.7421875 3.955078125 1.25933029595642 2.197265625 -95.537109375
14.0625 -26.279296875 -20.7421875 3.955078125 1.25933029595642 2.197265625 -95.537109375
13.095703125 -26.279296875 -20.7421875 3.955078125 1.14484771336488 2.197265625 -95.537109375
12.041015625 -26.279296875 -20.7421875 3.955078125 1.25933029595642 2.197265625 -95.537109375
10.986328125 -26.279296875 -20.7421875 3.955078125 1.14484771336488 2.197265625 -95.537109375
10.01953125 -26.279296875 -20.654296875 3.955078125 1.14484771336488 2.197265625 -95.537109375
9.052734375 -26.279296875 -20.7421875 3.955078125 1.25933029595642 2.197265625 -95.537109375
8.0859375 -26.279296875 -20.7421875 3.955078125 1.25933029595642 2.197265625 -95.537109375
7.03125 -26.279296875 -20.654296875 3.955078125 1.25933029595642 2.197265625 -95.537109375
5.9765625 -26.279296875 -20.654296875 3.955078125 1.14484771336488 2.197265625 -95.537109375
5.09765625 -26.279296875 -20.654296875 3.955078125 1.25933029595642 2.197265625 -95.537109375
4.04296875 -26.279296875 -20.654296875 3.955078125 1.25933029595642 2.197265625 -95.537109375
2.98828125 -26.279296875 -20.654296875 3.955078125 1.25933029595642 2.197265625 -95.537109375
1.93359375 -26.279296875 -20.654296875 3.955078125 1.14484771336488 2.197265625 -95.537109375
0.966796875 -26.279296875 -20.654296875 3.955078125 1.14483237471187 2.109375 -95.537109375
0 -26.279296875 -20.654296875 3.955078125 1.25933029595642 2.197265625 -95.537109375
