-34.716796875 11.689453125 1.669921875 3.955078125 0 -9.66796875 -84.0234375
-34.716796875 11.689453125 1.669921875 3.955078125 -1.03382732075988 -9.931640625 -82.6171875
-34.716796875 11.689453125 1.669921875 3.955078125 -2.0671006939113 -9.580078125 -81.298828125
-34.716796875 11.689453125 1.669921875 3.955078125 -3.10092667827503 -9.755859375 -81.9140625
-34.716796875 11.689453125 1.669921875 3.955078125 -4.01906049072348 -9.580078125 -78.662109375
-34.716796875 11.689453125 1.669921875 3.955078125 -5.05316748709668 -9.84375 -72.861328125
-34.716796875 11.689453125 1.669921875 3.955078125 -6.08594819599148 -9.755859375 -71.806640625
-34.716796875 11.689453125 1.669921875 3.955078125 -7.00319041675646 -9.580078125 -68.203125
-34.716796875 11.689453125 1.669921875 3.955078125 -8.03664276891317 -9.755859375 -68.642578125
-34.716796875 11.689453125 1.669921875 3.955078125 -9.06891072874534 -9.755859375 -64.86328125
-34.716796875 11.689453125 1.669921875 3.955078125 -10.0995738172397 -9.580078125 -64.3359375
-34.716796875 11.6015625 1.494140625 3.955078125 -11.2117126862702 -2.724609375 -58.359375
-34.716796875 11.6015625 1.494140625 3.955078125 -12.1603919650687 -9.404296875 -55.810546875
-34.716796875 11.6015625 1.494140625 3.955078125 -12.9602531975834 -9.228515625 -57.83203125
-34.716796875 11.6015625 1.494140625 3.955078125 -14.1035844971742 -9.140625 -55.283203125
-34.716796875 11.6015625 1.494140625 3.955078125 -15.0174841309534 -9.052734375 -53.96484375
-34.716796875 11.6015625 1.494140625 3.955078125 -16.0441432424365 -8.876953125 -54.140625
-34.716796875 11.6015625 1.494140625 3.955078125 -17.0757455508113 -9.228515625 -46.58203125
-34.716796875 11.6015625 1.494140625 3.955078125 -18.0968646938232 -8.701171875 -45.966796875
-34.716796875 11.6015625 1.494140625 3.955078125 -19.1150197469954 -7.998046875 -43.857421875
-34.716796875 11.6015625 1.494140625 3.955078125 -20.0251476051325 -7.91015625 -44.384765625
-34.716796875 11.6015625 1.494140625 3.955078125 -21.0472869085346 -7.734375 -42.626953125
-34.716796875 11.6015625 1.494140625 3.955078125 -22.0653578110742 -7.294921875 -41.8359375
-34.716796875 11.6015625 1.494140625 3.955078125 -23.0864354556782 -7.20703125 -39.19921875
-34.716796875 11.6015625 1.494140625 3.955078125 -24.1054410285068 -7.03125 -38.408203125
-34.716796875 11.6015625 1.494140625 3.955078125 -25.0090090944317 -6.767578125 -36.298828125
-34.716796875 11.6015625 1.494140625 3.955078125 -26.0248442543736 -6.50390625 -34.8046875
-34.716796875 11.6015625 1.494140625 3.955078125 -27.036448961275 -5.9765625 -34.013671875
-34.716796875 11.6015625 1.494140625 3.955078125 -28.0416738109048 -4.921875 -28.740234375
-34.716796875 11.6015625 1.494140625 3.955078125 -29.0541272285331 -4.658203125 -28.564453125
-34.716796875 11.6015625 1.494140625 3.955078125 -30.1748101430117 -4.04296875 -24.609375
-34.716796875 11.6015625 1.494140625 3.955078125 -31.1833879719142 -3.603515625 -24.78515625
-34.716796875 11.6015625 1.494140625 3.955078125 -32.1880158777949 -2.724609375 -20.7421875
-34.716796875 11.6015625 1.494140625 3.955078125 -33.1979618189815 -2.8125 -21.4453125
-34.716796875 11.6015625 1.494140625 3.955078125 -34.092412306178 -2.548828125 -21.181640625
-34.716796875 11.6015625 1.494140625 3.955078125 -35.0954476778635 -1.845703125 -19.51171875
-34.716796875 11.6015625 1.494140625 3.955078125 -35.9887095332651 -1.7578125 -19.423828125
-34.716796875 11.6015625 1.494140625 3.955078125 -37.1024243480472 -1.318359375 -19.423828125
-34.716796875 11.6015625 1.494140625 3.955078125 -37.9919629433642 -0.791015625 -12.744140625
-34.716796875 11.6015625 1.494140625 3.955078125 -39.1031701275512 0.17578125 -11.77734375
-34.716796875 11.6015625 1.494140625 3.955078125 -40.102527923764 0.439453125 -11.25
-34.716796875 11.6015625 1.494140625 3.955078125 -41.1006693589983 0.791015625 -10.1953125
-34.716796875 11.6015625 1.58203125 3.955078125 -42.1001269474712 1.7578125 -8.525390625
-34.716796875 11.6015625 1.494140625 3.955078125 -42.9844885657287 1.845703125 -8.525390625
-34.716796875 11.6015625 1.494140625 3.955078125 -44.1028969954473 3.69140625 -6.15234375
-34.716796875 11.6015625 1.494140625 3.955078125 -45.0940200269813 3.69140625 -6.15234375
-34.716796875 11.6015625 1.494140625 3.955078125 -46.1000621690251 4.921875 -5.44921875
-34.716796875 11.6015625 1.494140625 3.955078125 -46.9781959780633 4.921875 -3.515625
-34.716796875 11.6015625 1.58203125 3.955078125 -47.9849218491068 6.064453125 -0.3515625
-34.716796875 11.6015625 1.494140625 3.955078125 -48.9713018276604 6.15234375 0.17578125
-34.716796875 11.6015625 1.58203125 3.955078125 -50.0648735917664 6.240234375 0.791015625
-34.716796875 11.6015625 1.58203125 3.955078125 0 -5.009765625 -71.89453125
-34.716796875 11.6015625 1.58203125 3.955078125 1.1458979937265 -5.537109375 -73.125
-34.716796875 11.6015625 1.494140625 3.955078125 2.17763356962186 -6.064453125 -83.14453125
-34.716796875 11.6015625 1.494140625 3.955078125 3.09455584652048 -6.15234375 -83.935546875
-34.716796875 11.6015625 1.494140625 3.955078125 4.12620302772446 -6.328125 -87.451171875
-34.716796875 11.6015625 1.494140625 3.955078125 5.15764765891271 -6.416015625 -87.626953125
-34.716796875 11.6015625 1.494140625 3.955078125 6.19000741829983 -6.85546875 -87.978515625
-34.716796875 11.6015625 1.494140625 3.955078125 6.99350163843097 -7.294921875 -95.361328125
-34.716796875 11.6015625 1.494140625 3.955078125 8.02381683010583 -7.119140625 -95.2734375
-34.716796875 11.6015625 1.494140625 3.955078125 9.05403916072824 -7.03125 -95.625
-34.716796875 11.6015625 1.494140625 3.955078125 10.0860773198942 -7.3828125 -96.240234375
-34.716796875 11.6015625 1.494140625 3.955078125 11.1160689127535 -7.3828125 -99.66796875
-34.716796875 11.6015625 1.494140625 3.955078125 12.1467507734797 -7.55859375 -101.6015625
-34.716796875 11.6015625 1.494140625 3.955078125 13.0615743666466 -7.55859375 -105.64453125
-34.716796875 11.6015625 1.494140625 3.955078125 14.088930295889 -7.3828125 -107.2265625
-34.716796875 11.6015625 1.494140625 3.955078125 15.1176456005587 -7.470703125 -107.314453125
-34.716796875 11.6015625 1.494140625 3.955078125 16.0324836540821 -7.646484375 -108.720703125
-34.716796875 11.6015625 1.494140625 3.955078125 17.0570409854591 -7.3828125 -109.16015625
-34.716796875 11.6015625 1.494140625 3.955078125 18.1963094185753 -7.294921875 -113.5546875
-34.716796875 11.6015625 1.494140625 3.955078125 19.1131248831451 -7.822265625 -113.818359375
-34.716796875 11.6015625 1.494140625 3.955078125 20.1370159704663 -7.734375 -115.6640625
-34.716796875 11.6015625 1.494140625 3.955078125 21.0462746695357 -7.646484375 -117.333984375
-34.716796875 11.6015625 1.494140625 3.955078125 22.0705366251287 -7.734375 -117.861328125
-34.716796875 11.6015625 1.494140625 3.955078125 23.088536231439 -7.3828125 -121.46484375
-34.716796875 11.6015625 1.494140625 3.955078125 24.2231819339472 -7.3828125 -120.9375
-34.716796875 11.6015625 1.494140625 3.955078125 25.1300311324706 -7.3828125 -121.81640625
-34.716796875 11.6015625 1.494140625 3.955078125 26.1457377888423 -7.119140625 -125.419921875
-34.716796875 11.6015625 1.494140625 3.955078125 27.0495389250526 -7.03125 -126.650390625
-34.716796875 11.6015625 1.494140625 3.955078125 28.1770832976026 -6.85546875 -126.826171875
-34.716796875 11.6015625 1.494140625 3.955078125 29.0728558893031 -6.328125 -130.341796875
-34.716796875 11.6015625 1.494140625 3.955078125 30.0860905787222 -6.240234375 -130.4296875
-34.716796875 11.6015625 1.494140625 3.955078125 31.0980524152704 -6.15234375 -131.572265625
-34.716796875 11.6015625 1.494140625 3.955078125 32.1063380376168 -5.888671875 -132.626953125
-34.716796875 11.6015625 1.494140625 3.955078125 33.1156031662411 -5.80078125 -134.12109375
-34.716796875 11.6015625 1.494140625 3.955078125 34.0126357789343 -5.80078125 -134.296875
-34.716796875 11.6015625 1.494140625 3.955078125 35.0156672012494 -5.44921875 -136.58203125
-34.716796875 11.6015625 1.494140625 3.955078125 36.0184703959166 -5.185546875 -137.021484375
-34.716796875 11.6015625 1.494140625 3.955078125 37.0198173185199 -4.921875 -137.98828125
-34.716796875 11.6015625 1.494140625 3.955078125 38.0241681949855 -5.009765625 -140.2734375
-34.716796875 11.6015625 1.494140625 3.955078125 39.0212687078422 -4.658203125 -140.2734375
-34.716796875 11.6015625 1.494140625 3.955078125 40.1220146807328 -3.779296875 -141.85546875
-34.716796875 11.6015625 1.494140625 3.955078125 41.0073587126097 -3.603515625 -143.349609375
-34.716796875 11.6015625 1.494140625 3.955078125 42.004763786853 -3.69140625 -143.701171875
-34.716796875 11.6015625 1.494140625 3.955078125 43.1090548001146 -3.603515625 -145.810546875
-34.716796875 11.6015625 1.494140625 3.955078125 44.0974281228359 -3.1640625 -145.72265625
-34.716796875 11.6015625 1.494140625 3.955078125 45.0884374939431 -3.1640625 -147.744140625
-34.716796875 11.6015625 1.494140625 3.955078125 46.1841227806947 -2.8125 -147.65625
-34.716796875 11.6015625 1.494140625 3.955078125 47.1720138732785 -2.900390625 -148.447265625
-34.716796875 11.6015625 1.494140625 3.955078125 48.0426352237242 -2.28515625 -150.46875
-34.716796875 11.6015625 1.494140625 3.955078125 49.0235695716196 -1.93359375 -151.787109375
-34.716796875 11.6015625 1.494140625 3.955078125 50.1113329691283 -1.494140625 -152.314453125
