-34.716796875 11.689453125 1.7578125 3.955078125 0 -8.7890625 -80.244140625
-34.716796875 11.689453125 1.7578125 3.955078125 -1.0355691519551 -12.041015625 -73.564453125
-34.716796875 11.689453125 1.7578125 3.955078125 -2.0717463270069 -12.392578125 -73.564453125
-34.716796875 11.689453125 1.7578125 3.955078125 -2.99340243143981 -12.744140625 -73.388671875
-34.716796875 11.689453125 1.7578125 3.955078125 -4.02841349402843 -12.48046875 -73.388671875
-34.716796875 11.689453125 1.7578125 3.955078125 -5.06318271287886 -12.3046875 -72.24609375
-34.716796875 11.689453125 1.7578125 3.955078125 -6.09790733238003 -12.216796875 -72.24609375
-34.716796875 11.689453125 1.7578125 3.955078125 -7.01617796071473 -11.953125 -72.158203125
-34.716796875 11.689453125 1.7578125 3.955078125 -8.04933303304891 -11.77734375 -68.115234375
-34.716796875 11.689453125 1.7578125 3.955078125 -9.08254520523891 -11.689453125 -66.357421875
-34.716796875 11.689453125 1.845703125 3.955078125 -10.1122867159131 -11.25 -63.10546875
-34.716796875 11.689453125 1.845703125 3.955078125 -11.0302269638071 -11.25 -60.205078125
-34.716796875 11.689453125 1.845703125 3.955078125 -12.1548320711324 -8.701171875 -48.427734375
-34.716796875 11.689453125 1.845703125 3.955078125 -13.0681443895754 -8.4375 -49.74609375
-34.716796875 11.689453125 1.845703125 3.955078125 -14.0958540536463 -8.26171875 -49.74609375
-34.716796875 11.689453125 1.7578125 3.955078125 -15.0166310442242 -8.96484375 -43.505859375
-34.716796875 11.689453125 1.7578125 3.955078125 -16.0380887895893 -8.26171875 -45.703125
-34.716796875 11.689453125 1.7578125 3.955078125 -17.0681121122452 -8.525390625 -45.615234375
-34.716796875 11.689453125 1.7578125 3.955078125 -18.0939408768134 -8.4375 -44.82421875
-34.716796875 11.689453125 1.7578125 3.955078125 -19.0059841740281 -8.4375 -42.1875
-34.716796875 11.689453125 1.7578125 3.955078125 -20.0334489651641 -8.61328125 -42.01171875
-34.716796875 11.689453125 1.7578125 3.955078125 -21.0558152116309 -8.4375 -39.814453125
-34.716796875 11.689453125 1.7578125 3.955078125 -22.0726955417886 -7.91015625 -37.265625
-34.716796875 11.689453125 1.7578125 3.955078125 -23.0974609441205 -8.0859375 -36.474609375
-34.716796875 11.689453125 1.7578125 3.955078125 -24.0056169158577 -8.0859375 -33.92578125
-34.716796875 11.689453125 1.7578125 3.955078125 -25.0226469585815 -7.822265625 -34.453125
-34.716796875 11.689453125 1.7578125 3.955078125 -26.0409806624402 -7.734375 -32.783203125
-34.716796875 11.689453125 1.7578125 3.955078125 -27.0556352887773 -7.470703125 -31.11328125
-34.716796875 11.689453125 1.7578125 3.955078125 -28.0678083065883 -7.119140625 -28.30078125
-34.716796875 11.689453125 1.7578125 3.955078125 -29.0787489928153 -6.767578125 -27.333984375
-34.716796875 11.689453125 1.7578125 3.955078125 -29.9711640009614 -6.064453125 -23.90625
-34.716796875 11.689453125 1.7578125 3.955078125 -31.0923635321481 -5.712890625 -22.587890625
-34.716796875 11.689453125 1.7578125 3.955078125 -32.0025424722235 -6.50390625 -21.357421875
-34.716796875 11.689453125 1.7578125 3.955078125 -32.9988328583405 -5.44921875 -20.126953125
-34.716796875 11.689453125 1.7578125 3.955078125 -34.0024783862593 -5.009765625 -19.248046875
-34.716796875 11.689453125 1.7578125 3.955078125 -35.0079446328402 -4.833984375 -17.75390625
-34.716796875 11.689453125 1.7578125 3.955078125 -36.0052627040169 -4.04296875 -16.875
-34.716796875 11.689453125 1.7578125 3.955078125 -37.0079038081918 -3.8671875 -16.34765625
-34.716796875 11.689453125 1.7578125 3.955078125 -38.0117011728672 -3.955078125 -15.8203125
-34.716796875 11.689453125 1.7578125 3.955078125 -39.0033374211306 -2.900390625 -14.677734375
-34.716796875 11.689453125 1.7578125 3.955078125 -40.1100407393696 -2.373046875 -13.095703125
-34.716796875 11.689453125 1.7578125 3.955078125 -41.0819453017815 8.0859375 3.603515625
-34.716796875 11.689453125 1.7578125 3.955078125 -41.9496763853944 7.20703125 3.1640625
-34.716796875 11.689453125 1.7578125 3.955078125 -43.0473344732464 6.767578125 0.87890625
-34.716796875 11.689453125 1.7578125 3.955078125 -44.0277242718389 6.064453125 1.318359375
-34.716796875 11.689453125 1.7578125 3.955078125 -45.1476892456859 6.943359375 1.494140625
-34.716796875 11.689453125 1.7578125 3.955078125 -45.9988230393607 5.44921875 -0.615234375
-34.716796875 11.689453125 1.7578125 3.955078125 -46.9901325391453 5.625 0.263671875
-34.716796875 11.689453125 1.7578125 3.955078125 -47.9797798792987 5.80078125 2.4609375
-34.716796875 11.689453125 1.7578125 3.955078125 -49.1898395368316 6.15234375 1.669921875
-34.716796875 11.689453125 1.7578125 3.955078125 -50.1816449842459 6.591796875 -37.353515625
-34.716796875 11.689453125 1.7578125 3.955078125 0 -5.361328125 -76.2890625
-34.716796875 11.689453125 1.7578125 3.955078125 1.03238441206878 -7.734375 -77.080078125
-34.716796875 11.689453125 1.7578125 3.955078125 2.17942745744794 -7.734375 -72.158203125
-34.716796875 11.689453125 1.7578125 3.955078125 3.09858331507156 -8.61328125 -67.1484375
-34.716796875 11.689453125 1.7578125 3.955078125 4.01629884019923 -8.525390625 -83.49609375
-34.716796875 11.689453125 1.7578125 3.955078125 5.04849224891881 -8.4375 -83.49609375
-34.716796875 11.689453125 1.7578125 3.955078125 5.96477529862792 -8.0859375 -90
-34.716796875 11.689453125 1.7578125 3.955078125 7.07164095351294 18.80859375 -169.62890625
-34.716796875 11.689453125 1.7578125 3.955078125 8.11113127109097 18.544921875 -169.453125
-34.716796875 11.689453125 1.7578125 3.955078125 9.14844532439873 18.193359375 -169.365234375
-34.716796875 11.689453125 1.7578125 3.955078125 10.1832647256182 17.75390625 -168.310546875
-34.716796875 11.689453125 1.7578125 3.955078125 11.1050161347827 17.578125 -168.134765625
-34.716796875 11.689453125 1.7578125 3.955078125 12.0218763592214 17.138671875 -167.783203125
-34.716796875 11.689453125 1.7578125 3.955078125 13.1637140317456 16.435546875 -167.34375
-34.716796875 11.689453125 1.7578125 3.955078125 14.0733393240047 15.732421875 -162.158203125
-34.716796875 11.689453125 1.7578125 3.955078125 15.0979776026128 15.1171875 -161.015625
-34.716796875 11.689453125 1.7578125 3.955078125 16.1121381239112 13.974609375 -160.3125
-34.716796875 11.689453125 1.7578125 3.955078125 17.1410879981259 13.798828125 -160.3125
-34.716796875 11.689453125 1.7578125 3.955078125 18.1627256545661 13.271484375 -158.90625
-34.716796875 11.689453125 1.7578125 3.955078125 19.0333100342545 10.546875 -152.490234375
-34.716796875 11.689453125 1.7578125 3.955078125 20.1727828025791 10.458984375 -152.578125
-34.716796875 11.689453125 1.7578125 3.955078125 21.0778299858438 10.01953125 -151.611328125
-34.716796875 11.689453125 1.7578125 3.955078125 22.0806469401057 8.525390625 -148.7109375
-34.716796875 11.689453125 1.7578125 3.955078125 23.1047052272337 8.61328125 -146.689453125
-34.716796875 11.689453125 1.7578125 3.955078125 23.8840185857349 7.470703125 -147.12890625
-34.716796875 11.689453125 1.7578125 3.955078125 25.1255217885107 7.03125 -147.12890625
-34.716796875 11.689453125 1.7578125 3.955078125 26.132900884151 6.064453125 -147.12890625
-34.716796875 11.689453125 1.7578125 3.955078125 27.1484571891668 5.888671875 -145.458984375
-34.716796875 11.689453125 1.7578125 3.955078125 28.160875833232 5.537109375 -145.458984375
-34.716796875 11.689453125 1.7578125 3.955078125 29.0632636750924 5.537109375 -145.458984375
-34.716796875 11.689453125 1.7578125 3.955078125 30.0670423304177 4.5703125 -145.458984375
-34.716796875 11.689453125 1.7578125 3.955078125 31.068377431039 3.251953125 -145.546875
-34.716796875 11.689453125 1.7578125 3.955078125 32.1891245000578 2.900390625 -145.810546875
-34.716796875 11.689453125 1.7578125 3.955078125 33.0858714084751 2.8125 -145.810546875
-34.716796875 11.689453125 1.7578125 3.955078125 33.9764396222382 1.7578125 -146.162109375
-34.716796875 11.689453125 1.7578125 3.955078125 35.0954476778635 1.845703125 -146.25
-34.716796875 11.689453125 1.7578125 3.955078125 36.0992637384658 1.494140625 -146.25
-34.716796875 11.689453125 1.7578125 3.955078125 37.1037723892162 1.669921875 -146.337890625
-34.716796875 11.689453125 1.7578125 3.955078125 38.1057194280632 1.58203125 -146.337890625
-34.716796875 11.689453125 1.7578125 3.955078125 39.1065032985088 1.58203125 -146.337890625
-34.716796875 11.689453125 1.7578125 3.955078125 39.9913678337786 -0.17578125 -144.404296875
-34.716796875 11.689453125 1.7578125 3.955078125 41.1001782259581 -0.52734375 -148.88671875
-34.716796875 11.689453125 1.7578125 3.955078125 41.9886990364456 -1.58203125 -146.865234375
-34.716796875 11.689453125 1.7578125 3.955078125 43.0917770203191 -1.142578125 -148.359375
-34.716796875 11.689453125 1.7578125 3.955078125 43.9737971936166 -1.0546875 -148.359375
-34.716796875 11.689453125 1.7578125 3.955078125 44.9639777444094 -0.791015625 -148.53515625
-34.716796875 11.689453125 1.7578125 3.955078125 45.952157814469 -0.17578125 -151.5234375
-34.716796875 11.689453125 1.7578125 3.955078125 46.9393752824368 -0.087890625 -151.5234375
-34.716796875 11.689453125 1.7578125 3.955078125 47.924788980209 0.17578125 -153.193359375
-34.716796875 11.689453125 1.7578125 3.955078125 49.0175569663648 0.3515625 -155.7421875
-34.716796875 11.689453125 1.7578125 3.955078125 49.9992777491548 0.615234375 -155.91796875
