79.9
83.4
85.8
88.2
90.7
94.1
97 
100.5
104.2
107.8
111.4
114.8
117.8
121
123
126
128.6
131
133.7
136.4
138.8
141.5
144.5
147.8
151.1
154.3
157.5
161.1
163.5
167.0
169.2
172.1
173.9
181.7 
183.8
185.8
188.5
191.0
193.2
196.3
199.8
203.5
207.4
212.4
215.5
218.6
221.4
225.1
229.3
233.5
237
240.6
244.5
246.9
249.7
252.6
255.2
257.6
260.0
262.9
266.4
270.2
266.7
263.1
259.4
256.0
253.1
249.8
246.5
242.6
238.6
234.1
227.9
222.0
218.1
214.2
208.8
203.1
198.5
194.5
190.4
187.0
183.2
181.5
171.5
167.4
163.5
159.5
154.9
150
144.4
140.4
136.9
133.8
130.4
126.7
123.6
120.1
116.6
112.5
107.6
101.9
97.9
93.8
89.9

