100.546875 -65.91796875 336.533203125 9.4921875 -2.78481561068692 19.248046875 -81.650390625
97.294921875 -65.91796875 336.533203125 9.4921875 -2.78481561068692 19.248046875 -81.650390625
94.130859375 -65.91796875 336.533203125 9.4921875 -2.78481561068692 19.248046875 -81.650390625
90.966796875 -65.91796875 336.533203125 9.4921875 -2.78481561068692 19.248046875 -81.650390625
87.978515625 -66.005859375 336.533203125 9.4921875 -2.78481561068692 19.248046875 -81.650390625
84.90234375 -66.09375 336.533203125 9.4921875 -2.78481561068692 19.248046875 -81.650390625
82.001953125 -66.09375 336.533203125 9.4921875 -2.78481561068692 19.248046875 -81.650390625
78.92578125 -66.09375 336.533203125 9.4921875 -2.78481561068692 19.248046875 -81.650390625
75.9375 -66.09375 336.533203125 9.4921875 -2.78481561068692 19.248046875 -81.650390625
72.94921875 -66.09375 336.62109375 9.4921875 -2.78481561068692 19.248046875 -81.650390625
70.048828125 -66.09375 336.533203125 9.4921875 -2.78481561068692 19.248046875 -81.650390625
67.060546875 -66.09375 336.533203125 9.4921875 -2.78481561068692 19.248046875 -81.650390625
64.072265625 -61.171875 336.533203125 9.4921875 -2.78481561068692 19.248046875 -81.650390625
60.46875 -55.986328125 336.533203125 9.4921875 -2.78481561068692 19.248046875 -81.650390625
58.18359375 -55.986328125 336.533203125 9.4921875 -2.78481561068692 19.248046875 -81.650390625
55.01953125 -55.986328125 336.533203125 9.4921875 -2.78481561068692 19.248046875 -81.650390625
51.767578125 -55.986328125 336.533203125 9.4921875 -2.78481561068692 19.248046875 -81.73828125
49.04296875 -51.328125 336.533203125 9.4921875 -2.78481561068692 19.248046875 -81.650390625
45.87890625 -51.328125 336.533203125 9.4921875 -2.78481561068692 19.248046875 -81.650390625
42.71484375 -43.330078125 336.533203125 9.4921875 -2.78481561068692 19.248046875 -81.650390625
40.078125 -39.19921875 336.533203125 9.4921875 -2.78481561068692 19.248046875 -81.650390625
37.001953125 -34.98046875 336.533203125 9.4921875 -2.78481561068692 19.248046875 -81.650390625
34.1015625 -28.212890625 336.62109375 9.4921875 -2.78481561068692 19.248046875 -81.650390625
31.2890625 -26.982421875 336.533203125 9.4921875 -2.78481561068692 19.248046875 -81.650390625
28.212890625 -24.521484375 336.533203125 9.4921875 -2.78481561068692 19.248046875 -81.650390625
25.224609375 -21.357421875 336.533203125 9.4921875 -2.78481561068692 19.248046875 -81.650390625
22.236328125 -16.787109375 336.533203125 9.4921875 -2.78481561068692 19.248046875 -81.650390625
18.6328125 -13.447265625 336.62109375 9.4921875 -2.78481561068692 19.248046875 -81.650390625
16.083984375 -13.447265625 336.533203125 9.4921875 -2.78481561068692 19.248046875 -81.650390625
12.48046875 -10.634765625 336.533203125 9.4921875 -2.78481561068692 19.248046875 -81.650390625
10.283203125 -10.634765625 336.533203125 9.4921875 -2.78481561068692 19.248046875 -81.650390625
7.55859375 -5.2734375 336.533203125 9.4921875 -2.78481561068692 19.248046875 -81.650390625
5.2734375 -3.955078125 336.533203125 9.4921875 -2.78481561068692 19.248046875 -81.650390625
-4.21875 -0.3515625 336.533203125 9.4921875 -2.78481561068692 19.248046875 -81.650390625
-6.50390625 -0.3515625 336.533203125 9.4921875 -2.78481561068692 19.248046875 -81.650390625
-9.052734375 -0.263671875 336.533203125 9.4921875 -2.78481561068692 19.248046875 -81.650390625
-12.041015625 15.1171875 336.533203125 9.4921875 -2.78481561068692 19.248046875 -81.650390625
-14.853515625 15.1171875 336.533203125 9.4921875 -2.78481561068692 19.248046875 -81.650390625
-16.962890625 29.1796875 336.533203125 9.4921875 -2.78481561068692 19.248046875 -81.650390625
-19.951171875 63.896484375 336.533203125 9.4921875 -2.78481561068692 19.248046875 -81.650390625
-23.02734375 77.080078125 336.533203125 9.4921875 -2.78481561068692 19.248046875 -81.650390625
-25.927734375 79.892578125 336.533203125 9.4921875 -2.78481561068692 19.248046875 -81.650390625
-28.828125 87.275390625 336.533203125 9.4921875 -2.78481561068692 19.248046875 -81.650390625
-32.16796875 87.5390625 336.533203125 9.4921875 -2.78481561068692 19.248046875 -81.650390625
-35.244140625 87.626953125 336.533203125 9.4921875 -2.78481561068692 19.248046875 -81.650390625
-38.3203125 87.626953125 336.533203125 9.4921875 -2.78481561068692 19.248046875 -81.650390625
-41.1328125 87.626953125 336.533203125 9.4921875 -2.78481561068692 19.248046875 -81.650390625
-44.12109375 87.451171875 336.533203125 9.4921875 -2.78481561068692 19.248046875 -81.650390625
-47.109375 87.5390625 336.533203125 9.4921875 -2.78481561068692 19.248046875 -81.650390625
-50.361328125 87.626953125 336.533203125 9.4921875 -2.78481561068692 19.248046875 -81.650390625
-53.26171875 87.5390625 336.533203125 9.4921875 -2.78481561068692 19.248046875 -81.650390625
-56.6015625 87.626953125 336.533203125 9.4921875 -2.78481561068692 19.248046875 -81.650390625
-60.380859375 87.626953125 336.533203125 9.4921875 -2.90083745828687 19.248046875 -81.650390625
-63.193359375 87.451171875 336.533203125 9.4921875 -2.78481561068692 19.248046875 -81.650390625
-66.4453125 87.451171875 336.533203125 9.4921875 -2.78481561068692 19.248046875 -81.650390625
-69.9609375 87.451171875 336.533203125 9.4921875 -2.78481561068692 19.248046875 -81.650390625
-73.30078125 87.626953125 336.533203125 9.4921875 -2.78481561068692 19.248046875 -81.650390625
-76.46484375 87.451171875 336.533203125 9.4921875 -2.78481561068692 19.248046875 -81.650390625
-79.365234375 87.451171875 336.533203125 9.4921875 -2.78481561068692 19.248046875 -81.650390625
-82.529296875 87.626953125 336.533203125 9.4921875 -2.78481561068692 19.248046875 -81.650390625
-85.95703125 87.626953125 336.533203125 9.4921875 -2.78481561068692 19.248046875 -81.73828125
-89.6484375 87.5390625 336.533203125 9.4921875 -2.78481561068692 19.248046875 -81.650390625
-86.30859375 86.044921875 336.533203125 9.4921875 -2.78481561068692 19.248046875 -81.650390625
-82.529296875 85.95703125 336.533203125 9.4921875 -2.78481561068692 19.248046875 -81.650390625
-78.57421875 84.990234375 336.533203125 9.4921875 -2.78481561068692 19.248046875 -81.650390625
-74.267578125 81.650390625 336.533203125 9.4921875 -2.78481561068692 19.248046875 -81.650390625
-70.576171875 79.453125 336.533203125 9.4921875 -2.78481561068692 19.248046875 -81.650390625
-66.4453125 79.453125 336.533203125 9.4921875 -2.78481561068692 19.248046875 -81.650390625
-62.666015625 77.431640625 336.533203125 9.4921875 -2.78481561068692 19.248046875 -81.650390625
-58.7109375 77.16796875 336.533203125 9.4921875 -2.78481561068692 19.248046875 -81.650390625
-54.755859375 77.16796875 336.533203125 9.4921875 -2.78481561068692 19.248046875 -81.650390625
-50.712890625 77.16796875 336.533203125 9.4921875 -2.78481561068692 19.248046875 -81.650390625
-45.966796875 77.16796875 336.533203125 9.4921875 -2.78481561068692 19.248046875 -81.650390625
-41.748046875 76.025390625 336.533203125 9.4921875 -2.78481561068692 19.248046875 -81.650390625
-38.056640625 76.025390625 336.533203125 9.4921875 -2.78481561068692 19.248046875 -81.650390625
-33.92578125 76.025390625 336.533203125 9.4921875 -2.78481561068692 19.248046875 -81.650390625
-29.970703125 75.9375 336.533203125 9.4921875 -2.78481561068692 19.248046875 -81.650390625
-25.83984375 75.9375 336.533203125 9.4921875 -2.78481561068692 19.248046875 -81.650390625
-21.884765625 75.9375 336.533203125 9.4921875 -2.78481561068692 19.248046875 -81.650390625
-18.193359375 75.9375 336.533203125 9.4921875 -2.78481561068692 19.248046875 -81.650390625
-14.0625 75.9375 336.533203125 9.4921875 -2.78481561068692 19.248046875 -81.650390625
-10.37109375 75.9375 336.533203125 9.4921875 -2.78481561068692 19.248046875 -81.650390625
-5.888671875 75.9375 336.533203125 9.4921875 -2.78481561068692 19.248046875 -81.650390625
-3.1640625 76.025390625 336.533203125 9.4921875 -2.78481561068692 19.248046875 -81.650390625
8.4375 75.76171875 336.533203125 9.4921875 -2.78481561068692 19.248046875 -81.650390625
12.744140625 75.76171875 336.533203125 9.4921875 -2.78481561068692 19.248046875 -81.650390625
16.69921875 75.76171875 336.533203125 9.4921875 -2.78481561068692 19.248046875 -81.650390625
20.478515625 59.23828125 336.533203125 9.4921875 -2.78481561068692 19.248046875 -81.650390625
24.873046875 45.87890625 336.533203125 9.4921875 -2.78481561068692 19.248046875 -81.650390625
29.443359375 34.62890625 336.533203125 9.4921875 -2.78481561068692 19.248046875 -81.650390625
34.365234375 32.6953125 336.533203125 9.4921875 -2.78481561068692 19.248046875 -81.650390625
38.583984375 32.431640625 336.533203125 9.4921875 -2.78481561068692 19.248046875 -81.650390625
42.71484375 32.34375 336.533203125 9.4921875 -2.78481561068692 19.248046875 -81.650390625
46.142578125 32.255859375 336.533203125 9.4921875 -2.78481561068692 19.248046875 -81.650390625
50.09765625 27.421875 336.533203125 9.4921875 -2.78481561068692 19.248046875 -81.650390625
54.404296875 19.599609375 336.533203125 9.4921875 -2.78481561068692 19.248046875 -81.650390625
58.0078125 15.1171875 336.533203125 9.4921875 -2.78481561068692 19.248046875 -81.650390625
61.962890625 9.931640625 336.533203125 9.4921875 -2.78481561068692 19.248046875 -81.650390625
65.830078125 9.931640625 336.533203125 9.4921875 -2.78481561068692 19.248046875 -81.650390625
69.78515625 9.931640625 336.533203125 9.4921875 -2.78481561068692 19.248046875 -81.650390625
73.828125 -1.0546875 336.533203125 9.4921875 -2.78481561068692 19.248046875 -81.650390625
78.57421875 -10.458984375 336.533203125 9.4921875 -2.78481561068692 19.248046875 -81.650390625
82.177734375 -14.326171875 336.533203125 9.4921875 -2.78481561068692 19.248046875 -81.650390625
86.044921875 -17.841796875 336.533203125 9.4921875 -2.78481561068692 19.248046875 -81.650390625
89.736328125 -18.45703125 336.533203125 9.4921875 -2.78481561068692 19.248046875 -81.650390625
