2.98828125 -18.017578125 -7.20703125 5.09765625 -7.96228060365484 15.29296875 -117.24609375
1.7578125 -17.75390625 -7.822265625 5.09765625 -2.65694431261091 15.908203125 -134.47265625
4.5703125 -17.75390625 -7.3828125 5.09765625 -5.66440274775979 16.611328125 -135.966796875
6.240234375 -17.75390625 -7.3828125 5.09765625 -5.89945459769449 17.138671875 -130.869140625
8.0859375 -17.75390625 -7.470703125 5.09765625 -5.43943421861773 17.490234375 -130.95703125
9.31640625 -17.666015625 -7.646484375 5.09765625 -4.6311748498179 17.75390625 -129.19921875
10.458984375 -17.75390625 -7.998046875 5.09765625 -3.47483165032899 18.017578125 -124.716796875
11.6015625 -18.017578125 -8.349609375 5.09765625 -1.85356877571158 18.10546875 -125.5078125
15.46875 -17.666015625 -7.470703125 5.09765625 -7.64330438007591 18.10546875 -108.896484375
17.841796875 -18.017578125 -6.85546875 5.09765625 -8.91385104229148 17.9296875 -111.796875
17.841796875 -17.666015625 -7.20703125 5.09765625 -5.67213379981868 17.666015625 -122.431640625
12.3046875 -12.744140625 -7.03125 5.09765625 3.361907547745 18.6328125 -29.35546875
11.6015625 -12.48046875 -5.537109375 5.09765625 9.96926184381495 18.984375 -44.736328125
18.80859375 -17.841796875 -5.9765625 5.09765625 3.70381729070108 17.490234375 -32.080078125
20.478515625 -17.841796875 -6.416015625 5.09765625 3.93038638075771 16.5234375 -38.49609375
-31.552734375 30.322265625 -7.646484375 5.09765625 -1.96246198371114 15.29296875 -116.982421875
-30.234375 30.322265625 -7.3828125 5.09765625 -2.77303607267303 16.083984375 -123.75
-27.158203125 29.970703125 -6.943359375 5.09765625 -8.57960775718824 18.984375 -113.90625
-26.3671875 29.970703125 -7.119140625 5.09765625 -7.30520001399227 18.984375 -116.71875
-24.43359375 29.619140625 -7.119140625 5.09765625 -8.24401278197385 19.951171875 -107.138671875
-23.291015625 29.267578125 -7.119140625 5.09765625 -6.85250383358961 20.0390625 -109.599609375
-21.62109375 29.443359375 -6.50390625 5.09765625 -6.97436069862216 20.56640625 -120.05859375
-18.720703125 28.65234375 -5.537109375 5.09765625 -9.43646753106248 22.060546875 -114.697265625
-11.689453125 26.630859375 -3.427734375 5.09765625 -18.0449247176083 25.83984375 -94.482421875
-2.98828125 17.138671875 -3.251953125 5.09765625 -16.2107424303739 26.806640625 -90.439453125
-4.5703125 17.05078125 -5.2734375 5.09765625 -9.70682604240827 24.169921875 -98.173828125
13.359375 -4.39453125 -5.44921875 1.23046875 -9.58030597833302 23.642578125 -111.4453125
8.96484375 -4.39453125 -6.240234375 1.23046875 5.95474348216624 23.115234375 -39.990234375
12.568359375 -4.658203125 -6.943359375 1.23046875 1.51486864553957 21.884765625 -53.4375
13.88671875 -4.306640625 -6.943359375 1.23046875 0.697945662849564 20.830078125 -45.52734375
-29.53125 28.916015625 -7.998046875 1.23046875 -3.48798796587349 20.56640625 -110.0390625
-27.861328125 28.828125 -7.822265625 1.23046875 -5.35779087553063 21.708984375 -112.939453125
-26.630859375 29.00390625 -7.734375 1.23046875 -5.24695641149652 22.32421875 -115.927734375
-24.78515625 28.828125 -7.470703125 1.23046875 -7.00725413159495 23.291015625 -104.326171875
-23.5546875 28.916015625 -7.3828125 1.23046875 -6.43002910351064 23.818359375 -91.23046875
-22.060546875 28.916015625 -7.294921875 1.23046875 -6.66824339956365 24.169921875 -86.8359375
-20.21484375 28.916015625 -6.943359375 1.23046875 -7.37868614486821 24.78515625 -84.19921875
-10.37109375 17.05078125 -6.85546875 1.23046875 -7.76758139561002 27.0703125 -76.376953125
18.017578125 -17.666015625 -6.15234375 1.0546875 -11.3718050367486 25.48828125 -93.955078125
18.28125 -17.9296875 -6.943359375 1.0546875 -7.50379220268047 25.3125 -81.9140625
17.490234375 -15.908203125 -6.15234375 1.0546875 -5.75883250069098 26.3671875 -76.025390625
19.248046875 -16.259765625 -6.85546875 1.0546875 -5.39428326358391 25.3125 -67.8515625
21.181640625 -16.259765625 -6.943359375 1.0546875 -4.92006932395883 24.78515625 -70.83984375
22.587890625 -15.99609375 -7.119140625 1.0546875 -4.56316763813394 24.169921875 -53.876953125
22.8515625 -15.99609375 -6.943359375 1.0546875 -2.80595645142885 23.73046875 -65.302734375
7.91015625 -28.037109375 -8.349609375 1.142578125 -4.67775165711808 23.90625 -114.169921875
9.931640625 -28.125 -8.0859375 1.142578125 -5.5046067749704 24.697265625 -105.99609375
17.2265625 -38.056640625 -8.349609375 1.142578125 -2.80003920171893 22.587890625 -94.921875
19.86328125 -38.056640625 -8.0859375 1.142578125 -5.01777201469505 22.763671875 -92.98828125
21.09375 -38.056640625 -8.0859375 1.142578125 -4.08907604603312 23.37890625 -94.482421875
22.5 -38.056640625 -8.0859375 1.142578125 -3.50793554409457 23.818359375 -95.009765625
25.927734375 -38.056640625 -7.294921875 1.142578125 -7.244252436425 23.5546875 -88.857421875
26.89453125 -38.056640625 -7.55859375 1.142578125 -5.72888167077909 23.818359375 -90.087890625
30.673828125 -38.056640625 -6.591796875 1.142578125 -10.6147904000057 22.8515625 -90.439453125
28.916015625 -37.705078125 -7.55859375 1.142578125 -2.92533524782989 24.169921875 -83.49609375
30.234375 -37.705078125 -7.734375 1.142578125 -2.22217105728795 23.90625 -85.517578125
32.255859375 -37.353515625 -7.55859375 1.142578125 -4.67079173930381 23.115234375 -89.208984375
27.861328125 -31.201171875 -7.3828125 1.142578125 0.821925845109947 25.83984375 -82.08984375
30.849609375 -31.552734375 -7.3828125 1.142578125 -1.87324403896768 24.43359375 -80.947265625
32.16796875 -31.552734375 -7.3828125 1.142578125 -1.28611413931567 23.73046875 -83.14453125
25.576171875 -52.470703125 -8.0859375 1.142578125 -6.82669673069762 17.40234375 -114.08203125
24.43359375 -50.2734375 -8.173828125 1.142578125 -4.29869697161755 20.126953125 -106.083984375
25.751953125 -50.2734375 -8.173828125 1.142578125 -4.41853416766489 20.654296875 -104.765625
28.212890625 -50.2734375 -7.998046875 1.142578125 -5.46700286639459 20.91796875 -104.853515625
29.00390625 -50.2734375 -8.26171875 1.142578125 -3.61104426956733 21.708984375 -107.138671875
29.970703125 -50.2734375 -8.349609375 1.142578125 -2.33230767554724 22.32421875 -105.556640625
32.87109375 -50.09765625 -7.55859375 1.142578125 -5.71140370775948 22.1484375 -90.17578125
33.3984375 -50.9765625 -7.91015625 1.142578125 -2.10040653574739 22.67578125 -92.724609375
36.650390625 -50.80078125 -7.470703125 1.142578125 -5.93902330750342 21.62109375 -93.427734375
38.056640625 -50.888671875 -7.55859375 1.142578125 -4.65915560019883 21.708984375 -92.021484375
36.73828125 -49.5703125 -7.734375 1.142578125 -0.817764469100981 23.291015625 -87.5390625
39.462890625 -49.130859375 -7.55859375 1.142578125 -2.68296043150699 22.5 -89.033203125
42.5390625 -49.21875 -7.294921875 1.142578125 -3.84225666628076 21.4453125 -96.240234375
35.068359375 -37.96875 -7.294921875 1.142578125 -2.58455489051223 26.103515625 -71.71875
36.474609375 -38.056640625 -7.3828125 1.142578125 -1.99422091154947 25.400390625 -67.1484375
-43.41796875 50.09765625 -7.822265625 1.142578125 -2.1059364087633 24.08203125 -92.8125
-40.166015625 50.09765625 -7.470703125 1.142578125 -5.28889813502766 26.3671875 -68.115234375
-39.814453125 50.185546875 -7.734375 1.142578125 -2.46615462963888 25.927734375 -69.2578125
-35.5078125 47.63671875 -7.294921875 1.142578125 -3.54119053144662 28.212890625 -72.94921875
-33.3984375 47.63671875 -7.119140625 1.142578125 -3.78287490641362 28.828125 -68.994140625
-32.255859375 47.63671875 -7.294921875 1.142578125 -2.71788793396621 28.65234375 -70.3125
-30.498046875 47.724609375 -6.943359375 1.142578125 -4.38153075281298 29.53125 -58.18359375
39.7265625 -58.18359375 -7.55859375 0.703125 -4.89426118586769 21.97265625 -100.458984375
41.1328125 -55.810546875 -7.294921875 0.703125 -7.46332956940033 22.5 -98.525390625
43.06640625 -55.810546875 -7.294921875 0.703125 -6.996078367169 22.412109375 -90.17578125
42.5390625 -55.107421875 -7.55859375 0.703125 -3.38932307445635 23.5546875 -92.197265625
44.47265625 -55.107421875 -7.646484375 0.703125 -3.0362574488168 23.115234375 -91.58203125
46.23046875 -55.458984375 -7.646484375 0.703125 -1.86703900161133 22.67578125 -91.93359375
48.603515625 -55.458984375 -7.55859375 0.703125 -2.2143382768474 21.97265625 -90.3515625
50.80078125 -55.37109375 -7.55859375 0.703125 -2.44377842951975 21.09375 -78.134765625
-48.603515625 61.34765625 -7.822265625 0.791015625 -3.38277201441833 22.5 -77.607421875
-45 60.205078125 -7.119140625 0.791015625 -7.39896603332824 26.103515625 -68.90625
-45 60.556640625 -7.470703125 0.791015625 -4.21962868602516 25.048828125 -69.697265625
-43.41796875 61.962890625 -6.85546875 0.791015625 -7.05089007912392 26.3671875 -63.544921875
-44.12109375 63.10546875 -7.294921875 0.791015625 -3.04285772012717 24.2578125 -61.69921875
-41.748046875 63.28125 -6.943359375 0.791015625 -5.28191122212249 25.751953125 -57.216796875
-34.892578125 54.31640625 -6.943359375 0.791015625 -1.89490355835002 29.53125 -58.53515625
-32.51953125 55.986328125 -6.591796875 0.703125 -4.74205830796107 29.970703125 -61.435546875
-33.22265625 57.65625 -6.767578125 0.703125 -1.76995973615227 28.037109375 -39.638671875
-34.189453125 60.556640625 -6.85546875 0.791015625 -0.821772656043258 25.751953125 -41.923828125
-33.486328125 61.083984375 -6.85546875 0.791015625 0.468320787370243 24.43359375 -43.154296875
-32.6953125 61.259765625 -6.85546875 0.791015625 2.21886401285081 23.115234375 -43.681640625
-27.59765625 53.4375 -6.591796875 0.791015625 2.58905122125811 26.89453125 -52.3828125
-24.9609375 55.1953125 -6.328125 0.791015625 -3.18121070636239 27.421875 -53.4375
-23.73046875 53.7890625 -6.50390625 0.791015625 -0.822702554611487 26.279296875 -48.33984375
31.728515625 -68.73046875 -8.701171875 0.791015625 -0.815217794931864 21.533203125 -113.642578125
35.859375 -68.203125 -7.998046875 0.791015625 -6.97338399227959 20.478515625 -107.40234375
38.408203125 -70.576171875 -7.822265625 5.888671875 -8.25903337186521 21.09375 -94.130859375
37.177734375 -70.576171875 -8.26171875 5.888671875 -2.33678190451031 23.37890625 -94.833984375
36.38671875 -65.21484375 -7.91015625 5.888671875 -5.17140743110094 26.3671875 -96.767578125
38.49609375 -66.4453125 -7.91015625 5.888671875 -3.29249673098883 26.54296875 -98.0859375
41.30859375 -67.67578125 -7.91015625 5.888671875 -3.17128659664128 26.015625 -96.591796875
43.154296875 -67.763671875 -7.822265625 5.888671875 -2.23384569045599 26.455078125 -86.044921875
43.76953125 -65.91796875 -7.646484375 5.888671875 -2.00346813122984 27.509765625 -89.12109375
47.4609375 -68.37890625 -7.734375 5.888671875 -1.40979919797062 26.103515625 -90.52734375
47.548828125 -66.181640625 -7.646484375 5.888671875 -0.588794635512882 27.158203125 -85.60546875
54.404296875 -67.67578125 -7.470703125 5.888671875 -5.4979334932998 24.08203125 -82.08984375
51.328125 -62.841796875 -7.294921875 5.888671875 -4.00340509366874 27.158203125 -82.705078125
54.931640625 -64.6875 -7.3828125 5.888671875 -3.517746146533 25.224609375 -83.14453125
55.37109375 -64.51171875 -7.3828125 5.888671875 -0.586549085724531 25.400390625 -70.224609375
35.15625 -76.904296875 -8.7890625 5.888671875 -0.814269031428972 20.830078125 -115.13671875
39.638671875 -76.201171875 -8.173828125 5.888671875 -6.509662389779 20.56640625 -105.46875
35.771484375 -71.982421875 -8.349609375 5.888671875 -2.93259175239079 25.400390625 -106.611328125
41.8359375 -75.5859375 -8.173828125 5.888671875 -4.67079173930381 23.115234375 -104.501953125
38.232421875 -70.400390625 -7.998046875 5.888671875 -2.83008905424582 27.7734375 -100.458984375
41.8359375 -71.806640625 -7.822265625 5.888671875 -3.17993005111976 27.24609375 -102.919921875
42.978515625 -70.751953125 -7.646484375 5.888671875 -2.95106385102423 28.212890625 -96.6796875
47.109375 -71.3671875 -7.55859375 5.888671875 -5.06282121683506 27.158203125 -93.603515625
51.416015625 -73.740234375 -7.734375 5.888671875 -4.34154640405117 25.576171875 -92.197265625
49.130859375 -68.466796875 -7.20703125 5.888671875 -4.84757816026472 28.916015625 -89.296875
59.765625 -77.87109375 -7.55859375 5.888671875 -3.84748335765966 22.236328125 -88.154296875
58.095703125 -72.59765625 -7.119140625 5.888671875 -5.74594135083414 25.3125 -83.056640625
61.171875 -74.267578125 -7.3828125 5.888671875 -4.20796897001855 23.642578125 -85.95703125
60.8203125 -72.685546875 -7.470703125 5.888671875 -1.99136094742085 24.697265625 -75.322265625
66.357421875 -73.037109375 -6.85546875 5.888671875 -6.64035390365675 21.884765625 -59.677734375
39.7265625 -82.44140625 -8.61328125 5.888671875 -2.3241318440599 20.21484375 -117.94921875
-54.404296875 71.455078125 -7.294921875 5.888671875 -1.8875592546471 27.94921875 -62.2265625
-52.822265625 71.103515625 -7.20703125 5.888671875 -0.590368450120942 28.30078125 -60.556640625
-52.3828125 72.94921875 -7.119140625 5.888671875 -0.588912427834749 27.24609375 -55.37109375
-50.361328125 72.59765625 -7.03125 5.888671875 -0.471997976171613 28.037109375 -55.986328125
-50.80078125 75.41015625 -7.03125 5.888671875 0 25.927734375 -50.09765625
-45.791015625 70.6640625 -6.6796875 5.888671875 -0.474381565162944 30.05859375 -53.0859375
-44.912109375 70.83984375 -6.591796875 5.888671875 1.06495280100822 29.1796875 -52.294921875
-43.681640625 70.576171875 -6.50390625 5.888671875 1.41868875599055 28.828125 -49.482421875
-39.0234375 66.62109375 -6.064453125 5.888671875 2.37969874472035 31.2890625 -48.8671875
-41.66015625 72.333984375 -6.416015625 5.888671875 1.88261399219673 26.806640625 -45.791015625
-39.111328125 71.630859375 -6.328125 5.888671875 1.52993625868253 26.89453125 -41.396484375
-36.03515625 70.3125 -6.240234375 5.888671875 1.17781708031463 27.24609375 -38.759765625
-35.859375 70.3125 -6.240234375 5.888671875 3.86599610546229 24.78515625 -37.44140625
-30.5859375 66.09375 -6.064453125 5.888671875 2.35796001561163 27.685546875 -34.892578125
-19.6875 10.546875 0 5.888671875 -7.27946183769013 16.34765625 -113.291015625
-16.5234375 8.349609375 0.17578125 5.888671875 -7.75079358561124 17.314453125 -122.34375
-15.46875 8.701171875 0.17578125 5.888671875 -6.945581478479 17.75390625 -120.234375
-12.392578125 8.4375 0.615234375 5.888671875 -9.85222928823084 18.896484375 -110.830078125
-9.755859375 7.646484375 0.615234375 5.888671875 -10.0915620195011 19.423828125 -100.283203125
-5.537109375 4.306640625 0.3515625 2.98828125 -7.53888297102717 19.16015625 -104.765625
10.546875 -12.83203125 0.966796875 0.966796875 -10.1844716993418 17.841796875 -112.5
11.25 -10.546875 1.23046875 0.966796875 -11.5808603565149 18.45703125 -106.611328125
13.88671875 -11.865234375 1.40625 0.966796875 -11.9218405299342 18.10546875 -115.224609375
14.326171875 -11.6015625 0.966796875 0.966796875 -9.60765225459814 17.9296875 -108.80859375
9.052734375 -11.689453125 0.52734375 0.966796875 6.49232212807493 18.80859375 -50.44921875
14.501953125 -16.69921875 0.52734375 0.966796875 5.67415296420905 17.9296875 -44.296875
17.841796875 -16.69921875 -0.17578125 0.966796875 1.50375282850334 16.962890625 -34.716796875
20.478515625 -16.69921875 0.52734375 0.966796875 -0.808924136217769 16.171875 -27.7734375
23.73046875 -16.69921875 1.142578125 0.966796875 -5.30990541827948 15.380859375 -28.388671875
-29.619140625 27.94921875 0.087890625 7.03125 -6.82512743451554 17.2265625 -105.46875
-25.83984375 23.115234375 -0.087890625 7.03125 -6.84430706288048 19.248046875 -109.16015625
-12.48046875 1.7578125 -0.439453125 6.943359375 -3.14659143874031 21.97265625 -91.494140625
-3.69140625 -4.21875 -0.263671875 1.23046875 -4.89651185106898 22.236328125 -95.09765625
10.8984375 -21.09375 -0.3515625 1.23046875 -5.80848735439258 20.126953125 -98.61328125
12.83203125 -21.26953125 -0.17578125 1.23046875 -6.2755391068059 20.390625 -97.734375
9.228515625 -13.7109375 0 1.23046875 -5.36268345173155 22.236328125 -88.76953125
9.931640625 -13.359375 -0.087890625 1.23046875 -3.84867734617958 22.412109375 -83.232421875
11.337890625 -13.359375 0 1.23046875 -3.84927882250137 22.5 -78.3984375
13.095703125 -13.7109375 0.087890625 1.23046875 -3.03192776551322 22.32421875 -74.443359375
13.18359375 -13.271484375 -0.087890625 1.23046875 -0.466404789207275 22.236328125 -71.3671875
15.29296875 -13.447265625 0.17578125 1.23046875 -0.466049163375371 21.796875 -58.447265625
15.8203125 -13.0078125 0.263671875 1.23046875 0.582299627421835 21.533203125 -56.77734375
16.69921875 -13.0078125 0.439453125 1.23046875 2.67688760134685 21.181640625 -51.943359375
18.45703125 -12.919921875 0.439453125 1.23046875 2.32477502564096 20.390625 -46.93359375
-4.658203125 -13.359375 -0.966796875 1.23046875 -1.40279646874247 23.642578125 -95.9765625
-2.900390625 -13.359375 -0.791015625 1.23046875 -0.936637663688502 24.43359375 -87.626953125
-1.669921875 -13.18359375 -0.703125 1.23046875 -0.586335798027622 25.224609375 -83.759765625
1.23046875 -13.18359375 -0.52734375 1.23046875 -1.64321923931322 25.6640625 -80.859375
2.28515625 -13.0078125 -0.3515625 1.23046875 -0.47002751319543 26.19140625 -81.650390625
5.44921875 -13.359375 -0.263671875 1.23046875 -1.64538390774621 26.279296875 -93.251953125
7.119140625 -13.271484375 -0.087890625 1.23046875 -1.88151388265685 26.54296875 -77.34375
7.822265625 -12.919921875 -0.087890625 1.23046875 -0.235331958968493 26.806640625 -73.65234375
10.1953125 -13.359375 0.087890625 1.23046875 -1.0585731447613 26.630859375 -79.98046875
10.986328125 -12.919921875 0.087890625 1.23046875 0.352859945197875 26.630859375 -65.390625
12.919921875 -13.18359375 0.17578125 1.23046875 0.5877584267996 26.3671875 -63.544921875
13.447265625 -12.919921875 0.263671875 1.23046875 2.23213963601325 26.103515625 -63.720703125
16.5234375 -13.271484375 0.263671875 1.23046875 -0.117288684060845 25.3125 -68.466796875
19.3359375 -13.359375 0.439453125 1.23046875 -2.45902140960452 24.521484375 -62.666015625
21.357421875 -13.271484375 0.52734375 1.23046875 -3.50793554409457 23.818359375 -55.810546875
21.4453125 -51.064453125 -0.87890625 1.23046875 0.115536593883887 15.99609375 -141.6796875
11.6015625 -33.134765625 -0.966796875 1.23046875 -2.33833274621616 23.73046875 -127.001953125
18.28125 -39.287109375 -0.791015625 1.23046875 -3.72863276196693 21.884765625 -113.818359375
19.423828125 -40.166015625 -0.87890625 1.23046875 -1.16710015358017 22.763671875 -105.205078125
20.7421875 -40.25390625 -0.791015625 1.23046875 -0.35052915939639 23.37890625 -107.2265625
22.5 -39.990234375 -0.615234375 1.23046875 -1.28611413931567 23.73046875 -104.853515625
23.994140625 -40.078125 -0.52734375 1.23046875 -0.701876910170138 23.994140625 -88.06640625
25.400390625 -40.25390625 -0.439453125 1.23046875 0.468239608863946 24.345703125 -88.59375
25.927734375 -36.9140625 -0.263671875 1.23046875 -1.99206584367287 24.873046875 -88.330078125
27.421875 -38.056640625 -0.263671875 1.23046875 0.585811284557422 24.78515625 -82.79296875
30.146484375 -38.056640625 -0.087890625 1.23046875 -2.22254748614833 23.994140625 -72.94921875
26.630859375 -37.705078125 0.791015625 1.23046875 9.05203179257947 26.630859375 -86.30859375
32.16796875 -37.44140625 0.087890625 1.23046875 -0.584504560671312 23.642578125 -64.951171875
31.376953125 -37.177734375 0.263671875 1.23046875 4.56552986725811 24.43359375 -77.34375
34.716796875 -37.529296875 0.087890625 1.23046875 0.699932516595793 22.5 -60.1171875
21.97265625 -52.20703125 -1.23046875 1.23046875 -0.696417920617693 19.423828125 -138.076171875
21.97265625 -50.009765625 -1.0546875 1.23046875 -0.815461123639048 21.708984375 -107.9296875
20.390625 -44.82421875 -0.87890625 1.23046875 -1.75647688082209 24.521484375 -100.283203125
26.630859375 -50.712890625 -0.791015625 1.23046875 -2.79743373031505 22.060546875 -100.8984375
27.861328125 -50.625 -0.791015625 1.23046875 -1.86733506733553 22.763671875 -104.765625
29.8828125 -51.15234375 -0.703125 1.23046875 -1.63392665741304 22.763671875 -98.4375
32.431640625 -51.85546875 -0.52734375 1.23046875 -2.68170886009405 22.236328125 -96.328125
33.310546875 -52.646484375 -0.52734375 1.23046875 -0.817103886515271 22.8515625 -89.6484375
35.419921875 -52.91015625 -0.439453125 1.23046875 -1.04973061235574 22.412109375 -87.01171875
32.6953125 -45.3515625 -0.263671875 1.23046875 -2.11190816648194 25.48828125 -82.529296875
36.650390625 -47.63671875 0 1.23046875 -4.32411079815983 23.5546875 -86.044921875
40.078125 -51.328125 -0.087890625 1.23046875 -1.16600352403162 22.236328125 -86.396484375
38.3203125 -46.318359375 -0.087890625 1.23046875 -1.87131900066143 23.90625 -84.814453125
40.693359375 -46.93359375 0.087890625 1.23046875 -1.51794999414792 23.02734375 -76.81640625
42.890625 -46.93359375 0.087890625 1.23046875 -1.63213997938772 22.1484375 -57.83203125
-42.099609375 48.603515625 -0.3515625 9.66796875 -6.81082161008553 26.015625 -57.48046875
-44.560546875 52.91015625 -0.3515625 9.66796875 -3.50273998029122 23.02734375 -61.69921875
-41.396484375 50.185546875 -0.087890625 9.66796875 -3.16601878212428 25.224609375 -60.8203125
-39.7265625 49.658203125 -0.087890625 9.66796875 -2.34698060715039 25.576171875 -60.029296875
-33.310546875 43.76953125 0.263671875 9.66796875 -2.60312481451002 29.1796875 -62.841796875
-38.84765625 50.80078125 0.17578125 9.66796875 1.75466347577146 23.994140625 -58.798828125
-36.9140625 55.107421875 0.263671875 5.361328125 -2.34275493866562 24.697265625 -58.0078125
-30.322265625 46.494140625 0.439453125 5.361328125 -2.00978323858018 28.828125 -65.7421875
-31.552734375 50.537109375 0.439453125 5.361328125 -0.705174421792576 26.279296875 -56.162109375
-31.025390625 51.50390625 0.52734375 5.361328125 0.11731006302673 25.400390625 -45.087890625
-30.41015625 52.55859375 0.52734375 5.361328125 -0.234079652852262 24.2578125 -57.919921875
-26.54296875 47.021484375 0.703125 5.361328125 0.705581327718426 26.54296875 -51.15234375
-27.7734375 52.734375 0.703125 5.361328125 -1.51994674449548 23.73046875 -44.736328125
-27.59765625 52.998046875 0.791015625 5.361328125 1.28123929554599 21.62109375 -44.296875
-25.048828125 53.0859375 0.791015625 5.361328125 -2.09844252450344 22.1484375 -17.2265625
25.400390625 -61.171875 -1.23046875 5.361328125 0 24.345703125 -98.173828125
29.443359375 -62.578125 -1.0546875 5.361328125 -3.03724595063532 23.291015625 -106.259765625
32.16796875 -65.830078125 -0.966796875 5.361328125 -0.933981311774772 22.939453125 -103.18359375
32.6953125 -65.478515625 -0.87890625 5.361328125 0.819559025155685 24.43359375 -99.140625
32.34375 -61.435546875 -0.703125 5.361328125 -0.705855738467972 26.71875 -97.822265625
37.529296875 -64.599609375 -0.615234375 5.361328125 -2.92634256950185 24.345703125 -88.154296875
39.90234375 -67.412109375 -0.615234375 5.361328125 0.585097556884124 24.169921875 -84.287109375
41.30859375 -66.796875 -0.52734375 5.361328125 0.234242399738339 24.609375 -93.1640625
44.384765625 -67.060546875 -0.439453125 5.361328125 -0.701996366049415 24.08203125 -85.95703125
44.384765625 -67.060546875 -0.263671875 5.361328125 3.3992802221004 25.048828125 -96.064453125
43.330078125 -59.23828125 -0.17578125 5.361328125 -2.47383856473548 27.333984375 -80.068359375
50.2734375 -65.302734375 -0.17578125 5.361328125 -1.87037712461541 23.642578125 -78.837890625
47.63671875 -59.326171875 -0.087890625 5.361328125 -2.23256319612453 26.19140625 -78.662109375
51.6796875 -61.875 0 5.361328125 -1.52175848137932 24.345703125 -67.5
54.4921875 -62.05078125 0 5.361328125 -2.45201536272225 23.02734375 -64.599609375
-50.537109375 62.314453125 -0.087890625 9.580078125 -3.87157286008001 25.48828125 -56.689453125
-50.537109375 61.962890625 -0.17578125 9.580078125 0.117039856949328 24.2578125 -59.853515625
-48.8671875 63.193359375 -0.087890625 9.4921875 -1.05539927853291 25.224609375 -54.755859375
-45.87890625 61.875 0.17578125 9.4921875 -3.18446372325983 27.861328125 -61.171875
-45.615234375 62.05078125 0.087890625 9.4921875 -0.470663421752313 26.806640625 -49.833984375
-45.52734375 65.21484375 0.17578125 9.4921875 -1.64383054786589 25.83984375 -46.669921875
-44.912109375 65.91796875 0.263671875 9.4921875 -0.351487260649302 24.78515625 -44.82421875
-44.12109375 66.26953125 0.263671875 9.4921875 0.468078411595422 24.169921875 -46.494140625
-42.36328125 66.533203125 0.439453125 9.4921875 -0.585502483986622 24.521484375 -40.341796875
-41.396484375 67.412109375 0.52734375 9.4921875 -0.935204134060192 23.642578125 -35.595703125
-40.693359375 69.169921875 0.615234375 9.4921875 -1.51626603343881 22.412109375 -27.59765625
-39.19921875 68.115234375 0.703125 9.4921875 0.582213385560265 21.4453125 -30.498046875
-35.771484375 67.32421875 0.791015625 9.4921875 -0.933095246892199 22.412109375 -35.15625
-33.662109375 67.32421875 0.87890625 9.4921875 -1.74844898797521 22.060546875 -13.974609375
-31.2890625 64.423828125 0.966796875 9.4921875 0.58247343475802 21.708984375 -18.80859375
34.8046875 -77.958984375 -1.142578125 9.4921875 0.350703223020372 23.642578125 -103.623046875
36.2109375 -78.046875 -1.0546875 9.4921875 0.585707861809773 24.697265625 -106.435546875
37.79296875 -77.958984375 -0.966796875 9.4921875 0.939167517655168 25.751953125 -108.80859375
39.7265625 -78.046875 -0.791015625 9.4921875 1.29330631194593 26.455078125 -107.05078125
43.06640625 -79.453125 -0.703125 9.4921875 1.64507034978527 26.19140625 -101.162109375
47.021484375 -79.716796875 -0.615234375 9.4921875 -0.469325554710335 25.48828125 -95.888671875
47.4609375 -80.068359375 -0.439453125 9.4921875 2.70566318443498 26.71875 -97.822265625
46.318359375 -73.65234375 -0.17578125 9.4921875 -1.30394008481173 29.8828125 -86.748046875
53.173828125 -77.255859375 -0.263671875 9.4921875 -3.17677909520799 26.806640625 -86.30859375
53.4375 -77.51953125 -0.17578125 9.4921875 0.707122164285249 27.509765625 -94.833984375
61.875 -81.474609375 -0.087890625 9.4921875 -3.1535341153293 23.203125 -75.322265625
55.283203125 -73.65234375 0.087890625 9.4921875 -0.709971370531838 29.1796875 -77.783203125
60.29296875 -77.51953125 0.087890625 9.4921875 0.470207112520016 26.3671875 -78.662109375
61.875 -76.81640625 0 9.4921875 0.70477311854613 26.015625 -68.37890625
61.083984375 -73.916015625 0.17578125 9.4921875 1.29585671431316 27.333984375 -73.740234375
38.232421875 -83.232421875 -1.0546875 9.4921875 -0.701639716970852 23.818359375 -113.5546875
39.111328125 -80.771484375 -0.87890625 9.4921875 -2.93640321859706 26.015625 -105.64453125
42.275390625 -81.03515625 -0.966796875 9.4921875 -3.87662688683466 26.103515625 -101.42578125
46.93359375 -84.287109375 -0.615234375 9.4921875 -3.2809080866197 24.873046875 -99.4921875
45.3515625 -79.98046875 -0.439453125 9.4921875 -3.89688950602057 28.388671875 -102.12890625
54.052734375 -87.01171875 -0.439453125 9.4921875 -2.92334938871499 23.818359375 -92.8125
48.251953125 -76.640625 0.263671875 9.4921875 -5.82358619264157 30.9375 -93.515625
56.6015625 -85.60546875 -0.263671875 9.4921875 -1.64321923931322 25.6640625 -91.23046875
57.83203125 -85.078125 -0.263671875 9.4921875 -0.940410266849327 26.3671875 -92.28515625
55.986328125 -79.62890625 0.087890625 9.4921875 -2.01378130810779 29.619140625 -85.78125
62.841796875 -84.990234375 -0.087890625 9.4921875 -1.05656188642357 25.751953125 -86.30859375
59.94140625 -79.1015625 0.17578125 9.4921875 -1.30218051940997 29.35546875 -84.990234375
65.390625 -84.287109375 0.087890625 9.4921875 1.29207443449643 26.015625 -80.244140625
68.203125 -84.0234375 0.087890625 9.4921875 -0.585707861809773 24.697265625 -75.41015625
69.345703125 -82.880859375 0.17578125 9.4921875 -0.351240804413348 24.43359375 -65.126953125
0.966796875 -19.248046875 3.076171875 9.4921875 -6.82669673069762 17.40234375 -110.478515625
14.4140625 -35.771484375 2.548828125 9.4921875 -3.14755385193738 22.1484375 -100.546875
17.578125 -39.111328125 1.142578125 9.4921875 -3.63630706009726 25.400390625 -90.791015625
26.630859375 -50.009765625 2.724609375 9.4921875 -3.51902558087318 25.400390625 -90.791015625
33.837890625 -60.99609375 2.63671875 9.4921875 -1.64083043442014 24.9609375 -92.63671875
37.705078125 -64.86328125 2.900390625 9.4921875 -0.824641319019626 27.333984375 -96.50390625
43.2421875 -69.873046875 3.1640625 9.4921875 -0.472596335415277 28.564453125 -104.853515625
55.458984375 -82.6171875 3.076171875 9.4921875 0.820134083678433 24.78515625 -87.890625
63.45703125 -88.59375 3.1640625 9.4921875 0.467918752802355 23.994140625 -95.361328125
59.765625 -82.353515625 3.076171875 9.4921875 -2.45361228425374 23.37890625 -91.318359375
48.8671875 -69.2578125 3.1640625 9.4921875 -3.42031611293094 27.861328125 -93.779296875
48.8671875 -68.90625 2.98828125 9.4921875 -3.15933351283463 24.169921875 -80.595703125
41.396484375 -59.853515625 2.98828125 9.4921875 -2.81581555921805 25.48828125 -77.958984375
35.68359375 -50.185546875 3.33984375 9.4921875 -5.86963990145506 25.83984375 -68.5546875
