-1.7578125 2.63671875 2.109375 1.58203125 1.14682077391892 -7.294921875 -70.927734375 0.87890625
-1.7578125 2.63671875 2.021484375 1.58203125 10.0870241541151 -7.55859375 -73.740234375 7.734375
-1.7578125 2.63671875 2.021484375 1.58203125 9.05784279036016 -7.822265625 -72.421875 6.943359375
-1.7578125 2.63671875 2.021484375 1.58203125 7.90659663766947 -6.416015625 -72.861328125 6.064453125
-1.7578125 2.63671875 2.021484375 1.58203125 7.10337673126534 -5.888671875 -76.46484375 5.44921875
-1.7578125 2.63671875 2.021484375 1.58203125 5.84153081934728 -4.921875 -77.783203125 4.482421875
-1.7578125 2.63671875 2.021484375 1.58203125 5.04018630465055 -5.009765625 -80.244140625 3.8671875
-1.7578125 2.63671875 2.021484375 1.58203125 4.00973094776119 -5.185546875 -79.453125 3.076171875
-1.7578125 2.63671875 2.021484375 1.58203125 2.97815749188695 -4.5703125 -79.98046875 2.28515625
-1.7578125 2.63671875 2.021484375 1.58203125 2.06180322407804 -4.482421875 -79.365234375 1.58203125
-1.7578125 2.63671875 2.021484375 1.58203125 1.03092237250148 -4.482421875 -79.541015625 0.791015625
-1.7578125 2.63671875 2.021484375 1.58203125 -0.114557592417065 -4.74609375 -80.068359375 -0.087890625
-1.7578125 2.63671875 2.021484375 1.58203125 -1.03107377196845 -4.921875 -80.15625 -0.791015625
-1.7578125 2.63671875 2.021484375 1.58203125 -2.06180322407804 -4.482421875 -81.123046875 -1.58203125
-1.7578125 2.63671875 2.021484375 1.58203125 -3.09162059018459 -3.33984375 -80.947265625 -2.373046875
-1.7578125 2.63671875 2.021484375 1.58203125 -4.12205413343362 -3.427734375 -82.44140625 -3.1640625
-1.7578125 2.63671875 2.021484375 1.58203125 -5.15193931864563 -3.1640625 -83.056640625 -3.955078125
-1.7578125 2.63671875 2.021484375 1.58203125 -6.18187105499339 -3.1640625 -82.705078125 -4.74609375
-1.7578125 2.63671875 2.021484375 1.58203125 -7.09688661812829 -2.98828125 -82.705078125 -5.44921875
-1.7578125 2.63671875 2.021484375 1.58203125 -8.01238000162001 -3.251953125 -82.705078125 -6.15234375
