   8.8154297e+01  -1.1941406e+02  -2.1269531e+01   8.3496094e+00   1.5732422e+01  -9.5009766e+01
   1.2480469e+02  -1.3989258e+02  -1.4238281e+01   4.0649414e+00  -1.4765625e+01  -1.2216797e+02
   1.2023438e+02  -1.0746094e+02   2.3554688e+01   2.4938965e+01   1.0371094e+01  -1.5829102e+02
   1.3658203e+02  -1.4507812e+02   0.0000000e+00   2.3236084e+01  -1.7578125e+01  -1.3851562e+02
   1.1540039e+02  -1.3875000e+02   1.0283203e+01  -5.7952881e+01  -8.0859375e+00  -1.0828125e+02
   9.1933594e+01  -1.3927734e+02   2.6367188e+01  -1.1535645e+00  -2.2236328e+01  -8.2705078e+01
   7.9804688e+01  -1.2117188e+02   3.7968750e+01  -1.4282227e+00  -8.8769531e+00  -1.0054688e+02
   7.2685547e+01  -1.2073242e+02  -6.1523438e+00  -1.2634277e+00  -1.5644531e+01  -7.9628906e+01
   9.5009766e+01  -1.3330078e+02   3.1376953e+01   6.0974121e+00  -1.5820312e+01  -1.0318359e+02
   1.2990234e+02  -1.4367188e+02  -4.3945312e-01   4.6691895e+00   9.4042969e+00  -1.3130859e+02
   1.2990234e+02  -1.3839844e+02   1.3798828e+01   4.6691895e+00   5.8007812e+00  -1.3130859e+02
   1.1381836e+02  -1.4024414e+02   1.8544922e+01   4.7241211e+00   5.6250000e+00  -1.0450195e+02
   1.0924805e+02  -1.3910156e+02   2.0214844e+01   7.9101562e+01   1.4501953e+01  -1.2331055e+02
   1.0924805e+02  -1.2574219e+02   2.0214844e+01   7.9046631e+01   1.4589844e+01  -1.2331055e+02
   1.0643555e+02  -1.1625000e+02   3.1816406e+01   3.8726807e+01  -7.2949219e+00  -1.3798828e+02
   1.0713867e+02  -1.0500000e+02   1.8544922e+01   2.8564453e+01  -7.2949219e+00  -1.4818359e+02
   1.0204102e+02  -1.0552734e+02  -2.0917969e+01   1.4721680e+01   4.1308594e+00  -1.5231445e+02
   1.0467773e+02  -1.0807617e+02  -9.4042969e+00   1.6259766e+01  -6.3281250e+00  -1.3552734e+02
   6.6181641e+01  -1.0473633e+02  -3.5156250e-01   1.0437012e+01  -2.1269531e+01  -1.0098633e+02
   3.1376953e+01  -6.9843750e+01   1.1074219e+01   2.7465820e+00   2.9003906e+00  -8.8857422e+01
  -2.9443359e+01   8.0097656e+01   2.9619141e+01   3.8122559e+01   1.9072266e+01  -1.9098633e+02
  -2.8300781e+01   6.7001953e+01   1.5732422e+01   2.0050049e+01   1.3974609e+01  -1.7595703e+02
  -3.9111328e+01   7.2890625e+01   2.4609375e+00   2.1478271e+01   1.5732422e+01  -1.7780273e+02
  -2.8740234e+01   6.9111328e+01   2.3818359e+01   2.4938965e+01   1.4238281e+01  -1.7437500e+02
  -3.2343750e+01   6.7353516e+01   2.9531250e+01   1.1480713e+01   1.7929688e+01  -1.6866211e+02
  -6.7236328e+01   7.8691406e+01   3.3046875e+01  -1.1920166e+01  -3.5683594e+01  -1.3130859e+02
   6.7939453e+01  -8.7861328e+01   2.2324219e+01  -9.0637207e+00  -1.5820312e+00  -1.4062500e+02
   7.9892578e+01  -8.5488281e+01   3.5595703e+01  -6.1523438e+00  -1.3183594e+00  -1.3473633e+02
   1.0204102e+02  -9.3662109e+01  -1.1250000e+01   2.7136230e+01  -3.2519531e+00  -1.5635742e+02
   7.7695312e+01  -9.3837891e+01   8.5253906e+00   2.6916504e+01  -1.5468750e+01  -1.3957031e+02
   7.4179688e+01  -1.0535156e+02   2.9794922e+01   1.4941406e+01  -2.3027344e+01  -1.1777344e+02
   7.8486328e+01  -1.0649414e+02  -1.8193359e+01   1.4392090e+01   9.8437500e+00  -1.0608398e+02
   9.0175781e+01  -1.2213867e+02   3.0849609e+01   4.8339844e+00  -3.4892578e+01  -9.6943359e+01
   7.4882812e+01  -1.1545898e+02   2.5751953e+01  -5.6579590e+01  -2.2851562e+00  -7.4355469e+01
   7.3652344e+01  -9.9814453e+01   3.3574219e+01  -1.8676758e+00  -1.2128906e+01  -1.1865234e+02
   6.7412109e+01  -9.8759766e+01  -1.7578125e+00  -2.4719238e+00  -1.3710938e+01  -1.0204102e+02
   6.2841797e+01  -9.8847656e+01   3.3925781e+01  -4.2846680e+00  -1.7138672e+01  -1.0168945e+02
   6.6533203e+01  -1.0807617e+02   8.1738281e+00  -4.3945312e+00   5.7128906e+00  -7.8925781e+01
   5.7744141e+01  -1.0157227e+02   3.0761719e+01  -8.6791992e+00  -2.7333984e+01  -8.1386719e+01
   8.6044922e+01  -1.0825195e+02   2.6542969e+01   1.5655518e+01  -2.3291016e+01  -1.2981445e+02
   4.6582031e+01  -7.9687500e+01   2.9267578e+01   1.3458252e+01  -2.5488281e+01  -1.0968750e+02
   6.3193359e+01  -9.3925781e+01  -1.5029297e+01   6.3720703e+00   5.3613281e+00  -1.2251953e+02
   6.3193359e+01  -9.3925781e+01  -1.5029297e+01   6.3720703e+00   5.3613281e+00  -1.2251953e+02
   4.9921875e+01  -8.8125000e+01   3.3486328e+01   4.8889160e+00  -1.4941406e+01  -1.0968750e+02
   9.8964844e+01  -1.2899414e+02  -2.1269531e+01   3.7902832e+00  -1.3359375e+01  -8.7802734e+01
   6.7851562e+01  -1.0623047e+02   8.3496094e+00  -6.0260010e+01   1.2919922e+01  -9.2636719e+01
   5.1855469e+01  -9.1640625e+01   3.6123047e+01   2.6971436e+01  -1.9775391e+01  -9.5976562e+01
   4.7988281e+01  -8.5927734e+01  -1.3974609e+01   1.7413330e+01  -1.4941406e+00  -1.1557617e+02
   4.6494141e+01  -6.7822266e+01   3.6386719e+01   6.8609619e+01   2.0742188e+01  -1.1346680e+02
   9.5449219e+01  -1.1739258e+02  -1.6259766e+01   8.7286377e+01   1.9599609e+01  -9.3515625e+01
   5.3964844e+01  -9.3134766e+01   3.4453125e+01  -6.0424805e-01  -2.8212891e+01  -8.3671875e+01
   5.4052734e+01  -9.3662109e+01   1.8984375e+01  -7.1411133e-01   8.7890625e-02  -7.7607422e+01
   1.5644531e+01  -5.6835938e+01  -2.0742188e+01   9.3383789e-01   2.0126953e+01  -9.4042969e+01
   4.7988281e+01  -8.5576172e+01   2.8388672e+01   6.0424805e-01  -1.4062500e+01  -9.2636719e+01
   9.4833984e+01  -1.2785156e+02   3.8144531e+01   1.8731689e+01  -2.1005859e+01  -1.1047852e+02
   4.5439453e+01  -4.2421875e+01   3.4804688e+01   1.7852783e+01   1.0107422e+01  -1.6171875e+02
   7.9628906e+01  -9.8671875e+01   2.9355469e+01   2.6916504e+01  -1.5468750e+01  -1.3262695e+02
   9.7207031e+01  -8.4785156e+01   3.4716797e+01   2.5598145e+01  -5.8007812e+00  -1.6453125e+02
   9.7119141e+01  -9.1992188e+01  -1.7314453e+01   2.2631836e+01  -9.6679688e-01  -1.5196289e+02
   9.7294922e+01  -9.9462891e+01   1.1953125e+01   2.2796631e+01  -1.3447266e+01  -1.3253906e+02
   7.6113281e+01  -9.8671875e+01   1.8632812e+01   2.1038818e+01  -2.3730469e+01  -1.2585938e+02
   6.9169922e+01  -9.7089844e+01  -1.9599609e+01   1.3568115e+01  -1.2656250e+01  -1.0713867e+02
   9.3339844e+01  -1.1132812e+02  -1.8544922e+01   1.3623047e+01  -7.6464844e+00  -1.1724609e+02
   6.7939453e+01  -1.0825195e+02   9.0527344e+00   7.0861816e+00  -1.9423828e+01  -9.4746094e+01
   6.5654297e+01  -9.4101562e+01   3.3398438e+01   1.8676758e+00  -1.7841797e+01  -8.9824219e+01
   5.0537109e+01  -9.4189453e+01   9.2285156e+00  -9.3383789e-01  -9.0527344e+00  -7.0224609e+01
   1.0441406e+02  -1.2556641e+02   2.0039062e+01  -5.6854248e+01  -1.4853516e+01  -9.6152344e+01
   6.3193359e+01  -1.0464844e+02   3.2255859e+01  -5.4272461e+01  -4.3066406e+00  -6.8115234e+01
   6.2314453e+01  -1.0579102e+02  -1.7666016e+01  -6.1633301e+01   1.0019531e+01  -7.3125000e+01
   3.7441406e+01  -5.1386719e+01  -1.9335938e+01   2.4224854e+01   2.0742188e+01  -1.2524414e+02
   1.0502930e+02  -9.0234375e+01  -2.0214844e+01   3.5266113e+01   1.9160156e+01  -1.6743164e+02
   1.0423828e+02  -9.1552734e+01   2.3730469e+00   6.9763184e+00   6.1523438e+00  -1.7578125e+02
   7.4531250e+01  -1.1000977e+02   1.7578125e+01   1.9610596e+01  -1.8720703e+01  -1.2410156e+02
   9.2724609e+01  -1.2249023e+02   3.3486328e+01   7.9650879e+00  -5.2734375e+00  -1.0916016e+02
   3.8583984e+01  -7.9599609e+01   2.8564453e+01   6.8115234e+00  -1.8544922e+01  -9.8789062e+01
   7.1103516e+01  -1.0930664e+02  -8.7890625e+00   6.3720703e+00  -2.0917969e+01  -8.9648438e+01
   6.8906250e+01  -1.1036133e+02   1.3623047e+01   7.6904297e-01  -2.1972656e+01  -8.4023438e+01
   7.6113281e+01  -1.2011719e+02  -1.5820312e+01   1.3183594e+00  -1.3183594e+00  -7.5498047e+01
   8.0332031e+01  -1.1915039e+02   1.4941406e+00   2.7465820e-01  -2.0214844e+00  -8.8154297e+01
   7.6201172e+01  -1.0833984e+02   3.4892578e+01   4.9438477e+00   1.7578125e-01  -1.0019531e+02
   4.5703125e+01  -8.6279297e+01   3.0937500e+01   3.6254883e+00  -3.8759766e+01  -9.2724609e+01
   5.1503906e+01  -9.0322266e+01   3.1113281e+01   1.9226074e+00  -2.5224609e+01  -9.3515625e+01
   5.0888672e+01  -8.2324219e+01  -2.1269531e+01  -1.2963867e+01   2.0126953e+01  -1.0669922e+02
   4.7373047e+01  -8.4257812e+01  -2.1181641e+01   4.5922852e+01   2.0126953e+01  -7.7343750e+01
   7.6201172e+01  -1.1888672e+02   2.8652344e+01  -6.8115234e+00  -4.0957031e+01  -7.5849609e+01
   5.0361328e+01  -6.4130859e+01   3.5771484e+01   2.1533203e+01   5.8007812e+00  -1.5205078e+02
   5.4580078e+01  -6.4746094e+01   1.7753906e+01   8.5913086e+01   1.9248047e+01  -1.1891602e+02
   7.3740234e+01  -1.2213867e+02   1.1337891e+01  -7.5860596e+01   2.1093750e+01  -6.6972656e+01
   7.3740234e+01  -1.2213867e+02   3.0234375e+01  -7.5860596e+01   2.1093750e+01  -6.6972656e+01
   7.2685547e+01  -1.2231445e+02   3.1816406e+01  -4.4604492e+01   1.2304688e+01  -6.6972656e+01
   1.4765625e+01  -9.0673828e+01   3.1992188e+01  -4.3835449e+01  -2.3466797e+01  -2.7158203e+01
   5.4228516e+01  -1.0253906e+02   3.5507812e+01  -1.1535645e+01  -2.1884766e+01  -7.8486328e+01
   5.6953125e+01  -8.0214844e+01   3.5156250e+01  -8.2397461e+00   2.0566406e+01  -1.3702148e+02
   7.5058594e+01  -8.0126953e+01   3.5156250e+01  -8.2397461e+00   2.0566406e+01  -1.3702148e+02
   7.1015625e+01  -9.9638672e+01  -1.4062500e+00  -2.0050049e+01  -5.7128906e+00  -1.1188477e+02
   5.0097656e+01  -9.1201172e+01   2.6103516e+01  -9.1735840e+00  -1.6435547e+01  -8.9208984e+01
   4.5351562e+01  -9.1025391e+01   3.1816406e+01  -9.1735840e+00  -4.5087891e+01  -7.2949219e+01
   4.0517578e+01  -1.0341797e+02   3.4804688e+01  -6.0424805e+00  -1.8984375e+01  -5.6513672e+01
   5.5546875e+01  -1.0359375e+02   3.4013672e+01  -3.6914062e+01   3.9550781e+00  -7.5146484e+01
   5.2031250e+01  -1.0280273e+02   3.2958984e+01  -1.5820312e+01  -2.3378906e+01  -7.6904297e+01
   8.1914062e+01  -1.2662109e+02   3.2607422e+01  -1.2634277e+01  -4.9306641e+01  -7.0400391e+01
   4.8603516e+01  -1.2011719e+02   3.3398438e+01  -1.8017578e+01  -2.0830078e+01  -3.9375000e+01
   5.6513672e+01  -1.2046875e+02   3.8144531e+01  -3.2794189e+01   1.6347656e+01  -6.0732422e+01
   2.6367188e+01  -9.4453125e+01   1.1425781e+01  -2.5103760e+01  -1.0546875e+00  -7.2246094e+01
   2.3818359e+01  -8.6718750e+01   3.0322266e+01  -4.9438477e+01   1.5996094e+01  -8.5341797e+01
   6.7675781e+01  -1.2345703e+02  -9.4921875e+00  -3.9331055e+01   8.7890625e+00  -7.3388672e+01
   1.1267578e+02  -1.3136719e+02  -1.3798828e+01   1.6479492e+00   3.6035156e+00  -1.2832031e+02
   1.1575195e+02  -8.1884766e+01  -1.5996094e+01   2.1972656e+01   1.9511719e+01  -1.9573242e+02
   1.0828125e+02  -8.1093750e+01   3.6474609e+01   5.3283691e+00   6.2402344e+00  -1.7850586e+02
   9.4042969e+01  -8.3642578e+01   3.5332031e+01   4.7515869e+01   3.6914062e+00  -1.6330078e+02
   9.1406250e+01  -1.1291016e+02   3.0849609e+01   7.6794434e+01   1.9072266e+01  -1.1416992e+02
   1.0731445e+02  -1.2591797e+02   3.0673828e+01   4.1088867e+01  -1.1074219e+01  -1.3552734e+02
   1.1197266e+02  -1.3250977e+02  -9.1406250e+00   2.5378418e+01   3.8671875e+00  -1.2585938e+02
   7.1542969e+01  -1.1211914e+02   3.1289062e+01   2.5872803e+01  -3.6650391e+01  -1.1478516e+02
   7.2158203e+01  -1.0693359e+02   3.3134766e+01   1.8182373e+01  -1.1513672e+01  -1.1416992e+02
   9.1845703e+01  -1.2380859e+02  -1.5908203e+01  -6.9213867e+00  -1.3447266e+01  -1.0555664e+02
   6.7324219e+01  -1.1352539e+02   1.4326172e+01  -6.5368652e+00  -2.4433594e+01  -8.7363281e+01
   9.0263672e+01  -1.2029297e+02  -2.0302734e+01  -1.9445801e+01  -1.6171875e+01  -1.1109375e+02
   1.0854492e+02  -1.1739258e+02  -1.6611328e+01   3.2958984e-01   8.1738281e+00  -1.5407227e+02
   1.0669922e+02  -1.0007812e+02   3.3925781e+01   1.0327148e+01  -2.0214844e+00  -1.5380859e+02
   1.1724609e+02  -8.6015625e+01   3.2783203e+01   9.1735840e+00   7.6464844e+00  -1.9432617e+02
   1.1416992e+02  -9.2958984e+01   3.2695312e+01   5.3942871e+01   8.6132812e+00  -1.7991211e+02
   1.0625977e+02  -9.6474609e+01  -1.8544922e+01   2.3730469e+01   1.0898438e+01  -1.7068359e+02
   9.5097656e+01  -1.0253906e+02  -1.9160156e+01  -1.1535645e+01   6.1523438e+00  -1.4774414e+02
   1.2515625e+02  -1.2521484e+02   2.9179688e+01   2.9937744e+01  -5.0976562e+00  -1.4563477e+02
   1.1891602e+02  -1.1721680e+02   1.6259766e+01  -3.1091309e+01   1.8281250e+01  -1.6365234e+02
   1.2946289e+02  -1.1651367e+02   9.0527344e+00   3.7902832e+00   7.1191406e+00  -1.7402344e+02
   1.6127930e+02  -1.3831055e+02   1.7226562e+01   9.9975586e+00   5.9765625e+00  -1.6927734e+02
   1.5512695e+02  -1.2881836e+02   8.7890625e-01   6.7565918e+00   7.2070312e+00  -1.6901367e+02
   1.1961914e+02  -1.3242188e+02   3.1464844e+01   3.2958984e+01  -1.1601562e+01  -1.4915039e+02
   1.2700195e+02  -1.1862305e+02   3.1464844e+01   1.2854004e+01  -3.7792969e+00  -1.4572266e+02
   1.3438477e+02  -9.2255859e+01  -2.1269531e+01   1.0876465e+01   1.2392578e+01  -1.8290039e+02
   1.2867188e+02  -7.4765625e+01   2.7421875e+01   2.2027588e+01   1.3447266e+01  -1.9564453e+02
   1.1197266e+02  -9.8408203e+01   2.4960938e+01   5.4931641e-01   1.2392578e+01  -1.6945312e+02
   1.2208008e+02  -1.1414062e+02   3.0058594e+01   9.0637207e+00  -2.7773438e+01  -1.5864258e+02
   4.9306641e+01  -2.8183594e+01   3.4804688e+01   3.4277344e+01   2.1093750e+01  -1.9072266e+02
  -5.1855469e+00  -2.5986328e+01   3.4101562e+01   2.8564453e+01   3.6914062e+00  -1.4748047e+02
   1.7578125e+01  -6.9404297e+01  -2.1093750e+00   2.7465820e-01  -2.9882812e+00  -1.1399414e+02
   2.0654297e+01  -2.9062500e+01   3.4189453e+01   2.4279785e+01   2.0830078e+01  -1.5416016e+02
   5.3789062e+01  -9.6123047e+01   3.3837891e+01  -1.2084961e+00  -2.0830078e+01  -1.0098633e+02
   1.1074219e+02  -1.3716797e+02   3.0322266e+01   4.0319824e+01  -1.6347656e+01  -1.3447266e+02
   9.3779297e+01  -1.0860352e+02   2.9882812e+01   2.7301025e+01  -1.1777344e+01  -1.3798828e+02
   6.0380859e+01  -9.4453125e+01   2.2939453e+01   1.4776611e+01  -2.3994141e+01  -1.1865234e+02
   7.9365234e+01  -9.0937500e+01   3.5771484e+01   2.4169922e+01   1.5556641e+01  -1.4677734e+02
   5.7041016e+01  -9.5859375e+01   3.0234375e+01  -4.9987793e+01  -4.7460938e+00  -9.1142578e+01
   5.8886719e+01  -1.0130859e+02   1.6259766e+01  -2.0324707e+00  -1.6171875e+01  -7.9628906e+01
   5.2822266e+01  -1.0456055e+02   3.2783203e+01  -4.3395996e+00  -1.4238281e+01  -7.4267578e+01
   5.2294922e+01  -6.4394531e+01   3.6474609e+01   3.0761719e+01   2.0917969e+01  -1.4484375e+02
   5.2294922e+01  -6.4394531e+01   1.6787109e+01   3.0761719e+01  -1.6611328e+01  -1.4475586e+02
   6.8378906e+01  -6.6591797e+01   3.1552734e+01   3.1695557e+01   1.1337891e+01  -1.6567383e+02
   5.6689453e+01  -7.2568359e+01   3.2080078e+01   3.4277344e+01   4.9218750e+00  -1.4185547e+02
   5.8886719e+01  -6.4042969e+01   3.2080078e+01   3.4277344e+01   4.9218750e+00  -1.4176758e+02
   9.7734375e+01  -1.1458008e+02   2.5136719e+01   2.2521973e+00  -5.6250000e+00  -1.2849609e+02
   7.6201172e+01  -1.2319336e+02   3.1113281e+01  -7.1411133e-01  -7.8222656e+00  -9.9931641e+01
   4.4384766e+01  -9.6738281e+01   3.7265625e+01  -4.2517090e+01   1.2480469e+01  -6.9785156e+01
   9.4482422e+01  -1.0842773e+02   3.6298828e+01  -2.4389648e+01  -1.6699219e+00  -1.1838867e+02
   6.6533203e+01  -1.0684570e+02   3.1289062e+01  -1.2414551e+01  -2.2939453e+01  -7.9101562e+01
   8.2265625e+01  -1.2459961e+02  -1.6259766e+01  -1.2963867e+01   1.0107422e+01  -6.2490234e+01
   6.0029297e+01  -1.1704102e+02   6.7675781e+00  -1.9390869e+01  -5.2734375e+00  -6.5654297e+01
   9.1845703e+01  -1.1853516e+02   2.9707031e+01  -5.0152588e+01   8.7011719e+00  -1.0037109e+02
   1.8017578e+01  -2.3261719e+01   3.6650391e+01  -2.0874023e+00   2.0917969e+01  -1.6479492e+02
   7.9453125e+01  -1.0526367e+02   3.3222656e+01   2.2521973e+00  -1.4941406e+01  -1.1522461e+02
   9.6591797e+01  -9.1816406e+01   3.3486328e+01   3.8452148e+01   1.5029297e+01  -1.6066406e+02
   9.2373047e+01  -7.4501953e+01   2.9707031e+01   6.0424805e+00   1.1162109e+01  -1.6347656e+02
   5.8183594e+01  -7.2568359e+01   2.9091797e+01   1.0601807e+01  -2.2148438e+01  -1.2120117e+02
   1.0916016e+02  -1.2468750e+02   2.9794922e+01   7.8552246e+00   8.7011719e+00  -1.4422852e+02
   1.2594727e+02  -1.2134766e+02  -1.7402344e+01   1.4721680e+01   1.5732422e+01  -1.5574219e+02
   9.4482422e+01  -6.6503906e+01  -2.0302734e+01   2.3895264e+01   2.0830078e+01  -1.8826172e+02
   9.6679688e+01  -7.4501953e+01   1.5380859e+01   3.5156250e+01   9.3164062e+00  -1.7490234e+02
   1.0713867e+02  -1.2222656e+02   3.0673828e+01  -4.2901611e+01  -1.3359375e+01  -1.2445312e+02
   6.7500000e+01  -1.1370117e+02   3.1376953e+01  -3.7628174e+01  -9.3164062e+00  -7.8046875e+01
   1.0520508e+02  -1.3672852e+02   3.2607422e+01  -3.0212402e+01  -1.5029297e+01  -8.4023438e+01
   1.1012695e+02  -1.2468750e+02   3.3310547e+01  -2.5048828e+01  -7.9980469e+00  -1.1443359e+02
   6.5742188e+01  -1.0790039e+02   3.0146484e+01   6.9213867e+00  -1.0195312e+01  -1.0538086e+02
   8.3935547e+01  -1.1466797e+02   3.7705078e+01   1.6479492e+01  -7.9101562e-01  -1.1258789e+02
   4.9218750e+01  -9.3662109e+01   3.7792969e+01  -1.0986328e-01   4.7460938e+00  -9.0703125e+01
   1.0415039e+02  -1.4709961e+02   3.9902344e+01   3.2958984e-01   1.0546875e+00  -8.7802734e+01
  -3.7968750e+01   7.7988281e+01   3.6298828e+01   3.1860352e+00   6.4160156e+00  -1.6268555e+02
  -4.1484375e+01   7.4824219e+01   3.6738281e+01   1.0162354e+01   2.0742188e+01  -1.6435547e+02
   8.5517578e+01  -1.2345703e+02   2.1621094e+01   1.3073730e+01  -5.1855469e+01  -1.0511719e+02
   9.1669922e+01  -1.0886719e+02   3.3925781e+01   2.1972656e+00   8.3496094e+00  -1.2665039e+02
   6.2226562e+01  -1.2644531e+02   3.6298828e+01  -4.4494629e+00  -1.4941406e+00  -1.0722656e+01
   9.0000000e+01  -7.8632812e+01   3.2783203e+01  -3.8452148e-01   1.2919922e+01  -1.5908203e+02
   1.1206055e+02  -1.3207031e+02  -5.2734375e+00   1.5820312e+01  -3.2431641e+01  -6.3808594e+01
   1.0757812e+02  -1.3171875e+02   1.3974609e+01   7.1960449e+00  -3.4804688e+01  -1.0019531e+02
   8.3144531e+01  -7.7841797e+01   3.2958984e+01   1.0766602e+01   2.0742188e+01  -1.8079102e+02
   6.8378906e+01  -8.4960938e+01   3.0585938e+01   2.3345947e+01   0.0000000e+00  -1.5002930e+02
   5.2470703e+01  -9.4101562e+01   3.1816406e+01   7.8002930e+01   8.6132812e+00  -1.2963867e+02
   5.8447266e+01  -9.3222656e+01   3.2431641e+01   1.7028809e+01   2.0214844e+00  -1.1865234e+02
   4.7988281e+01  -8.8125000e+01   3.2607422e+01   1.2854004e+01   7.9101562e+00  -6.1611328e+01
   9.8525391e+01  -1.1405273e+02  -1.4853516e+01   1.9171143e+01  -1.7402344e+01  -1.3236328e+02
   8.2177734e+01  -1.1422852e+02   5.1855469e+00   1.9116211e+01  -2.1005859e+01  -1.2076172e+02
   6.6708984e+01  -1.1053711e+02   3.1113281e+01   1.9775391e+01  -2.0830078e+01  -8.6835938e+01
   6.3105469e+01  -9.4365234e+01   3.1728516e+01   8.0200195e+00  -1.3710938e+01  -8.9560547e+01
   5.7128906e+01  -8.8652344e+01   3.2783203e+01   1.9610596e+01   1.0195312e+01  -1.2603516e+02
   4.9482422e+01  -8.9619141e+01   2.3994141e+01   6.5972900e+01  -3.4892578e+01  -1.2946289e+02
   1.1917969e+02  -8.6103516e+01   3.1376953e+01   1.0931396e+01   2.0214844e+01  -1.7349609e+02
   1.1698242e+02  -9.2519531e+01  -2.0039062e+01   8.0749512e+00  -2.2851562e+00  -2.0302734e+02
   1.3420898e+02  -8.7597656e+01  -2.0039062e+01   8.0749512e+00  -2.2851562e+00  -2.0302734e+02
   1.1311523e+02  -1.1299805e+02   1.0283203e+01   3.0816650e+01  -6.1523438e-01  -1.5890625e+02
