   4.3593750e+01  -1.0579102e+02  -9.3164062e+00  -4.3945312e-01   5.1855469e+00  -7.8398438e+01
   7.9804688e+01  -1.1414062e+02  -1.3710938e+01   2.7465820e-01   8.4375000e+00  -1.0652344e+02
   5.2734375e+01  -1.0368164e+02   1.5205078e+01   8.2397461e-01  -1.4941406e+00  -8.9208984e+01
   9.7822266e+01  -1.4050781e+02  -2.0830078e+01   4.4494629e+00   2.1093750e+00  -1.0177734e+02
   6.3896484e+01  -8.6894531e+01  -1.7314453e+01   5.4931641e-02  -8.9648438e+00  -1.2084961e+02
   3.5156250e+00  -5.2792969e+01  -1.7402344e+01   8.2397461e-01  -2.0214844e+01  -8.4550781e+01
   1.9072266e+01  -6.9843750e+01  -1.9335938e+01  -1.2084961e+00   1.2832031e+01  -1.0344727e+02
   2.2412109e+01  -7.4414062e+01  -1.6962891e+01   4.2846680e+00   4.2187500e+00  -6.9960938e+01
   7.0927734e+01  -1.0754883e+02  -2.0566406e+01   3.1311035e+00   8.7011719e+00  -1.2550781e+02
   6.5214844e+01  -1.0429688e+02   3.2958984e+01   3.2958984e+00  -1.4062500e+00  -1.1109375e+02
  -1.2216797e+01  -1.9130859e+01   2.7861328e+01   4.3395996e+00  -3.0761719e+00  -1.0168945e+02
  -2.9794922e+01  -2.0976562e+01   3.1201172e+01   4.8339844e+00  -7.3828125e+00  -6.1083984e+01
  -1.6523438e+01  -4.6025391e+01  -1.9335938e+01   4.2846680e+00   8.7890625e-01  -7.2773438e+01
   5.8271484e+01  -1.0702148e+02   1.0019531e+01   4.6142578e+00  -2.1972656e+00  -9.6767578e+01
   1.1267578e+02  -1.3716797e+02  -5.9765625e+00   6.5917969e+00   4.1308594e+00  -1.1355469e+02
   7.2333984e+01  -1.3778320e+02  -3.9550781e+00   6.7565918e+00  -1.0107422e+01  -6.4423828e+01
   5.1767578e+01  -1.1633789e+02   3.1025391e+01  -3.7902832e+00  -1.6699219e+01  -7.7607422e+01
   7.4794922e+01  -1.2653320e+02  -2.0830078e+01   3.9550781e+00   2.0742188e+01  -8.9296875e+01
   1.2199219e+02  -1.2451172e+02   6.9433594e+00  -1.0986328e+00   2.0917969e+01  -1.4686523e+02
   5.3701172e+01  -1.3734375e+02  -3.5156250e+00  -5.4931641e-02   7.9980469e+00  -2.7158203e+01
   2.7246094e+01  -1.1572266e+02   1.4238281e+01   2.0874023e+00   4.1308594e+00  -4.0693359e+01
   5.3525391e+01  -1.1581055e+02  -2.1181641e+01  -2.0874023e+00  -1.8105469e+01  -7.2773438e+01
   8.7099609e+01  -1.1211914e+02   2.4521484e+01   5.4931641e-01  -6.0644531e+00  -1.2375000e+02
   4.2275391e+01  -8.3291016e+01   2.8125000e+01   8.7890625e-01  -7.2949219e+00  -1.0081055e+02
  -1.2304688e+00  -1.1132812e+01   2.2236328e+01   3.1311035e+00  -8.1738281e+00  -1.3192383e+02
   2.0654297e+01  -3.6796875e+01  -1.4941406e+01   5.7128906e+00   1.8457031e+00  -1.3086914e+02
   1.4414062e+01  -4.9101562e+01   1.7314453e+01   5.3283691e+00  -5.5371094e+00  -1.2137695e+02
  -1.3974609e+01  -1.8955078e+01   3.2695312e+01   8.6791992e+00  -9.1406250e+00  -1.1592773e+02
   8.0771484e+01  -7.5644531e+01   1.1777344e+01   8.7890625e+00   5.5371094e+00  -1.4616211e+02
   9.4394531e+01  -1.1431641e+02   8.1738281e+00   9.3933105e+00   3.2519531e+00  -1.2445312e+02
   6.7587891e+01  -8.2763672e+01   2.6367188e+01   8.3496094e+00   5.8886719e+00  -1.1583984e+02
   7.0312500e+01  -1.2644531e+02   3.3837891e+01   9.2285156e+00  -2.8125000e+00  -7.4355469e+01
  -6.8554688e+00  -5.6572266e+01   3.3398438e+01   4.9438477e+00   6.2402344e+00  -6.1962891e+01
   3.6914062e+00  -5.8417969e+01  -2.1269531e+01   1.8127441e+00   2.7246094e+00  -7.2246094e+01
   4.7109375e+01  -8.3906250e+01  -1.1250000e+01   9.3383789e-01  -8.7011719e+00  -9.3251953e+01
   4.5000000e+01  -8.3642578e+01   3.0058594e+01   1.8676758e+00  -1.7929688e+01  -9.1494141e+01
   4.5000000e+01  -8.0390625e+01   2.9619141e+01  -3.8397217e+01  -6.5917969e+00  -9.6152344e+01
   4.5000000e+01  -8.0390625e+01   2.9794922e+01   7.0806885e+01  -1.6962891e+01  -1.2708984e+02
  -1.1513672e+01  -3.2138672e+01   3.4628906e+01  -2.4060059e+01   2.0917969e+01  -7.6552734e+01
   2.6279297e+01  -3.3632812e+01   3.2255859e+01  -1.7083740e+01  -4.3945312e+00  -1.2208008e+02
   4.9482422e+01  -6.0000000e+01  -2.1093750e+01  -1.6534424e+01  -5.2734375e+00  -1.2436523e+02
   8.4550781e+01  -9.0322266e+01  -3.1640625e+00  -4.5593262e+00   2.0917969e+01  -1.0678711e+02
   9.7207031e+01  -8.3378906e+01   6.2402344e+00  -6.4819336e+00  -6.6796875e+00  -1.2498047e+02
   9.1142578e+01  -6.3691406e+01  -7.0312500e+00  -2.5433350e+01   1.2656250e+01  -1.4818359e+02
   1.1786133e+02  -1.2266602e+02   1.0019531e+01  -1.3073730e+01   2.0390625e+01  -1.1179688e+02
   9.0878906e+01  -1.1958984e+02  -1.8281250e+01  -1.2854004e+01   6.4160156e+00  -1.1610352e+02
   8.4199219e+01  -6.3779297e+01  -1.5908203e+01  -1.0107422e+01  -6.8554688e+00  -1.2928711e+02
   2.7333984e+01  -3.6621094e+00  -4.9218750e+00  -1.1151123e+01  -1.3359375e+01  -1.4159180e+02
   9.1406250e+00  -6.9140625e+00  -3.5156250e+00  -1.0052490e+01  -1.7578125e+01  -1.3640625e+02
   6.4160156e+00  -6.1230469e+00   3.1113281e+01  -7.5805664e+00  -9.5800781e+00  -1.3570312e+02
  -4.5703125e+00  -9.4628906e+00   3.3925781e+01  -7.1411133e+00  -9.8437500e+00  -1.2506836e+02
  -2.3642578e+01  -7.0898438e+00   3.3574219e+01  -6.4819336e+00  -1.2744141e+01  -9.3691406e+01
  -2.7070312e+01  -2.1064453e+01   2.3818359e+01  -5.8776855e+00  -1.0195312e+01  -7.6552734e+01
  -3.7705078e+01  -3.8818359e+01   3.1376953e+01  -2.5817871e+00  -2.5312500e+01  -2.1533203e+01
  -8.7011719e+00  -8.9531250e+01  -1.1162109e+01  -5.4931641e-01  -4.8339844e+00  -1.1250000e+01
   3.7265625e+01  -1.1827148e+02  -6.4160156e+00  -5.2734375e+00   1.4941406e+00  -6.4423828e+01
   8.4814453e+01  -1.3048828e+02  -3.4277344e+00  -5.1635742e+00   3.1640625e+00  -8.0244141e+01
   1.0019531e+02  -1.2583008e+02   1.4765625e+01  -3.1860352e+00   5.2734375e+00  -7.6552734e+01
   5.0537109e+01  -9.5947266e+01   1.9775391e+01  -5.2734375e+00  -7.8222656e+00  -7.8134766e+01
   9.5712891e+01  -1.0658203e+02  -9.6679688e-01   2.9663086e+00   9.6679688e+00  -1.2972656e+02
   3.0585938e+01  -5.3671875e+01   1.4853516e+01   3.1311035e+00   1.1689453e+01  -1.2049805e+02
   1.5908203e+01  -5.7099609e+01   8.7890625e-02   9.0087891e+00  -3.0761719e+00  -9.7822266e+01
   9.5185547e+01  -1.2996094e+02   1.9335938e+00   1.1535645e+01   2.9882812e+00  -8.9560547e+01
   7.5849609e+01  -1.0623047e+02   3.1816406e+01   8.8439941e+00  -7.1191406e+00  -1.1179688e+02
   5.4843750e+01  -8.8125000e+01  -4.5703125e+00   6.2072754e+00  -6.6796875e+00  -1.0573242e+02
   5.1416016e+01  -9.7353516e+01  -1.4238281e+01   1.0766602e+01   3.3398438e+00  -9.5800781e+01
   3.7792969e+01  -7.4589844e+01   3.1464844e+01   1.1096191e+01  -1.1689453e+01  -1.1935547e+02
   6.0117188e+01  -7.0546875e+01   1.3974609e+01   1.3128662e+01  -9.2285156e+00  -1.2199219e+02
   6.7500000e+01  -7.7314453e+01   1.6875000e+01   5.9326172e+00   1.3183594e+01  -1.3139648e+02
   8.2705078e+01  -8.9882812e+01   2.3906250e+01  -4.2297363e+00   2.0917969e+01  -1.3078125e+02
   6.9257812e+01  -6.0439453e+01  -3.6035156e+00  -1.1645508e+01   1.7050781e+01  -1.6224609e+02
   4.5703125e+01  -6.2548828e+01   3.0498047e+01  -7.5805664e+00   1.7314453e+01  -1.3631836e+02
   6.2226562e+01  -7.1074219e+01  -2.0478516e+01  -1.2139893e+01   2.0917969e+01  -1.4906250e+02
   7.0576172e+01  -7.3535156e+01  -1.9863281e+01  -9.6130371e+00   2.0917969e+01  -1.0019531e+02
   8.3583984e+01  -9.1728516e+01  -3.3398438e+00  -8.4045410e+00   1.8720703e+01  -1.2761719e+02
   8.8066406e+01  -9.2431641e+01   3.3310547e+01  -6.7016602e+00   1.7050781e+01  -1.3807617e+02
   6.7587891e+01  -9.0058594e+01   7.9980469e+00  -4.7241211e+00   1.9335938e+01  -1.3007812e+02
   6.1083984e+01  -8.9355469e+01  -2.0830078e+01   4.8339844e+00   6.3281250e+00  -1.1504883e+02
   8.0156250e+01  -7.4238281e+01  -1.9160156e+01   5.4931641e-02   1.5205078e+01  -1.5873047e+02
   6.9697266e+01  -1.1967773e+02  -2.0917969e+01   8.1298828e+00   1.0634766e+01  -9.1582031e+01
   1.3974609e+01  -6.8085938e+01   1.8457031e+00   7.6354980e+00  -8.7890625e-01  -8.3847656e+01
   1.9951172e+01  -7.1162109e+01  -2.1269531e+01   7.8552246e+00   9.3164062e+00  -8.5166016e+01
   7.9980469e+01  -1.1431641e+02   1.3886719e+01   5.6030273e+00   1.1601562e+01  -1.0625977e+02
   6.4423828e+01  -8.8212891e+01   2.9619141e+01  -1.3183594e+00   5.5371094e+00  -1.2700195e+02
   1.1689453e+01  -2.7656250e+01  -1.6259766e+01   1.8676758e+00   6.9433594e+00  -1.3675781e+02
  -1.7314453e+01  -8.3203125e+00  -1.7490234e+01   1.9226074e+00   2.6367188e-01  -1.1513672e+02
  -8.7890625e-02  -5.6220703e+01  -2.1269531e+01   3.0212402e+00   3.4277344e+00  -6.8642578e+01
  -1.8896484e+01  -2.5810547e+01  -1.6347656e+01  -3.2958984e-01  -2.4873047e+01  -7.3652344e+01
  -1.7314453e+01  -2.6865234e+01   1.5820312e+01  -6.0424805e-01  -3.4277344e+01  -8.1210938e+01
   3.5947266e+01  -8.7421875e+01   4.3066406e+00   4.3945312e-01   6.4160156e+00  -8.1474609e+01
   8.2968750e+01  -1.1528320e+02   2.1533203e+01   6.0424805e-01   7.4707031e+00  -1.1118164e+02
   8.7714844e+01  -9.3134766e+01   5.0097656e+00   2.0324707e+00   1.6611328e+01  -1.4554688e+02
   6.9960938e+01  -9.5771484e+01  -1.4238281e+01   2.3071289e+00   1.1425781e+00  -1.1311523e+02
   3.8144531e+01  -7.8457031e+01  -1.4941406e+01   3.0761719e+00   1.4501953e+01  -9.2197266e+01
   9.0703125e+01  -1.1080078e+02  -5.3613281e+00   2.9663086e+00   1.7050781e+01  -1.2269531e+02
   9.8701172e+01  -9.5683594e+01  -6.1523438e-01   1.0986328e+00   1.4501953e+01  -1.5284180e+02
   6.3193359e+01  -7.4150391e+01  -2.1181641e+01   6.0424805e-01   1.3535156e+01  -1.3315430e+02
   6.0205078e+01  -8.1269531e+01   1.3095703e+01   1.6479492e+00   1.0546875e+00  -1.1671875e+02
   4.7285156e+01  -8.3203125e+01  -7.1191406e+00   1.9226074e+00   2.0742188e+01  -1.1302734e+02
   2.3291016e+01  -6.4921875e+01   8.5253906e+00   2.2521973e+00   7.9101562e+00  -1.0274414e+02
   4.9746094e+01  -1.0491211e+02   5.6250000e+00   5.1086426e+00   1.4238281e+01  -8.2705078e+01
   6.4511719e+01  -1.0473633e+02   3.1025391e+01   5.2734375e+00   2.0742188e+01  -8.5605469e+01
   8.5869141e+01  -9.7353516e+01  -3.5156250e-01   3.2958984e-01   2.0917969e+01  -1.2656250e+02
   6.3017578e+01  -8.8740234e+01  -2.1269531e+01  -9.8876953e-01   1.5380859e+01  -1.1988281e+02
   4.9306641e+01  -8.1357422e+01   2.4433594e+01   3.3508301e+00   1.4062500e+00  -1.0529297e+02
   1.4677734e+01  -6.6679688e+01   1.6435547e+01   5.9326172e+00  -1.0019531e+01  -8.5078125e+01
   2.3730469e+01  -7.3183594e+01  -2.0830078e+01   6.9763184e+00  -2.7246094e+00  -8.4023438e+01
   7.1630859e+01  -1.0746094e+02  -1.8896484e+01  -1.7797852e+01   4.7460938e+00  -1.2216797e+02
   2.6367188e-01  -3.8818359e+01  -2.1181641e+01  -8.0749512e+00   5.8886719e+00  -9.4130859e+01
   7.0312500e+01  -1.1106445e+02  -2.1357422e+01  -3.3508301e+00   1.0546875e+00  -9.3955078e+01
   9.2548828e+01  -1.0500000e+02   1.6435547e+01  -2.4719238e+00  -2.2851562e+00  -1.3086914e+02
   1.5380859e+01  -3.7851562e+01  -1.5908203e+01   6.5917969e-01   8.4375000e+00  -1.2454102e+02
   2.7861328e+01  -6.3339844e+01  -2.1093750e+01   5.0537109e+00  -9.5800781e+00  -1.0151367e+02
   2.5664062e+01  -7.0546875e+01  -9.8437500e+00   8.2397461e+00  -1.0546875e+00  -9.3515625e+01
   3.0937500e+01  -6.8701172e+01  -2.1005859e+01   9.6679688e+00  -6.5917969e+00  -1.1170898e+02
   1.7929688e+01  -6.7558594e+01  -1.5556641e+01   4.2297363e+00   7.4707031e+00  -7.8398438e+01
  -3.6914062e+00  -5.7451172e+01   1.0898438e+01   2.7465820e+00  -7.9980469e+00  -7.7958984e+01
   1.5820312e+00  -5.8505859e+01  -1.1777344e+01   5.3833008e+00  -1.3535156e+01  -7.1630859e+01
   5.5898438e+01  -1.0658203e+02  -1.7314453e+01   4.8889160e+00   5.3613281e+00  -8.8330078e+01
   8.8681641e+01  -1.0605469e+02  -1.3886719e+01   6.4819336e+00  -1.4941406e+00  -1.2208008e+02
   7.4970703e+01  -9.3662109e+01   1.7666016e+01   4.5593262e+00  -9.6679688e+00  -1.1610352e+02
   8.3496094e+00  -4.7607422e+01   1.1425781e+00   4.8339844e+00  -6.6796875e+00  -9.1494141e+01
   5.9062500e+01  -9.9990234e+01  -1.7490234e+01   5.7678223e+00   9.3164062e+00  -9.5449219e+01
   6.3193359e+01  -9.9199219e+01   1.8017578e+01   5.7678223e+00  -6.1523438e-01  -1.1627930e+02
   1.4150391e+01  -3.4599609e+01   2.9882812e+00  -9.0637207e+00  -1.4062500e+01  -1.3684570e+02
   1.4414062e+01  -3.4863281e+01   6.8554688e+00   3.4057617e+00   2.0742188e+01  -1.0239258e+02
   3.4277344e+00  -3.3369141e+01   3.6035156e+00   1.0766602e+01  -1.6523438e+01  -1.0669922e+02
   2.8564453e+01  -5.4023438e+01  -1.6435547e+01   1.7907715e+01  -8.9648438e+00  -1.2647461e+02
   3.8847656e+01  -4.2509766e+01   3.6914062e+00   1.1755371e+01  -8.7890625e-02  -1.6259766e+02
   5.9589844e+01  -7.9863281e+01   1.1425781e+01   7.0861816e+00   7.3828125e+00  -1.4405273e+02
  -1.7578125e+01   3.3691406e+00   2.3994141e+01   1.0986328e+01  -1.7666016e+01  -1.2278320e+02
   1.8896484e+01  -4.6816406e+01  -8.0859375e+00   1.7468262e+01   4.3945312e-01  -1.1601562e+02
   5.2734375e+01  -8.5312500e+01   1.3710938e+01   1.2359619e+01  -4.0429688e+00  -1.0722656e+02
   6.5302734e+01  -7.4853516e+01   3.1552734e+01   9.8876953e+00   2.0126953e+01  -1.4985352e+02
   7.3300781e+01  -5.9912109e+01  -1.3183594e+00   4.3945312e-01   1.0722656e+01  -1.6848633e+02
   7.3300781e+01  -9.1904297e+01   2.0039062e+01   5.0866699e+01   1.2568359e+01  -1.4660156e+02
   5.2207031e+01  -9.3398438e+01  -1.3710938e+01  -2.9663086e+01   1.7226562e+01  -8.6572266e+01
   8.8330078e+01  -1.1607422e+02   1.3886719e+01  -2.8179932e+01   1.1250000e+01  -1.0828125e+02
   8.9121094e+01  -1.1607422e+02   3.1640625e+01  -1.2249756e+01   2.4609375e+00  -8.3408203e+01
   6.3984375e+01  -1.0798828e+02   3.0410156e+01  -1.1151123e+01   2.7246094e+00  -7.2333984e+01
   2.9003906e+01  -6.4746094e+01   7.4707031e+00  -9.3933105e+00   2.4609375e+00  -9.9755859e+01
   2.5839844e+01  -6.6064453e+01   4.9218750e+00   2.6312256e+01  -6.5917969e+00  -9.2724609e+01
   3.1289062e+01  -6.4833984e+01  -2.0830078e+01   9.3383789e+00  -4.3945312e-01  -1.2533203e+02
   7.5234375e+01  -9.1552734e+01  -1.1689453e+01   1.0327148e+01   1.3447266e+01  -1.4554688e+02
   7.1191406e+01  -8.1708984e+01   2.7333984e+01   9.3933105e+00   1.0195312e+01  -1.5477539e+02
   6.3105469e+01  -8.0126953e+01  -1.2480469e+01   1.2030029e+01   1.1074219e+01  -1.4756836e+02
   2.7685547e+01  -6.4746094e+01  -1.9775391e+01  -2.5543213e+01   1.5117188e+01  -1.0836914e+02
   3.6562500e+01  -7.5205078e+01  -1.6875000e+01  -1.6479492e+00   1.7929688e+01  -9.7470703e+01
   3.7089844e+01  -7.4765625e+01   1.6083984e+01   3.2409668e+00  -3.6035156e+00  -9.9843750e+01
   5.2646484e+01  -9.5068359e+01  -6.3281250e+00   2.1643066e+01  -4.3945312e+00  -1.1469727e+02
   6.6005859e+01  -7.9599609e+01   5.8886719e+00   1.5380859e+00   1.0371094e+01  -1.5486328e+02
   6.5302734e+01  -7.3798828e+01   3.1201172e+01   3.5705566e+00  -2.4609375e+00  -1.3851562e+02
   4.3593750e+01  -7.9775391e+01   2.0302734e+01   5.1086426e+00  -9.4042969e+00  -9.6679688e+01
   3.4013672e+01  -9.0761719e+01  -2.1093750e+01   5.8227539e+00  -7.8222656e+00  -7.8222656e+01
   9.5185547e+01  -1.2521484e+02  -1.5468750e+01   1.1151123e+01   1.5556641e+01  -1.1144531e+02
   7.4531250e+01  -1.0253906e+02   1.7578125e+01   7.3608398e+00   2.3730469e+00  -1.0441406e+02
   1.3974609e+01  -4.2861328e+01   5.9765625e+00   8.0200195e+00  -2.2851562e+00  -1.1953125e+02
   8.7890625e+00  -2.9589844e+01   3.1376953e+01   2.4609375e+01   2.6367188e-01  -1.3403320e+02
   4.5703125e+01  -4.9277344e+01  -2.6367188e+00   3.1365967e+01   2.1005859e+01  -1.5073242e+02
   2.8125000e+01  -7.0195312e+01   9.0527344e+00  -9.9426270e+00   1.0722656e+01  -1.1126953e+02
   6.2490234e+01  -7.4765625e+01   1.0546875e+00  -8.7890625e-01   5.8007812e+00  -1.4800781e+02
   3.3222656e+01  -5.9824219e+01   3.3398438e+00  -2.8509521e+01   5.3613281e+00  -1.2788086e+02
   3.5244141e+01  -5.4550781e+01  -2.1269531e+01  -2.8289795e+01   5.9765625e+00  -1.3394531e+02
   2.7949219e+01  -5.3583984e+01  -3.4277344e+00  -7.3059082e+00   7.2949219e+00  -9.7734375e+01
  -1.0283203e+01  -1.7109375e+01   3.0761719e+00  -6.5368652e+00  -9.7558594e+00  -1.0151367e+02
  -8.7011719e+00  -1.8867188e+01   3.1640625e+01  -5.6579590e+00  -8.6132812e+00  -1.0388672e+02
   4.8339844e+01  -9.0849609e+01  -6.5039062e+00   6.4270020e+00  -8.0859375e+00  -1.1636719e+02
   8.7890625e+01  -1.0201172e+02  -6.8554688e+00   6.6467285e+00   1.0810547e+01  -1.5134766e+02
   8.1123047e+01  -8.0039062e+01   1.5292969e+01   5.6579590e+00   1.0722656e+01  -1.4343750e+02
   6.7939453e+01  -4.8750000e+01  -1.9599609e+01   2.9663086e+00   1.1162109e+01  -1.7314453e+02
   9.4921875e+00  -1.1220703e+01  -5.1855469e+00   7.6904297e-01   4.0429688e+00  -1.5539062e+02
   5.0976562e+00  -4.9716797e+01  -1.9072266e+01   1.0986328e+00  -4.6582031e+00  -8.6308594e+01
   4.5878906e+01  -6.3779297e+01   2.8125000e+00   6.0424805e-01   8.3496094e+00  -1.4211914e+02
  -7.0312500e+00  -2.5195312e+00   5.1855469e+00   2.4719238e+00   4.8339844e+00  -1.3403320e+02
   3.4541016e+01  -4.9980469e+01   2.6718750e+01   4.9438477e+00   1.4062500e+00  -1.4176758e+02
  -1.9951172e+01   1.1718750e-01   2.2939453e+01   1.1920166e+01  -9.4921875e+00  -1.2128906e+02
   5.7128906e+01  -6.7822266e+01  -7.2949219e+00   4.3395996e+00   1.3183594e+01  -1.5512695e+02
   6.0556641e+01  -8.9091797e+01  -1.8632812e+01   1.1700439e+01   1.1250000e+01  -1.2084961e+02
  -2.1708984e+01  -1.2011719e+01  -2.0039062e+01   1.5930176e+01  -1.1425781e+00  -1.1214844e+02
   7.9277344e+01  -1.0429688e+02   1.0986328e+01   2.5708008e+01  -3.7792969e+00  -1.3737305e+02
   4.9833984e+01  -5.6748047e+01  -1.6611328e+01   3.8452148e-01   8.1738281e+00  -1.6488281e+02
   1.1425781e+01  -6.7382812e+00   2.3730469e+01   1.6479492e+00   3.5156250e+00  -1.6330078e+02
  -1.3447266e+01  -5.9472656e+00   1.5029297e+01   4.2297363e+00  -7.0312500e+00  -1.2884766e+02
   6.8554688e+00  -3.8115234e+01  -1.1601562e+01   1.5875244e+01   4.3945312e+00  -1.0819336e+02
   4.6494141e+01  -9.9550781e+01  -1.0195312e+01   2.2137451e+01  -5.3613281e+00  -9.3164062e+01
   7.7255859e+01  -8.6542969e+01   1.1337891e+01   1.1041260e+01   1.3886719e+01  -1.3614258e+02
   2.0126953e+01  -4.6816406e+01   2.2851562e+01  -2.3620605e+01  -6.2402344e+00  -9.6855469e+01
   2.8125000e+01  -4.4619141e+01  -1.8984375e+01  -3.7133789e+01  -8.0859375e+00  -1.0854492e+02
   3.4804688e+01  -6.8613281e+01   6.0644531e+00  -2.9608154e+01   1.7402344e+01  -6.0205078e+01
   5.2822266e+01  -8.3642578e+01   1.7402344e+01   4.4879150e+01   2.0830078e+01  -8.3496094e+01
   5.2734375e+01  -8.8916016e+01   8.1738281e+00   6.4270020e+00   1.9248047e+01  -1.2788086e+02
   5.6689453e+01  -8.5664062e+01  -1.9599609e+01   1.0107422e+01   1.2480469e+01  -1.1847656e+02
   6.9873047e+01  -6.3603516e+01   1.7490234e+01   9.4482422e+00   5.0097656e+00  -1.4458008e+02
   1.9335938e+01  -6.9140625e+00   2.1357422e+01   7.5256348e+00  -5.7128906e+00  -1.5960938e+02
   8.3496094e+00  -9.9902344e+00  -6.1523438e+00   1.1260986e+01  -1.2128906e+01  -1.3289062e+02
   5.5810547e+01  -7.0371094e+01  -1.8457031e+01   1.2414551e+01   8.7011719e+00  -1.3086914e+02
   8.2880859e+01  -9.1816406e+01   2.4082031e+01   1.4447021e+01   4.8339844e+00  -1.2946289e+02
   7.3740234e+01  -1.1291016e+02   2.7773438e+01   1.4501953e+01  -1.0722656e+01  -1.0863281e+02
   9.3603516e+01  -1.1554688e+02  -8.1738281e+00   2.1643066e+01   3.5156250e+00  -1.3333008e+02
   9.1933594e+01  -7.9072266e+01   3.6035156e+00   1.6424561e+01   1.2216797e+01  -1.4106445e+02
