  -2.4609375e+01  -3.7666992e+02  -3.6914062e+00  -3.2409668e+00   3.4831055e+02  -9.0878906e+01
  -1.8193359e+01  -3.8879883e+02  -1.7490234e+01  -3.8452148e+00   3.4655273e+02  -8.8242188e+01
  -1.8193359e+01  -3.8879883e+02  -1.7490234e+01  -3.8452148e+00   3.4655273e+02  -8.8242188e+01
  -2.0917969e+01  -4.0470703e+02  -2.2851562e+00  -3.9550781e+00   3.5173828e+02  -6.4775391e+01
  -2.9531250e+01  -3.7833984e+02   2.0830078e+01   1.7028809e+00   3.2897461e+02  -9.0878906e+01
   3.9550781e+01  -1.0139648e+02  -9.8437500e+00  -1.9775391e+00   3.4075195e+02  -7.8046875e+01
  -2.3994141e+01  -3.8712891e+02  -2.1269531e+01  -5.7678223e+00   3.4769531e+02  -8.8066406e+01
   4.0781250e+01  -1.1572266e+02  -1.9160156e+01  -7.3059082e+00   3.5006836e+02  -6.3281250e+01
  -4.3593750e+01  -3.7016602e+02   5.8886719e+00  -6.9213867e+00   3.2704102e+02  -7.8134766e+01
   2.5488281e+01  -1.1879883e+02  -1.7050781e+01  -6.7565918e+00   3.4892578e+02  -3.0673828e+01
   1.1425781e+00  -4.1868164e+02  -4.2187500e+00  -1.9226074e+00   3.4400391e+02  -7.9804688e+01
  -4.3417969e+01  -3.6638672e+02   1.6171875e+01  -1.6479492e+00   3.2370117e+02  -8.5166016e+01
   4.4384766e+01  -1.2125977e+02  -2.1269531e+01  -1.6479492e+00   3.5147461e+02  -6.0468750e+01
  -4.0781250e+01  -3.6533203e+02  -1.8720703e+01  -2.8564453e+00   3.4918945e+02  -8.8330078e+01
  -3.4980469e+01  -3.6849609e+02  -2.8125000e+00  -4.3395996e+00   3.2352539e+02  -9.0615234e+01
  -4.0693359e+01  -3.6849609e+02   1.6259766e+01  -1.2634277e+00   3.4532227e+02  -7.6376953e+01
  -6.3544922e+01  -3.6875977e+02  -1.9160156e+01  -1.3293457e+01   3.5428711e+02  -3.4892578e+01
   1.0283203e+01  -4.4390625e+02  -1.6171875e+01  -2.8015137e+00   3.4646484e+02  -5.7919922e+01
   1.8720703e+01  -4.3107422e+02  -1.7226562e+01  -7.1960449e+00   3.4576172e+02  -8.4726562e+01
   1.3007812e+01  -4.2861328e+02   2.1357422e+01  -5.1635742e+00   3.3275391e+02  -8.6484375e+01
   3.0322266e+01  -9.6738281e+01  -2.0214844e+00  -4.9438477e+00   3.3565430e+02  -8.2353516e+01
   6.4160156e+01  -1.2372070e+02  -6.4160156e+00  -3.1311035e+00   3.4048828e+02  -8.3144531e+01
   7.4531250e+01  -1.3549805e+02  -2.1357422e+01  -3.1311035e+00   3.5156250e+00  -8.4902344e+01
   3.4892578e+01  -1.3892578e+02  -2.0566406e+01  -2.6367188e+00   3.5358398e+02  -3.6035156e+01
   3.4892578e+01  -1.3875000e+02   2.0302734e+01  -1.4501953e+01   3.4312500e+02  -3.6123047e+01
   9.4921875e+00  -1.0113281e+02   1.1337891e+01  -1.4501953e+01   3.4400391e+02  -5.3964844e+01
  -5.4492188e+00  -4.2799805e+02  -4.7460938e+00   5.4931641e-01   3.3873047e+02  -6.8642578e+01
   1.4326172e+01  -4.4416992e+02  -1.2128906e+01   1.0986328e-01   3.4795898e+02  -7.8925781e+01
   6.0380859e+01  -1.1774414e+02   2.4609375e+00  -1.7578125e+00   3.4795898e+02  -9.6503906e+01
   8.5253906e+00  -4.0962891e+02  -2.8125000e+00  -1.2634277e+00   3.3969727e+02  -1.1320312e+02
  -3.4277344e+00  -4.1455078e+02   2.0654297e+01  -1.3183594e+00   3.4330078e+02  -8.5869141e+01
   2.2500000e+01  -9.7441406e+01   7.8222656e+00  -1.4831543e+00   3.4734375e+02  -6.3457031e+01
   4.3417969e+01  -1.1835938e+02  -2.1005859e+01  -3.4057617e+00   3.4461914e+02  -6.0380859e+01
   4.6845703e+01  -1.1501953e+02  -9.1406250e+00  -3.1860352e+00   3.3873047e+02  -8.4550781e+01
   4.6845703e+01  -1.1501953e+02  -9.1406250e+00  -3.1860352e+00   3.3873047e+02  -8.4550781e+01
   6.5566406e+01  -1.3628906e+02  -1.3886719e+01  -3.4606934e+00   3.5358398e+02  -6.8378906e+01
   6.5566406e+01  -1.3628906e+02  -1.3886719e+01   3.7353516e+00   5.8007812e+00  -6.8203125e+01
   6.5566406e+01  -1.3655273e+02  -1.4414062e+01   3.5925293e+01  -4.3945312e-01  -8.4375000e+01
   6.6181641e+01  -1.2776367e+02  -2.0214844e+00  -3.2080078e+01   3.4699219e+02  -8.5517578e+01
   5.1855469e+00  -4.1006836e+02  -1.8984375e+01  -1.9006348e+01   3.4866211e+02  -9.8525391e+01
  -7.8222656e+00  -4.1033203e+02   9.9316406e+00   2.9827881e+01   3.3952148e+02  -9.0000000e+01
  -1.1689453e+01  -4.1033203e+02   3.3046875e+01  -3.5156250e+00   3.3495117e+02  -7.9013672e+01
  -1.1250000e+01  -4.1041992e+02  -2.0566406e+01  -4.7241211e+00   2.8125000e+00  -7.9189453e+01
   5.9677734e+01  -1.3338867e+02  -1.7841797e+01  -5.6030273e+00   3.4558594e+02  -7.9101562e+01
   1.1250000e+01  -4.2685547e+02  -1.5644531e+01  -9.3383789e-01   3.4391602e+02  -8.1298828e+01
  -2.1093750e+00  -4.3037109e+02  -1.4941406e+00  -2.8564453e+00   3.4541016e+02  -6.1699219e+01
   2.6542969e+01  -1.1458008e+02  -1.9863281e+01  -4.5043945e+00   3.5630859e+02  -7.3300781e+01
  -7.8222656e+00  -4.1833008e+02   3.8671875e+00  -5.6030273e+00   3.5446289e+02  -7.5322266e+01
  -4.2626953e+01  -3.6638672e+02  -1.2832031e+01  -6.9213867e+00   3.3521484e+02  -8.7890625e+01
  -4.0253906e+01  -3.6805664e+02  -1.2128906e+01   2.3071289e+00   3.5560547e+02  -9.4042969e+01
   2.9443359e+01  -4.2826172e+02  -1.8193359e+01   3.3508301e+00   4.3945312e-01  -1.2972656e+02
  -3.8056641e+01  -3.6796875e+02   7.6464844e+00   5.0537109e+00   3.3433594e+02  -8.9648438e+01
  -3.8056641e+01  -3.6840820e+02  -2.0830078e+01   2.5268555e+00   3.4453125e+02  -9.5185547e+01
   2.9882812e+01  -4.4680664e+02  -1.9335938e+01   2.0324707e+00   3.5024414e+02  -7.8222656e+01
   5.8007812e+01  -1.2837891e+02  -2.0390625e+01   2.7465820e-01   3.4769531e+02  -6.2226562e+01
   5.0185547e+01  -1.2117188e+02  -8.7890625e-01  -4.2846680e+00   3.4453125e+02  -8.2705078e+01
  -7.2070312e+00  -4.0207031e+02   2.8388672e+01  -2.9663086e+00   3.3547852e+02  -9.1318359e+01
   9.2373047e+01  -1.5237305e+02  -1.5205078e+01  -3.2958984e+00   3.5077148e+02  -8.3496094e+01
  -6.5917969e+00  -4.0611328e+02  -9.3164062e+00  -1.0437012e+00   3.4444336e+02  -9.2812500e+01
   2.8125000e+00  -3.9952148e+02  -1.4765625e+01   2.2576904e+01   2.7246094e+00  -1.1680664e+02
   2.0390625e+01  -4.1305664e+02   1.3095703e+01   2.3510742e+01   3.4848633e+02  -1.2120117e+02
  -3.7001953e+01  -3.7016602e+02  -1.9951172e+01  -2.2521973e+00   3.4655273e+02  -1.0037109e+02
   1.0344727e+02  -1.6160156e+02  -2.0830078e+01  -6.0424805e-01   3.5208984e+02  -7.0136719e+01
  -1.9423828e+01  -4.0918945e+02  -1.9775391e+01  -4.9438477e+00   3.3714844e+02  -6.4160156e+01
  -4.3330078e+01  -3.9802734e+02  -2.1093750e+01  -1.3732910e+00   3.5367188e+02  -2.4697266e+01
  -3.2958984e+01  -3.8282227e+02  -1.0019531e+01  -7.2509766e+00   3.5068359e+02  -7.3212891e+01
   9.6679688e-01  -4.0962891e+02  -1.0283203e+01  -9.9975586e+00   3.4848633e+02  -8.6308594e+01
   1.3183594e+00  -4.1578125e+02  -2.1005859e+01   1.1975098e+01   3.5367188e+02  -8.4726562e+01
   7.6201172e+01  -1.3207031e+02  -2.1181641e+01  -2.7465820e+00   3.5411133e+02  -8.2353516e+01
  -2.4345703e+01  -3.8115234e+02  -1.9335938e+01  -1.0876465e+01   3.4664062e+02  -8.0156250e+01
  -2.7246094e+00  -4.1208984e+02   2.6982422e+01  -8.2397461e+00   3.4374023e+02  -7.9013672e+01
   2.6367188e+01  -9.6738281e+01  -1.6962891e+01  -8.2397461e+00   3.3512695e+02  -7.8486328e+01
   2.8828125e+01  -9.8583984e+01  -1.7929688e+01  -9.3933105e+00   2.8125000e+00  -7.1015625e+01
   1.5029297e+01  -4.2738281e+02  -1.7578125e+01  -1.5216064e+01   3.4532227e+02  -7.0576172e+01
   9.4042969e+00  -4.2922852e+02   5.6250000e+00  -2.4719238e+00  -3.5156250e-01  -8.2880859e+01
   1.8808594e+01  -1.0913086e+02  -2.1093750e+01  -6.5368652e+00   3.4734375e+02  -3.9111328e+01
   7.6728516e+01  -1.4455078e+02  -2.0126953e+01   1.1535645e+00  -8.7890625e-02  -6.0117188e+01
  -3.9550781e+00  -4.0303711e+02  -1.4501953e+01  -5.4382324e+00   3.5200195e+02  -9.0175781e+01
   4.9306641e+01  -1.0614258e+02  -2.0214844e+01  -6.9213867e+00   3.5542969e+02  -7.9277344e+01
   3.5683594e+01  -1.0289062e+02   1.2744141e+01  -3.8452148e+00   3.5613281e+02  -7.0312500e+01
  -7.6464844e+00  -4.1103516e+02   2.0214844e+01  -2.6916504e+00   7.9101562e-01  -8.4287109e+01
  -7.2070312e+00  -4.0022461e+02  -1.8808594e+01  -7.3608398e+00   3.5499023e+02  -8.0771484e+01
   3.3574219e+01  -9.6298828e+01  -1.8369141e+01  -6.9213867e+00   3.5507812e+02  -7.2861328e+01
   6.5742188e+01  -1.3303711e+02  -1.7314453e+01  -7.1960449e+00   4.9218750e+00  -6.3544922e+01
  -2.7333984e+01  -3.7236328e+02   7.0312500e-01  -2.1313477e+01   3.3662109e+02  -1.0441406e+02
  -2.9882812e+01  -3.7596680e+02   1.8369141e+01  -3.9550781e+00   3.3222656e+02  -9.1582031e+01
  -1.9072266e+01  -3.9090820e+02  -8.0859375e+00  -4.8339844e+00   3.3266602e+02  -9.1494141e+01
   2.9355469e+01  -4.4812500e+02  -2.1005859e+01  -6.0424805e+00   3.4163086e+02  -8.3759766e+01
  -2.5839844e+01  -3.7526367e+02  -9.4042969e+00  -1.4996338e+01   3.3222656e+02  -9.0966797e+01
  -3.2431641e+01  -3.8185547e+02   9.5800781e+00  -2.0599365e+01   3.4338867e+02  -8.0683594e+01
  -3.4892578e+01  -3.7095703e+02  -1.5644531e+01  -1.9116211e+01   3.4725586e+02  -7.7431641e+01
  -3.9375000e+01  -3.7921875e+02   2.9355469e+01  -1.1865234e+01   3.4110352e+02  -7.4091797e+01
   7.6113281e+01  -1.5905273e+02  -1.0986328e+01  -1.1590576e+01   3.4646484e+02  -6.1259766e+01
   2.6718750e+01  -4.5067383e+02   9.9316406e+00   2.6367188e+00   3.5033203e+02  -8.1210938e+01
  -2.6894531e+01  -3.6884766e+02   1.4062500e+00  -1.1975098e+01   3.4048828e+02  -1.0054688e+02
  -4.1396484e+01  -3.6919922e+02  -3.3398438e+00  -9.4482422e+00   3.4330078e+02  -7.7519531e+01
   8.1562500e+01  -1.5887695e+02  -1.7226562e+01  -9.3933105e+00   3.4655273e+02  -5.7744141e+01
   1.0546875e+00  -4.1876953e+02  -1.4765625e+01  -8.2946777e+00   3.5112305e+02  -6.2490234e+01
  -8.7890625e-02  -4.2562500e+02   1.5380859e+01  -8.8989258e+00   3.4514648e+02  -6.0292969e+01
   5.2998047e+01  -1.2328125e+02  -1.5292969e+01  -8.1298828e+00   3.5305664e+02  -5.5107422e+01
  -2.9619141e+01  -3.8809570e+02  -1.3007812e+01  -1.4007568e+01   3.5077148e+02  -6.7851562e+01
  -2.9707031e+01  -3.9002930e+02  -1.4062500e+01   4.9438477e+00   3.5762695e+02  -6.6884766e+01
  -2.6367188e+01  -3.9029297e+02   1.2656250e+01   1.2634277e+00   3.4901367e+02  -7.1542969e+01
   5.0888672e+01  -1.1712891e+02  -2.0478516e+01  -7.2509766e+00   3.4664062e+02  -6.6708984e+01
   8.4462891e+01  -1.4674805e+02   0.0000000e+00  -8.2397461e+00   3.4620117e+02  -6.6708984e+01
  -3.9814453e+01  -3.7693359e+02  -6.7675781e+00  -8.4045410e+00   3.4268555e+02  -5.3261719e+01
   2.5488281e+00  -4.2922852e+02  -1.8017578e+01  -8.7890625e+00   9.6679688e-01  -6.8466797e+01
   2.5488281e+00  -4.2949219e+02   1.9511719e+01  -1.0272217e+01   3.4804688e+02  -6.4863281e+01
   1.0986328e+01  -1.0007812e+02  -1.6259766e+01  -3.6804199e+00   9.8437500e+00  -9.0087891e+01
   2.1445312e+01  -9.7792969e+01  -1.1513672e+01  -2.4169922e+00   3.5296875e+02  -8.3671875e+01
  -1.1162109e+01  -4.0927734e+02  -4.6582031e+00  -2.5103760e+01   3.5885742e+02  -6.4687500e+01
  -2.8125000e+00  -4.2448242e+02   1.4765625e+01  -7.7453613e+00   3.5613281e+02  -6.3457031e+01
   6.0380859e+01  -1.3637695e+02  -1.8720703e+01  -8.2397461e+00   3.5648438e+02  -6.6181641e+01
  -1.2656250e+01  -3.9943359e+02  -1.5468750e+01  -1.0107422e+01   3.5156250e+02  -7.9453125e+01
  -1.6259766e+01  -4.0013672e+02   1.7753906e+01  -1.1920166e+01   3.3908203e+02  -7.2158203e+01
   3.0761719e+00  -4.2887695e+02   1.4677734e+01   1.3183594e+00  -4.3945312e-01  -8.1738281e+01
   4.1132812e+01  -1.0798828e+02   1.8281250e+01  -2.1972656e-01   3.5349609e+02  -7.9277344e+01
   6.9873047e+01  -1.4015625e+02  -2.0917969e+01  -6.8664551e+00   3.5296875e+02  -6.0820312e+01
   7.2158203e+01  -1.4947266e+02  -1.5029297e+01  -5.3283691e+00   3.2519531e+00  -6.5742188e+01
  -1.2128906e+01  -3.9547852e+02  -1.7578125e-01  -6.3720703e+00   3.4365234e+02  -6.6533203e+01
  -7.4707031e+00  -4.0901367e+02  -2.6367188e-01  -1.0437012e+00   3.4602539e+02  -9.0351562e+01
   6.3281250e+00  -4.2747070e+02  -2.0478516e+01  -5.2734375e+00   3.5745117e+02  -8.7011719e+01
   3.2783203e+01  -9.6386719e+01  -2.5488281e+00  -4.7790527e+00  -7.9101562e-01  -8.7187500e+01
  -6.5917969e+00  -4.1780273e+02   1.5908203e+01  -8.2397461e-01   6.1523438e-01  -9.7646484e+01
  -2.2939453e+01  -3.9416016e+02   1.4062500e+00  -3.9715576e+01   3.3363281e+02  -8.1386719e+01
  -2.2939453e+01  -3.9416016e+02   3.2519531e+00   8.0859375e+01   3.4127930e+02  -1.1689453e+02
  -2.0566406e+01  -3.9319336e+02   1.4501953e+01   5.4766846e+01   3.4901367e+02  -1.1548828e+02
  -2.1093750e+01  -3.9205078e+02   9.4921875e+00  -8.3990479e+01   3.5296875e+02  -8.5166016e+01
  -2.5136719e+01  -3.9152344e+02   2.8300781e+01  -6.9653320e+01   3.3574219e+02  -6.9169922e+01
  -2.2236328e+01  -3.9644531e+02  -2.0830078e+01  -4.7241211e+00   3.3090820e+02  -8.7363281e+01
  -1.9335938e+01  -3.9635742e+02   2.2675781e+01  -6.9763184e+00   3.3055664e+02  -5.6513672e+01
   2.9267578e+01  -4.5243164e+02  -5.5371094e+00  -6.0424805e+00   6.0644531e+00  -1.2577148e+02
   9.4042969e+01  -1.5158203e+02  -2.0917969e+01  -8.7890625e-01   3.5745117e+02  -1.1548828e+02
   9.3779297e+01  -1.3883789e+02  -7.6464844e+00   0.0000000e+00   3.4769531e+02  -1.1109375e+02
   7.7343750e+01  -1.1062500e+02  -2.0917969e+01  -5.4931641e-02   3.4189453e+02  -1.0494141e+02
   6.7148438e+01  -1.0930664e+02   1.0986328e+01  -4.3945312e-01   3.3336914e+02  -1.1126953e+02
  -7.2070312e+00  -3.9943359e+02   1.3271484e+01  -1.8127441e+00   3.2915039e+02  -7.6992188e+01
  -2.0478516e+01  -3.9960938e+02   3.0410156e+01  -3.0212402e+00   3.2554688e+02  -1.1056641e+02
  -1.9599609e+01  -3.9960938e+02  -2.1181641e+01  -4.2846680e+00   3.2809570e+02  -8.1914062e+01
  -1.6083984e+01  -4.0040039e+02   2.1621094e+01  -1.0546875e+01   3.2475586e+02  -8.1298828e+01
  -2.7421875e+01  -3.9741211e+02   3.0498047e+01  -9.9975586e+00   3.2501953e+02  -6.3720703e+01
   1.4941406e+01  -4.4179688e+02   3.0234375e+01  -1.5710449e+01   3.2994141e+02  -7.2509766e+01
   5.7744141e+01  -1.3804688e+02   2.3818359e+01   6.4270020e+00   3.4321289e+02  -5.9941406e+01
   8.2968750e+01  -1.4103516e+02  -2.0214844e+01   1.6479492e-01   2.4609375e+00  -7.1103516e+01
   4.9746094e+01  -4.5260742e+02   1.0722656e+01  -2.9663086e+00   3.3205078e+02  -8.0771484e+01
   1.2304688e+00  -4.0787109e+02   1.4414062e+01  -6.1523438e+00   3.2545898e+02  -6.8906250e+01
  -5.5634766e+01  -3.7051758e+02  -5.0976562e+00  -7.0312500e+00   3.1957031e+02  -7.7167969e+01
  -5.0537109e+01  -3.6963867e+02   1.0458984e+01  -8.4045410e+00   3.2000977e+02  -5.3525391e+01
  -3.5595703e+01  -3.6963867e+02   8.7011719e+00  -1.0107422e+01   3.1016602e+02  -1.0845703e+02
  -3.5244141e+01  -3.7271484e+02   2.6542969e+01  -9.5031738e+00   5.2734375e-01  -9.1669922e+01
   9.0439453e+01  -1.3716797e+02   2.9443359e+01  -8.4045410e+00   3.4479492e+02  -8.1650391e+01
   3.0498047e+01  -4.5032227e+02   2.4609375e+00  -7.2509766e+00   3.4646484e+02  -9.3603516e+01
  -1.0195312e+01  -4.0171875e+02   4.3945312e+00  -9.0087891e+00   3.3169922e+02  -9.4570312e+01
   7.5585938e+00  -4.2263672e+02   1.1865234e+01  -6.0424805e+00   3.4417969e+02  -9.2109375e+01
  -5.1240234e+01  -3.7025391e+02  -1.3359375e+01  -1.6918945e+01   3.2501953e+02  -5.8798828e+01
  -3.1816406e+01  -3.7166016e+02   7.8222656e+00  -1.7962646e+01   3.2159180e+02  -8.7714844e+01
  -2.4609375e+01  -3.7262695e+02  -7.8222656e+00  -2.4444580e+01   3.1965820e+02  -8.5429688e+01
  -2.5048828e+01  -3.7280273e+02  -6.7675781e+00  -6.0424805e-01   3.3802734e+02  -9.3779297e+01
   3.9814453e+01  -9.4980469e+01  -9.6679688e+00  -3.7902832e+00   3.5279297e+02  -9.5537109e+01
   7.4443359e+01  -1.2881836e+02   7.0312500e-01  -3.5156250e+00   3.4303711e+02  -5.5371094e+01
  -2.6015625e+01  -3.8915039e+02  -3.5156250e-01  -5.2734375e+00   3.3635742e+02  -6.8906250e+01
   1.3974609e+01  -4.2641602e+02   1.9248047e+01  -1.6479492e+01   3.4655273e+02  -6.9345703e+01
  -4.8691406e+01  -3.6990234e+02   3.3134766e+01  -1.6149902e+01   5.0976562e+00  -7.0224609e+01
   7.6816406e+01  -1.4015625e+02   1.8896484e+01  -1.5985107e+01   3.4866211e+02  -5.7568359e+01
   1.1425781e+00  -4.2527344e+02   2.4169922e+01  -1.9390869e+01   3.4699219e+02  -5.1679688e+01
  -1.7666016e+01  -4.4311523e+02   3.0146484e+01  -1.9445801e+01   3.5639648e+02  -2.3291016e+01
  -3.0937500e+01  -3.9723633e+02   2.9794922e+01   1.4227295e+01   3.5041992e+02  -7.8750000e+01
  -4.3242188e+01  -3.7500000e+02   3.2167969e+01  -2.2521973e+01   3.5077148e+02  -7.2773438e+01
  -1.4941406e+00  -4.1639648e+02   2.7421875e+01  -2.6312256e+01   3.3389648e+02  -7.8574219e+01
   3.8496094e+01  -1.0631836e+02  -1.2919922e+01  -2.5653076e+01   3.4839844e+02  -6.8203125e+01
   3.9902344e+01  -1.0350586e+02  -6.1523438e+00   1.7028809e+00   9.4042969e+00  -7.1015625e+01
   5.4843750e+01  -1.1352539e+02   2.0478516e+01  -4.6142578e+00   3.5050781e+02  -8.9472656e+01
   6.9785156e+01  -1.3945312e+02   2.9882812e+01  -4.0100098e+00   3.3758789e+02  -7.2949219e+01
  -2.5751953e+01  -3.9556641e+02   3.1728516e+01  -1.1260986e+01   3.4664062e+02  -7.5585938e+01
  -1.3007812e+01  -3.8405273e+02   3.0761719e+00  -1.2744141e+01   3.4066406e+02  -9.8876953e+01
  -1.6523438e+01  -3.8897461e+02   2.6894531e+01  -1.2524414e+01   3.2607422e+02  -8.0507812e+01
  -2.3115234e+01  -3.9952148e+02   3.0937500e+01  -1.2524414e+01   3.5683594e+02  -6.9697266e+01
   5.9677734e+01  -1.1712891e+02   9.9316406e+00  -1.9665527e+01   3.4760742e+02  -6.2753906e+01
   5.8710938e+01  -1.3347656e+02   2.3730469e+00  -9.8327637e+00   3.5050781e+02  -1.1452148e+02
  -1.6699219e+00  -4.1762695e+02   2.1005859e+01  -1.1700439e+01   1.2216797e+01  -8.3056641e+01
   3.9726562e+01  -1.0948242e+02   2.5048828e+01  -1.7028809e+01   1.2128906e+01  -7.2333984e+01
  -7.2949219e+00  -4.1182617e+02   2.7597656e+01  -1.6314697e+01   6.1523438e-01  -5.6074219e+01
   7.2070312e+00  -4.3792969e+02   2.4960938e+01   1.5380859e+01   1.2216797e+01  -7.2597656e+01
   2.8564453e+01  -4.5366211e+02   2.8828125e+01   8.8439941e+00   1.2480469e+01  -9.5800781e+01
   5.9941406e+01  -1.1282227e+02   2.6630859e+01   3.5705566e+00   4.8339844e+00  -8.9033203e+01
   5.1152344e+01  -1.0034180e+02   2.5576172e+01   1.4282227e+00   3.4127930e+02  -8.8154297e+01
   4.3417969e+01  -4.5032227e+02   2.9179688e+01  -2.2741699e+01   3.3662109e+02  -9.7382812e+01
   9.4921875e+01  -1.4041992e+02   1.8808594e+01  -2.1203613e+01   1.2392578e+01  -1.0125000e+02
   1.1250000e+01  -4.3441406e+02   2.8652344e+01  -1.8841553e+01   1.0107422e+01  -1.0335938e+02
  -5.5371094e+00  -4.1920898e+02  -1.9511719e+01  -2.5103760e+01   1.2480469e+01  -1.0107422e+02
  -7.2070312e+00  -4.1859375e+02  -1.9423828e+01   3.0981445e+01   3.7792969e+00  -7.7607422e+01
  -3.7968750e+01  -3.6893555e+02   2.5751953e+01   5.3833008e+00   3.2633789e+02  -1.1381836e+02
  -2.5664062e+01  -3.6673828e+02   2.7861328e+01  -2.0214844e+01   3.1992188e+02  -1.0476562e+02
  -3.3750000e+01  -3.8238281e+02   3.2695312e+01  -2.5653076e+01   3.2827148e+02  -7.6640625e+01
   7.4355469e+01  -1.5720703e+02  -7.5585938e+00  -2.6367188e+01   3.3178711e+02  -5.3876953e+01
  -7.1191406e+00  -4.0857422e+02  -9.6679688e+00  -6.5917969e+00   3.5824219e+02  -7.0048828e+01
  -3.0498047e+01  -3.7746094e+02   9.1406250e+00  -1.2634277e+01   3.2449219e+02  -6.7939453e+01
  -3.6298828e+01  -3.7974609e+02   3.1816406e+01  -1.2634277e+01   3.3345703e+02  -6.7675781e+01
  -5.4492188e+00  -4.0971680e+02  -1.5029297e+01  -1.3018799e+01   1.2304688e+01  -6.3984375e+01
  -4.2187500e+00  -4.0813477e+02   7.8222656e+00  -1.4611816e+01   1.8457031e+00  -5.7480469e+01
  -2.0214844e+01  -4.0716797e+02   3.1816406e+01  -1.4556885e+01   3.4866211e+02  -5.5371094e+01
