DataSet_1
0.2210828810930252 0.9739610552787781 -0.05022135004401207 138.271240234375 
-0.9563311338424683 0.2266005277633667 0.18461555242538452 116.85492706298828 
0.19118854403495789 0.007212906610220671 0.9815268516540527 -1133.87939453125 
0.0 0.0 0.0 1.0

DataSet_2
0.23513519763946533 0.971961259841919 0.0016642659902572632 84.58932495117188 
-0.952295184135437 0.2300342321395874 0.20054465532302856 -31.31562042236328 
0.19453880190849304 -0.04873998463153839 0.9796831607818604 -1256.3511962890625 
0.0 0.0 0.0 1.0

DataSet_3
0.21003399789333344 0.962993860244751 -0.16890373826026917 225.99453735351562 
-0.9572531580924988 0.23769208788871765 0.16482944786548615 52.86021423339844 
0.19887684285640717 0.12706385552883148 0.971752405166626 -1161.146484375 
0.0 0.0 0.0 1.0

DataSet_4
0.27994415163993835 0.9504252076148987 -0.13536328077316284 45.5792236328125 
-0.9267047047615051 0.3043515682220459 0.22042801976203918 89.17376708984375 
0.25069838762283325 0.06373424828052521 0.9659649133682251 -1252.8726806640625 
0.0 0.0 0.0 1.0

DataSet_5
0.05236399918794632 0.9706016778945923 -0.23492653667926788 102.71527862548828 
-0.9481889009475708 0.12214331328868866 0.2932897210121155 -170.18124389648438 
0.313362181186676 0.20739689469337463 0.9267095923423767 -1165.3372802734375 
0.0 0.0 0.0 1.0

DataSet_6
0.12851092219352722 0.9121932983398438 -0.3890865445137024 139.6163787841797 
-0.9567949175834656 0.21723215281963348 0.19327089190483093 -18.531665802001953 
0.26082250475883484 0.34743863344192505 0.9006986021995544 -1002.0040893554688 
0.0 0.0 0.0 1.0

DataSet_7
0.3108198344707489 0.9492709636688232 0.047704681754112244 128.09848022460938 
-0.8710551261901855 0.26440712809562683 0.41394665837287903 42.82025146484375 
0.3803340792655945 -0.17021623253822327 0.9090502858161926 -1073.2161865234375 
0.0 0.0 0.0 1.0

DataSet_8
0.19345618784427643 0.9805773496627808 -0.03229355812072754 144.70474243164062 
-0.9718502163887024 0.1870153844356537 -0.14329156279563904 75.37261962890625 
-0.13446906208992004 0.05910514295101166 0.9891535043716431 -1047.4552001953125 
0.0 0.0 0.0 1.0

DataSet_9
0.3778661787509918 0.9211141467094421 -0.0936262235045433 68.6033935546875 
-0.7864610552787781 0.37269026041030884 0.4925251305103302 -20.284767150878906 
0.48856544494628906 -0.1124752089381218 0.8652474284172058 -1226.1605224609375 
0.0 0.0 0.0 1.0

DataSet_10
0.24016250669956207 0.9506967067718506 -0.1962083876132965 259.99249267578125 
-0.9028840661048889 0.2930045425891876 0.314561128616333 -4.417812347412109 
0.35654217004776 0.10160763561725616 0.9287376403808594 -1250.9686279296875 
0.0 0.0 0.0 1.0

DataSet_11
0.24094583094120026 0.9509810209274292 -0.19385592639446259 259.79986572265625 
-0.9037485122680664 0.2926594316959381 0.3123924732208252 -4.266871452331543 
0.3538130819797516 0.09992735087871552 0.9299628138542175 -1251.23828125 
0.0 0.0 0.0 1.0

DataSet_12
0.24094583094120026 0.9509810209274292 -0.19385592639446259 259.79986572265625 
-0.9037485122680664 0.2926594316959381 0.3123924732208252 -4.266871452331543 
0.3538130819797516 0.09992735087871552 0.9299628138542175 -1251.23828125 
0.0 0.0 0.0 1.0

DataSet_13
0.24094583094120026 0.9509810209274292 -0.19385592639446259 259.79986572265625 
-0.9037485122680664 0.2926594316959381 0.3123924732208252 -4.266871452331543 
0.3538130819797516 0.09992735087871552 0.9299628138542175 -1251.23828125 
0.0 0.0 0.0 1.0

DataSet_14
0.2750750482082367 0.9402133226394653 -0.2008301317691803 202.27877807617188 
-0.9235866665840149 0.3164445161819458 0.21645000576972961 57.5945930480957 
0.2670607566833496 0.12594403326511383 0.9554144144058228 -1165.072998046875 
0.0 0.0 0.0 1.0

DataSet_15
0.26540499925613403 0.9569842219352722 -0.117223359644413 86.56301879882812 
-0.9524694681167603 0.27910590171813965 0.12207277119159698 18.445960998535156 
0.14953945577144623 0.0792529359459877 0.9855744242668152 -1312.0692138671875 
0.0 0.0 0.0 1.0

DataSet_16
0.3491959869861603 0.9053914546966553 -0.24151277542114258 118.92539978027344 
-0.9368759393692017 0.33237239718437195 -0.10859127342700958 222.4132080078125 
-0.018045438453555107 0.26418715715408325 0.9643025994300842 -1173.8206787109375 
0.0 0.0 0.0 1.0

DataSet_17
0.18622086942195892 0.8840095400810242 -0.4287761449813843 260.6072082519531 
-0.9440490007400513 0.28189927339553833 0.1711849421262741 151.17007446289062 
0.2722007930278778 0.37290745973587036 0.887043833732605 -1140.7550048828125 
0.0 0.0 0.0 1.0

DataSet_18
0.3226761817932129 0.9242357015609741 0.20412832498550415 31.296079635620117 
-0.936926007270813 0.2812808156013489 0.20748676359653473 87.0771484375 
0.13434931635856628 -0.2582041621208191 0.9567031264305115 -1281.9052734375 
0.0 0.0 0.0 1.0

DataSet_19
0.4423656761646271 0.8914779424667358 0.09787563979625702 74.06083679199219 
-0.8660119771957397 0.39624518156051636 0.3049803078174591 -58.391944885253906 
0.23310048878192902 -0.21967430412769318 0.9473158717155457 -1487.5592041015625 
0.0 0.0 0.0 1.0

DataSet_20
0.058286480605602264 0.9982386231422424 0.011059357784688473 110.6203842163086 
-0.9553386569023132 0.058989640325307846 -0.2895655930042267 257.4478759765625 
-0.2897079586982727 0.006312324665486813 0.9570942521095276 -1240.0472412109375 
0.0 0.0 0.0 1.0

DataSet_21
0.23370888829231262 0.9722437262535095 -0.011052871122956276 195.57432556152344 
-0.9720458984375 0.2333679497241974 -0.025807613506913185 305.3680725097656 
-0.022511905059218407 0.01677536778151989 0.9996058344841003 -1194.1290283203125 
0.0 0.0 0.0 1.0

DataSet_22
0.21121671795845032 0.8767273426055908 -0.432130366563797 89.6640396118164 
-0.9663898944854736 0.2535996735095978 0.04216335713863373 133.8729705810547 
0.1465538889169693 0.4087008237838745 0.9008249640464783 -1055.40380859375 
0.0 0.0 0.0 1.0

DataSet_23
0.11064160615205765 0.9714540839195251 -0.20984579622745514 214.36988830566406 
-0.9197322130203247 0.18009492754936218 0.34879568219184875 -85.84417724609375 
0.3766312003135681 0.15441063046455383 0.9134036898612976 -1294.4317626953125 
0.0 0.0 0.0 1.0

DataSet_24
0.14935001730918884 0.9547755122184753 -0.2570957541465759 282.8077697753906 
-0.9569792151451111 0.2049906700849533 0.20535233616828918 -25.84263038635254 
0.24876761436462402 0.215365931391716 0.9443157315254211 -1136.8310546875 
0.0 0.0 0.0 1.0

DataSet_25
0.056060049682855606 0.9729837775230408 -0.22396396100521088 301.671875 
-0.9476894736289978 0.12245377898216248 0.294770747423172 -176.63546752929688 
0.31423237919807434 0.19572342932224274 0.9289512038230896 -1056.053955078125 
0.0 0.0 0.0 1.0

DataSet_26
0.2364024817943573 0.9587568640708923 -0.15779443085193634 154.87266540527344 
-0.9221035242080688 0.2725672125816345 0.27464917302131653 -171.99667358398438 
0.3063313961029053 0.08057504892349243 0.9485086798667908 -1080.6273193359375 
0.0 0.0 0.0 1.0

DataSet_27
0.22065192461013794 0.9398573637008667 -0.2607313096523285 285.0398254394531 
-0.8625642657279968 0.3128203749656677 0.39765089750289917 -35.293060302734375 
0.45529720187187195 0.13715511560440063 0.8797118663787842 -1033.2578125 
0.0 0.0 0.0 1.0

DataSet_28
0.2431655079126358 0.9304324984550476 -0.27416422963142395 325.4168701171875 
-0.8928115963935852 0.32517582178115845 0.3116860091686249 -51.162567138671875 
0.37915438413619995 0.16898569464683533 0.9097723960876465 -1075.6673583984375 
0.0 0.0 0.0 1.0

DataSet_29
0.24430903792381287 0.9571180939674377 -0.15568552911281586 146.7202911376953 
-0.9479512572288513 0.26954251527786255 0.1695144921541214 -235.83535766601562 
0.20420925319194794 0.10616838932037354 0.9731530547142029 -1394.0050048828125 
0.0 0.0 0.0 1.0

DataSet_30
0.2982611358165741 0.9376251697540283 -0.17860382795333862 149.2587890625 
-0.9224482774734497 0.3312315046787262 0.1984308660030365 -57.03911590576172 
0.24521297216415405 0.10556859523057938 0.9637042284011841 -1307.701416015625 
0.0 0.0 0.0 1.0

DataSet_31
0.2551630437374115 0.9615660309791565 -0.1014033704996109 226.69171142578125 
-0.9667642116546631 0.2554657459259033 -0.010209884494543076 -133.3711395263672 
0.016087617725133896 0.10063832998275757 0.9947929978370667 -1308.8282470703125 
0.0 0.0 0.0 1.0

DataSet_32
0.3319156765937805 0.931485116481781 -0.1488875448703766 241.41957092285156 
-0.9431313872337341 0.32463040947914124 -0.07154202461242676 153.12570190429688 
-0.01830691285431385 0.1641664355993271 0.9862627387046814 -1264.4798583984375 
0.0 0.0 0.0 1.0

DataSet_33
0.17323771119117737 0.9801990389823914 0.09590864926576614 308.4131164550781 
-0.9771472811698914 0.18323960900306702 -0.10773313045501709 232.95379638671875 
-0.12317418307065964 -0.07505343109369278 0.9895429015159607 -1096.6119384765625 
0.0 0.0 0.0 1.0

DataSet_34
0.17323771119117737 0.9801990389823914 0.09590864926576614 308.4131164550781 
-0.9771472811698914 0.18323960900306702 -0.10773313045501709 232.95379638671875 
-0.12317418307065964 -0.07505343109369278 0.9895429015159607 -1096.6119384765625 
0.0 0.0 0.0 1.0

DataSet_35
0.10954208672046661 0.9561175107955933 -0.2717350125312805 152.45053100585938 
-0.9925125241279602 0.12007435411214828 0.022386891767382622 -72.43768310546875 
0.05403290316462517 0.26724809408187866 0.9621117115020752 -1081.0220947265625 
0.0 0.0 0.0 1.0

DataSet_36
0.09539695829153061 0.9008879661560059 -0.42343869805336 284.09429931640625 
-0.9934136271476746 0.11328384280204773 0.017210066318511963 -47.50410079956055 
0.06347312033176422 0.4190079867839813 0.9057613015174866 -1105.423583984375 
0.0 0.0 0.0 1.0

DataSet_37
-0.43855151534080505 0.8976221084594727 0.044125184416770935 228.11141967773438 
-0.830922544002533 -0.4236918091773987 0.36062851548194885 -229.63925170898438 
0.3424036204814911 0.12148957699537277 0.9316651821136475 -1177.6881103515625 
0.0 0.0 0.0 1.0

DataSet_38
0.7590873837471008 0.19148582220077515 -0.6221892833709717 138.4762725830078 
-0.5530596971511841 0.6938363909721375 -0.4612114131450653 128.38124084472656 
0.3433820903301239 0.6942076086997986 0.6325855851173401 -1008.284912109375 
0.0 0.0 0.0 1.0

DataSet_39
-0.29965516924858093 0.9282753467559814 0.22025363147258759 292.0667419433594 
-0.953909158706665 -0.29545047879219055 -0.0525958389043808 -21.84140396118164 
0.0162506103515625 -0.22586257755756378 0.9740236401557922 -1118.120361328125 
0.0 0.0 0.0 1.0

DataSet_40
-0.16715888679027557 0.9829804301261902 0.07620619982481003 264.6023864746094 
-0.9691051840782166 -0.17803318798542023 0.17070259153842926 -304.538330078125 
0.18136455118656158 -0.04531736671924591 0.9823712110519409 -1250.9107666015625 
0.0 0.0 0.0 1.0

DataSet_41
-0.13501617312431335 0.9891328811645508 0.05819512903690338 70.32369232177734 
-0.9548403024673462 -0.1455741822719574 0.25901365280151367 -319.22247314453125 
0.26467064023017883 -0.020596042275428772 0.9641188979148865 -1223.8013916015625 
0.0 0.0 0.0 1.0

DataSet_42
0.07725369930267334 0.9658908843994141 0.24715696275234222 70.38370513916016 
-0.9519553780555725 0.1451403945684433 -0.2696574330329895 -174.16415405273438 
-0.29633212089538574 -0.2144503891468048 0.9306977391242981 -1416.4984130859375 
0.0 0.0 0.0 1.0

DataSet_43
-0.19670438766479492 0.9781607985496521 -0.06714721769094467 83.91203308105469 
-0.9659058451652527 -0.20508639514446259 -0.1580045074224472 -320.13232421875 
-0.1683247983455658 0.033777717500925064 0.9851526618003845 -1495.725341796875 
0.0 0.0 0.0 1.0

DataSet_44
0.01568940095603466 0.8941802978515625 0.44743213057518005 -47.26980209350586 
-0.9929545521736145 0.06649884581565857 -0.09807763248682022 -314.16424560546875 
-0.11745280772447586 -0.4427409768104553 0.8889236450195312 -1660.236083984375 
0.0 0.0 0.0 1.0

DataSet_45
-0.0022006910294294357 0.9503213763237 0.3112625181674957 74.60579681396484 
-0.9820675849914551 0.05662449449300766 -0.17982470989227295 -103.55643463134766 
-0.18851636350154877 -0.3060765862464905 0.9331552386283875 -1511.43701171875 
0.0 0.0 0.0 1.0

DataSet_46
0.07228681445121765 0.9933550953865051 0.0895557776093483 47.84525680541992 
-0.9391089081764221 0.0375458262860775 0.3415621221065521 -101.35670471191406 
0.3359300494194031 -0.10879307240247726 0.9355827569961548 -1298.4599609375 
0.0 0.0 0.0 1.0

DataSet_47
-0.24667823314666748 0.9690740704536438 0.006737769115716219 -4.953968048095703 
-0.9531963467597961 -0.2413705289363861 -0.1820906549692154 -381.5561218261719 
-0.1748330295085907 -0.051340218633413315 0.9832586646080017 -1502.953857421875 
0.0 0.0 0.0 1.0

DataSet_48
-0.24709321558475494 0.9689887166023254 0.0024046897888183594 -4.554008483886719 
-0.9527084827423096 -0.24248719215393066 -0.18315716087818146 -381.6659240722656 
-0.17689411342144012 -0.04754785820841789 0.9830806851387024 -1502.823974609375 
0.0 0.0 0.0 1.0

DataSet_49
-0.24709321558475494 0.9689887166023254 0.0024046897888183594 -4.554008483886719 
-0.9527084827423096 -0.24248719215393066 -0.18315716087818146 -381.6659240722656 
-0.17689411342144012 -0.04754785820841789 0.9830806851387024 -1502.823974609375 
0.0 0.0 0.0 1.0

DataSet_50
-0.11104465276002884 0.992904007434845 -0.0425516739487648 287.5570983886719 
-0.9624122381210327 -0.0967588946223259 0.2537723481655121 -296.5885009765625 
0.2478543370962143 0.06913229823112488 0.9663275480270386 -1186.5999755859375 
0.0 0.0 0.0 1.0

DataSet_51
-0.11095134913921356 0.9928579926490784 -0.04385117441415787 287.6593933105469 
-0.9625691771507263 -0.09637822210788727 0.2533217668533325 -296.68603515625 
0.24728621542453766 0.07031617313623428 0.9663876891136169 -1186.679931640625 
0.0 0.0 0.0 1.0

DataSet_52
-0.11095134913921356 0.9928579926490784 -0.04385117441415787 287.6593933105469 
-0.9625691771507263 -0.09637822210788727 0.2533217668533325 -296.68603515625 
0.24728621542453766 0.07031617313623428 0.9663876891136169 -1186.679931640625 
0.0 0.0 0.0 1.0

DataSet_53
-0.11095134913921356 0.9928579926490784 -0.04385117441415787 287.6593933105469 
-0.9625691771507263 -0.09637822210788727 0.2533217668533325 -296.68603515625 
0.24728621542453766 0.07031617313623428 0.9663876891136169 -1186.679931640625 
0.0 0.0 0.0 1.0

DataSet_54
-0.11095134913921356 0.9928579926490784 -0.04385117441415787 287.6593933105469 
-0.9625691771507263 -0.09637822210788727 0.2533217668533325 -296.68603515625 
0.24728621542453766 0.07031617313623428 0.9663876891136169 -1186.679931640625 
0.0 0.0 0.0 1.0

DataSet_55
-0.11095134913921356 0.9928579926490784 -0.04385117441415787 287.6593933105469 
-0.9625691771507263 -0.09637822210788727 0.2533217668533325 -296.68603515625 
0.24728621542453766 0.07031617313623428 0.9663876891136169 -1186.679931640625 
0.0 0.0 0.0 1.0

DataSet_56
0.2066909372806549 0.9666407108306885 -0.15127651393413544 137.23440551757812 
-0.9331926107406616 0.2412274032831192 0.26638489961624146 233.61643981933594 
0.29399052262306213 0.08611077815294266 0.9519214630126953 -1137.8697509765625 
0.0 0.0 0.0 1.0

DataSet_57
0.05933111160993576 0.9955912828445435 -0.07264827936887741 123.06022644042969 
-0.998237669467926 0.05925853177905083 -0.003155909478664398 33.76830291748047 
0.001163031905889511 0.07270748913288116 0.9973526000976562 -1242.2396240234375 
0.0 0.0 0.0 1.0

DataSet_58
-0.049895625561475754 0.9973782300949097 -0.05241340026259422 163.65565490722656 
-0.9193541407585144 -0.06637127697467804 -0.38779228925704956 -47.32478713989258 
-0.39025431871414185 0.028837336227297783 0.9202553629875183 -1346.458251953125 
0.0 0.0 0.0 1.0

DataSet_59
0.046299971640110016 0.9643897414207458 -0.2604008615016937 249.69387817382812 
-0.9985524415969849 0.037539079785346985 -0.038520004600286484 -18.70404815673828 
-0.027373088523745537 0.261807382106781 0.9647318720817566 -1136.95751953125 
0.0 0.0 0.0 1.0

DataSet_60
0.27532103657722473 0.9610522985458374 -0.02401736192405224 100.58409118652344 
-0.9440231323242188 0.27499592304229736 0.18220190703868866 -123.9930419921875 
0.18171022832393646 -0.027491068467497826 0.9829677939414978 -1365.9969482421875 
0.0 0.0 0.0 1.0

DataSet_61
0.31347760558128357 0.949542224407196 0.010069355368614197 236.4496307373047 
-0.9269056916236877 0.3036659061908722 0.2205284684896469 -120.68460845947266 
0.2063433676958084 -0.078464075922966 0.9753285646438599 -1176.3658447265625 
0.0 0.0 0.0 1.0

DataSet_62
0.28703778982162476 0.9372968077659607 -0.19769662618637085 223.01693725585938 
-0.9470454454421997 0.3086783289909363 0.0884455144405365 21.245460510253906 
0.14392435550689697 0.1618404984474182 0.9762650728225708 -1012.1395263671875 
0.0 0.0 0.0 1.0

DataSet_63
0.300432026386261 0.9485534429550171 -0.09993451833724976 129.1214599609375 
-0.946815550327301 0.2839302122592926 -0.15140637755393982 58.32337951660156 
-0.1152426078915596 0.14010688662528992 0.9834069609642029 -1266.695068359375 
0.0 0.0 0.0 1.0

DataSet_64
0.21613697707653046 0.9273706078529358 -0.3053988814353943 246.9271240234375 
-0.9500210881233215 0.2719201147556305 0.15336021780967712 -33.848365783691406 
0.22526587545871735 0.2569885849952698 0.9397937059402466 -1255.9058837890625 
0.0 0.0 0.0 1.0

DataSet_65
0.19631490111351013 0.9421517848968506 -0.2716807723045349 165.1860809326172 
-0.9644283056259155 0.23555198311805725 0.11997197568416595 -69.81124114990234 
0.17702676355838776 0.2384643405675888 0.9548802375793457 -1120.198974609375 
0.0 0.0 0.0 1.0

DataSet_66
0.3758079409599304 0.9191276431083679 -0.11820660531520844 117.6424560546875 
-0.9133858680725098 0.38892656564712524 0.120259590446949 52.71806335449219 
0.15650759637355804 0.06277373433113098 0.9856798648834229 -1134.962890625 
0.0 0.0 0.0 1.0

DataSet_67
0.2280057817697525 0.8827423453330994 -0.41082751750946045 294.3504638671875 
-0.8684676885604858 0.3751462399959564 0.32408201694488525 -16.62558937072754 
0.4402013123035431 0.2828978896141052 0.8521687388420105 -1106.6893310546875 
0.0 0.0 0.0 1.0

DataSet_68
0.1319032609462738 0.9252207279205322 -0.35576412081718445 206.96234130859375 
-0.9895576238632202 0.1439441740512848 0.007460668683052063 -212.7912139892578 
0.05811293423175812 0.3510650396347046 0.9345459938049316 -1208.2738037109375 
0.0 0.0 0.0 1.0

DataSet_69
0.348214328289032 0.9372226595878601 -0.018982604146003723 184.1463623046875 
-0.9244739413261414 0.34668999910354614 0.1585996001958847 -164.2853240966797 
0.15522421896457672 -0.03767772763967514 0.9871605038642883 -1337.848876953125 
0.0 0.0 0.0 1.0

DataSet_70
0.3122124671936035 0.9275227785110474 0.20548707246780396 160.08023071289062 
-0.9475100636482239 0.28832998871803284 0.13816846907138824 -153.38104248046875 
0.06890629976987839 -0.2378389984369278 0.9688573479652405 -1454.4921875 
0.0 0.0 0.0 1.0

DataSet_71
0.39565128087997437 0.8966227769851685 0.19881556928157806 58.801658630371094 
-0.8712050914764404 0.2979152202606201 0.3901899456977844 -291.6883850097656 
0.2906230092048645 -0.3275882601737976 0.8990128636360168 -1460.77294921875 
0.0 0.0 0.0 1.0

DataSet_72
0.33717694878578186 0.9255881309509277 0.1720414161682129 235.5260467529297 
-0.8837371468544006 0.24818597733974457 0.3967522084712982 -175.46047973632812 
0.3245308995246887 -0.2858150899410248 0.9016592502593994 -1325.366943359375 
0.0 0.0 0.0 1.0

DataSet_73
0.4156660735607147 0.8779737949371338 0.23745262622833252 24.73443603515625 
-0.8454396724700928 0.2767220735549927 0.456789493560791 -225.98336791992188 
0.33534079790115356 -0.3906237781047821 0.8572978377342224 -1351.175048828125 
0.0 0.0 0.0 1.0

DataSet_74
-0.0832357406616211 0.9595442414283752 0.26897352933883667 14.120067596435547 
-0.9100955128669739 0.036757469177246094 -0.41276514530181885 -228.2423095703125 
-0.40595319867134094 -0.2791483998298645 0.8702173233032227 -1394.1890869140625 
0.0 0.0 0.0 1.0

DataSet_75
0.22338193655014038 0.9449835419654846 0.2389698624610901 73.18049621582031 
-0.9720343351364136 0.19774141907691956 0.1266792267560959 -186.71104431152344 
0.07245554774999619 -0.2605847418308258 0.9627283215522766 -1408.1866455078125 
0.0 0.0 0.0 1.0

DataSet_76
0.29206418991088867 0.9391042590141296 0.181057408452034 179.3292236328125 
-0.9411327242851257 0.24851560592651367 0.22914887964725494 -157.8202667236328 
0.17019906640052795 -0.23732523620128632 0.9564042091369629 -1495.4754638671875 
0.0 0.0 0.0 1.0

DataSet_77
0.3687893748283386 0.9152742624282837 0.16207237541675568 146.668212890625 
-0.8789505362510681 0.28666242957115173 0.38114383816719055 -128.8848876953125 
0.30239108204841614 -0.2830154001712799 0.9101988077163696 -1326.457763671875 
0.0 0.0 0.0 1.0

DataSet_78
0.2888354957103729 0.9542126655578613 -0.07779574394226074 83.16046905517578 
-0.931965172290802 0.29883700609207153 0.20527386665344238 -87.51045989990234 
0.21912316977977753 0.013212538324296474 0.9756077527999878 -1197.906982421875 
0.0 0.0 0.0 1.0

DataSet_79
0.39976581931114197 0.916605532169342 0.0046486700884997845 16.903209686279297 
-0.8577844500541687 0.3723144829273224 0.3543836176395416 -232.2489776611328 
0.3230992257595062 -0.14565801620483398 0.935088574886322 -1416.325927734375 
0.0 0.0 0.0 1.0

DataSet_80
0.3693488836288452 0.9290871024131775 0.019458793103694916 56.94892120361328 
-0.9177318215370178 0.3613823652267456 0.1648368239402771 89.48845672607422 
0.14611570537090302 -0.07874025404453278 0.9861288666725159 -1225.39697265625 
0.0 0.0 0.0 1.0

DataSet_81
0.3212251663208008 0.935273289680481 -0.14858731627464294 222.55340576171875 
-0.9400327205657959 0.33391302824020386 0.06957355886697769 126.03941345214844 
0.1146855279803276 0.11732818186283112 0.9864488244056702 -1018.3348388671875 
0.0 0.0 0.0 1.0

DataSet_82
0.32861241698265076 0.944153368473053 0.024256974458694458 120.50489807128906 
-0.9419201612472534 0.32573479413986206 0.08175145089626312 87.10301971435547 
0.06928455829620361 -0.04971267655491829 0.9963575005531311 -1061.49169921875 
0.0 0.0 0.0 1.0

DataSet_83
0.3308579921722412 0.9435840845108032 0.013490795157849789 173.71531677246094 
-0.9314248561859131 0.32423120737075806 0.16529326140880585 3.2298240661621094 
0.15159395337104797 -0.06725426018238068 0.986152172088623 -1300.941162109375 
0.0 0.0 0.0 1.0

DataSet_84
0.23414286971092224 0.9714021682739258 -0.03943273425102234 241.02096557617188 
-0.9015199542045593 0.23212404549121857 0.3652125895023346 -123.12905883789062 
0.36392155289649963 -0.04996253177523613 0.9300886392593384 -1304.9375 
0.0 0.0 0.0 1.0

DataSet_85
0.2896181046962738 0.9548670649528503 -0.06595612317323685 151.65945434570312 
-0.8781684041023254 0.2924994230270386 0.37850263714790344 -160.83255004882812 
0.3807118535041809 -0.051700640469789505 0.9232472777366638 -1081.465576171875 
0.0 0.0 0.0 1.0

DataSet_86
0.266593337059021 0.9595127701759338 -0.09090178459882736 159.05149841308594 
-0.8849707245826721 0.2810547351837158 0.371261328458786 -106.53858184814453 
0.38177838921546936 -0.01853039674460888 0.9240680932998657 -1023.8551025390625 
0.0 0.0 0.0 1.0

DataSet_87
0.266593337059021 0.9595127701759338 -0.09090178459882736 159.05149841308594 
-0.8849707245826721 0.2810547351837158 0.371261328458786 -106.53858184814453 
0.38177838921546936 -0.01853039674460888 0.9240680932998657 -1023.8551025390625 
0.0 0.0 0.0 1.0

DataSet_88
0.266593337059021 0.9595127701759338 -0.09090178459882736 159.05149841308594 
-0.8849707245826721 0.2810547351837158 0.371261328458786 -106.53858184814453 
0.38177838921546936 -0.01853039674460888 0.9240680932998657 -1023.8551025390625 
0.0 0.0 0.0 1.0

DataSet_89
0.266593337059021 0.9595127701759338 -0.09090178459882736 159.05149841308594 
-0.8849707245826721 0.2810547351837158 0.371261328458786 -106.53858184814453 
0.38177838921546936 -0.01853039674460888 0.9240680932998657 -1023.8551025390625 
0.0 0.0 0.0 1.0

DataSet_90
0.1880505532026291 0.9819329977035522 -0.0210863146930933 204.48294067382812 
-0.9796532392501831 0.18906021118164062 0.06734799593687057 48.23634338378906 
0.07011780142784119 0.007992450147867203 0.9975066781044006 -1120.274169921875 
0.0 0.0 0.0 1.0

DataSet_91
0.2457771748304367 0.969014048576355 -0.024602821096777916 200.18731689453125 
-0.9393645524978638 0.24436526000499725 0.2405821979045868 -25.81346321105957 
0.2391396164894104 -0.03601859509944916 0.9703168869018555 -1316.826171875 
0.0 0.0 0.0 1.0

DataSet_92
0.41371777653694153 0.910285472869873 0.014764397405087948 109.93568420410156 
-0.8633885979652405 0.38715606927871704 0.32352784276008606 -155.87371826171875 
0.28878656029701233 -0.14659664034843445 0.9461034536361694 -1404.7056884765625 
0.0 0.0 0.0 1.0

DataSet_93
0.18525338172912598 0.9749016761779785 -0.1234826147556305 102.99043273925781 
-0.9649876952171326 0.20421819388866425 0.16460151970386505 -111.02481079101562 
0.18568769097328186 0.08866621553897858 0.9786002039909363 -1213.135498046875 
0.0 0.0 0.0 1.0

DataSet_94
0.2487308830022812 0.9622923135757446 0.1101202592253685 121.7587890625 
-0.9682601094245911 0.24415045976638794 0.053505875170230865 -18.818195343017578 
0.024602381512522697 -0.11993362009525299 0.9924769997596741 -1143.796630859375 
0.0 0.0 0.0 1.0

DataSet_95
0.36744892597198486 0.9267376661300659 0.07834883779287338 83.21174621582031 
-0.9148456454277039 0.34499242901802063 0.2098512351512909 -67.35292053222656 
0.1674472838640213 -0.14878670871257782 0.9745891094207764 -1346.3798828125 
0.0 0.0 0.0 1.0

DataSet_96
0.37731611728668213 0.9260838031768799 0.0011713653802871704 72.38148498535156 
-0.8788120150566101 0.3576565682888031 0.31586581468582153 -175.39044189453125 
0.2920992374420166 -0.1202106773853302 0.9488031268119812 -1451.4315185546875 
0.0 0.0 0.0 1.0

DataSet_97
0.3181227147579193 0.9470747709274292 0.042980898171663284 55.19773483276367 
-0.9245171546936035 0.2998689115047455 0.23525886237621307 -189.1436767578125 
0.20991910994052887 -0.1145777627825737 0.9709819555282593 -1288.7467041015625 
0.0 0.0 0.0 1.0

DataSet_98
0.15967661142349243 0.9805530905723572 -0.11410053819417953 207.36215209960938 
-0.9720186591148376 0.176344633102417 0.1551845669746399 -154.54458618164062 
0.1722877472639084 0.08612850308418274 0.9812740683555603 -1234.722412109375 
0.0 0.0 0.0 1.0

DataSet_99
0.39895501732826233 0.9042063355445862 0.1524655669927597 124.46316528320312 
-0.8866468667984009 0.33798643946647644 0.3156302273273468 -45.211692810058594 
0.23386357724666595 -0.26110538840293884 0.9365531206130981 -1209.574951171875 
0.0 0.0 0.0 1.0

DataSet_100
0.27916836738586426 0.9598892331123352 -0.02603202313184738 234.87791442871094 
-0.9305709004402161 0.2771298289299011 0.23924210667610168 -1.0311126708984375 
0.23686015605926514 -0.04256419092416763 0.9706109166145325 -1094.450927734375 
0.0 0.0 0.0 1.0

DataSet_101
0.29877758026123047 0.9480668306350708 0.10909324139356613 170.79156494140625 
-0.9493125081062317 0.2835620939731598 0.13564057648181915 93.45072937011719 
0.09766161441802979 -0.144089937210083 0.9847336411476135 -1205.53173828125 
0.0 0.0 0.0 1.0

DataSet_102
0.24110037088394165 0.9447320699691772 0.22215302288532257 218.0765380859375 
-0.9650930762290955 0.25752079486846924 -0.04773221164941788 23.613162994384766 
-0.1023031696677208 -0.20289009809494019 0.9738427400588989 -1333.078369140625 
0.0 0.0 0.0 1.0

DataSet_103
0.35474395751953125 0.9216433167457581 0.15725916624069214 89.53897094726562 
-0.9320980310440063 0.33545973896980286 0.13660192489624023 -126.72047424316406 
0.07314411550760269 -0.19503964483737946 0.9780641198158264 -1386.847900390625 
0.0 0.0 0.0 1.0

DataSet_104
0.315177321434021 0.9438561201095581 0.09898961335420609 61.05663299560547 
-0.9205549359321594 0.278691828250885 0.2736959755420685 -110.56515502929688 
0.23074202239513397 -0.17738813161849976 0.9567087292671204 -1253.8629150390625 
0.0 0.0 0.0 1.0

DataSet_105
0.2064887136220932 0.970560610294342 -0.12399384379386902 258.21142578125 
-0.9671102166175842 0.22168700397014618 0.12471047043800354 -72.40448760986328 
0.14852690696716309 0.0941644012928009 0.9844149947166443 -1197.9053955078125 
0.0 0.0 0.0 1.0

DataSet_106
0.2704025208950043 0.9138079285621643 -0.3030472695827484 277.3307800292969 
-0.9530785083770752 0.2985787093639374 0.049922116100788116 106.66578674316406 
0.13610269129276276 0.27532875537872314 0.9516670107841492 -1002.3002319335938 
0.0 0.0 0.0 1.0

DataSet_107
0.28431186079978943 0.942308783531189 -0.17669428884983063 135.53897094726562 
-0.9571853876113892 0.2894546091556549 0.00348876416683197 68.75212097167969 
0.0544324554502964 0.1681372970342636 0.9842596054077148 -1017.1238403320312 
0.0 0.0 0.0 1.0

DataSet_108
0.07808492332696915 0.9918845295906067 0.10033885389566422 68.10600280761719 
-0.8281784653663635 0.008507399819791317 0.5603999495506287 -121.89229583740234 
0.5549983978271484 -0.12685728073120117 0.8221216797828674 -1226.7523193359375 
0.0 0.0 0.0 1.0

DataSet_109
0.08643346279859543 0.9949974417686462 0.0500919334590435 138.25222778320312 
-0.8775776028633118 0.052240606397390366 0.476579874753952 -84.90563201904297 
0.4715789556503296 -0.08515200763940811 0.8777029514312744 -1026.4788818359375 
0.0 0.0 0.0 1.0

DataSet_110
0.11519341915845871 0.9882334470748901 -0.10062350332736969 77.55386352539062 
-0.9830595254898071 0.12795263528823853 0.13123266398906708 -27.53060531616211 
0.14256355166435242 0.0838017612695694 0.9862316846847534 -1189.085693359375 
0.0 0.0 0.0 1.0

DataSet_111
0.08424181491136551 0.9922298789024353 -0.09155983477830887 171.629638671875 
-0.948323130607605 0.10804438591003418 0.29834476113319397 -165.9156036376953 
0.3059191107749939 0.061695218086242676 0.9500564336776733 -1353.4749755859375 
0.0 0.0 0.0 1.0

DataSet_112
0.2722614109516144 0.962080180644989 -0.016594931483268738 151.84280395507812 
-0.9167861938476562 0.26460349559783936 0.29914554953575134 -128.00779724121094 
0.29219308495521545 -0.06623180210590363 0.9540631771087646 -1079.471923828125 
0.0 0.0 0.0 1.0

DataSet_113
0.16856075823307037 0.9365644454956055 -0.30730167031288147 139.96156311035156 
-0.9727175235748291 0.20846758782863617 0.10179357975721359 -58.648109436035156 
0.15939868986606598 0.2817593216896057 0.9461520910263062 -1006.20703125 
0.0 0.0 0.0 1.0

DataSet_114
0.3055538833141327 0.93616783618927 -0.17385798692703247 175.37200927734375 
-0.9428562521934509 0.3229597806930542 0.08197016268968582 39.946434020996094 
0.13288696110248566 0.1388767957687378 0.9813532829284668 -1033.614990234375 
0.0 0.0 0.0 1.0

DataSet_115
0.2793480455875397 0.9102510213851929 -0.30562669038772583 132.30099487304688 
-0.9038770198822021 0.35669010877609253 0.23617462813854218 -18.937286376953125 
0.32399222254753113 0.21027404069900513 0.9223957061767578 -1023.2139282226562 
0.0 0.0 0.0 1.0

DataSet_116
0.22035051882266998 0.9753654599189758 0.01038356963545084 152.22662353515625 
-0.9747199416160583 0.22058318555355072 -0.035552822053432465 65.13172912597656 
-0.036967433989048004 -0.0022869911044836044 0.9993138313293457 -1046.3421630859375 
0.0 0.0 0.0 1.0

DataSet_117
0.22032782435417175 0.9753789901733398 0.00956813246011734 152.27523803710938 
-0.974731981754303 0.2205304205417633 -0.03555196523666382 64.98004913330078 
-0.03678670525550842 -0.0014932770282030106 0.9993219971656799 -1046.2958984375 
0.0 0.0 0.0 1.0

DataSet_118
0.22032782435417175 0.9753789901733398 0.00956813246011734 152.27523803710938 
-0.974731981754303 0.2205304205417633 -0.03555196523666382 64.98004913330078 
-0.03678670525550842 -0.0014932770282030106 0.9993219971656799 -1046.2958984375 
0.0 0.0 0.0 1.0

DataSet_119
0.29112914204597473 0.9551860690116882 -0.05351042374968529 99.33485412597656 
-0.9464502930641174 0.2957232892513275 0.12953585386276245 63.53347396850586 
0.13955512642860413 0.012933298945426941 0.990129828453064 -1160.98974609375 
0.0 0.0 0.0 1.0

DataSet_120
0.19090592861175537 0.9610567092895508 -0.19981221854686737 80.84036254882812 
-0.9615384340286255 0.22403904795646667 0.15890341997146606 -115.9220962524414 
0.1974809467792511 0.16179151833057404 0.9668633937835693 -1264.666259765625 
0.0 0.0 0.0 1.0

DataSet_121
0.06951718032360077 0.9570666551589966 -0.2814086675643921 207.59628295898438 
-0.9866958856582642 0.10752421617507935 0.1219419613480568 -156.14401245117188 
0.14696483314037323 0.26918768882751465 0.9518084526062012 -1244.849853515625 
0.0 0.0 0.0 1.0

DataSet_122
0.19049544632434845 0.9522643685340881 -0.23854565620422363 231.6093292236328 
-0.9803584218025208 0.19717825949192047 0.004242404829710722 -16.80647850036621 
0.05107590928673744 0.2330521047115326 0.9711220264434814 -1003.0718994140625 
0.0 0.0 0.0 1.0

DataSet_123
0.29874515533447266 0.954327404499054 0.003254663199186325 93.10357666015625 
-0.9502472877502441 0.2971492111682892 0.09344778209924698 4.352777481079102 
0.08821266144514084 -0.03100980818271637 0.9956188797950745 -1186.9781494140625 
0.0 0.0 0.0 1.0

DataSet_124
0.27855080366134644 0.9377002716064453 -0.2076721042394638 223.7664794921875 
-0.8836696743965149 0.3349285423755646 0.3270333409309387 -24.500751495361328 
0.37621456384658813 0.0924181267619133 0.921911895275116 -1208.60498046875 
0.0 0.0 0.0 1.0

DataSet_125
-0.0706247016787529 0.9891308546066284 -0.12896642088890076 228.371337890625 
-0.8087650537490845 0.018896689638495445 0.5878281593322754 -222.18304443359375 
0.5838760733604431 0.14581869542598724 0.7986398935317993 -1027.1800537109375 
0.0 0.0 0.0 1.0

DataSet_126
0.23990221321582794 0.9498904943466187 0.20038694143295288 209.24954223632812 
-0.9578479528427124 0.2652062475681305 -0.11042159050703049 -100.84024810791016 
-0.15803228318691254 -0.1654498428106308 0.9734742641448975 -1146.4759521484375 
0.0 0.0 0.0 1.0

DataSet_127
0.26506808400154114 0.9576411247253418 -0.11252747476100922 254.69497680664062 
-0.8991175293922424 0.287637323141098 0.329927921295166 -47.52179718017578 
0.3483196198940277 0.01372204814106226 0.9372753500938416 -1024.0576171875 
0.0 0.0 0.0 1.0

DataSet_128
0.2724824845790863 0.8632690906524658 -0.42487627267837524 148.03555297851562 
-0.8934379816055298 0.390907347202301 0.2212691754102707 -88.66583251953125 
0.35710209608078003 0.3193086087703705 0.8777927756309509 -1008.9956665039062 
0.0 0.0 0.0 1.0

DataSet_129
0.23736819624900818 0.9247416853904724 -0.29750490188598633 189.74111938476562 
-0.7728827595710754 0.36530956625938416 0.5188459157943726 -248.61244201660156 
0.5884798169136047 0.10677888989448547 0.801429808139801 -1185.7723388671875 
0.0 0.0 0.0 1.0

DataSet_130
0.38084927201271057 0.9071143269538879 -0.17915748059749603 194.60079956054688 
-0.7625633478164673 0.4177204370498657 0.49397042393684387 -125.5386962890625 
0.5229253768920898 -0.051509350538253784 0.8508206605911255 -1246.2811279296875 
0.0 0.0 0.0 1.0

DataSet_131
0.3353358805179596 0.9090403914451599 -0.2473769336938858 305.76947021484375 
-0.6803507208824158 0.41530272364616394 0.6038597226142883 -85.86670684814453 
0.6516692042350769 -0.03419274464249611 0.7577322125434875 -1087.856201171875 
0.0 0.0 0.0 1.0

DataSet_132
0.39117875695228577 0.8815272450447083 -0.26436492800712585 184.71755981445312 
-0.8971042633056641 0.4293486177921295 0.10422858595848083 -41.13317108154297 
0.20538505911827087 0.19639092683792114 0.9587739706039429 -1019.1770629882812 
0.0 0.0 0.0 1.0

DataSet_133
0.30128422379493713 0.9145327806472778 -0.2699214816093445 224.4322967529297 
-0.940733015537262 0.3313106298446655 0.07248928397893906 -40.45177459716797 
0.15572169423103333 0.23208416998386383 0.9601498246192932 -1146.4080810546875 
0.0 0.0 0.0 1.0

DataSet_134
0.5470276474952698 0.8300638794898987 -0.10841898620128632 211.5240020751953 
-0.7465757131576538 0.5423396229743958 0.3853471577167511 -118.12361907958984 
0.37866267561912537 -0.12985257804393768 0.9163803458213806 -1376.4354248046875 
0.0 0.0 0.0 1.0

DataSet_135
0.3440878391265869 0.9382011890411377 -0.037174731492996216 83.5635986328125 
-0.8541343808174133 0.32920798659324646 0.4025872051715851 -294.14501953125 
0.3899460434913635 -0.10677316784858704 0.9146264791488647 -1444.211181640625 
0.0 0.0 0.0 1.0

DataSet_136
0.6604374051094055 0.4156031906604767 -0.6253769993782043 124.72650909423828 
-0.5182506442070007 0.8549738526344299 0.020879805088043213 48.42382049560547 
0.5433586835861206 0.3103122413158417 0.780043363571167 -1212.1318359375 
0.0 0.0 0.0 1.0

DataSet_137
-0.2962731122970581 0.9217838048934937 0.25007379055023193 72.65626525878906 
-0.9417657256126404 -0.3255481719970703 0.08423572778701782 -154.6544952392578 
0.15905819833278656 -0.21055415272712708 0.964555561542511 -1206.949462890625 
0.0 0.0 0.0 1.0

DataSet_138
-0.16000548005104065 0.9434553384780884 0.29032790660858154 127.61465454101562 
-0.9462659358978271 -0.23033489286899567 0.22699488699436188 -164.29298400878906 
0.2810322046279907 -0.2384069710969925 0.9296144247055054 -1366.809814453125 
0.0 0.0 0.0 1.0

DataSet_139
-0.15520496666431427 0.9859622120857239 -0.06156112998723984 215.10523986816406 
-0.9685556292533875 -0.16413895785808563 -0.18697123229503632 -101.75501251220703 
-0.19445116817951202 0.030606523156166077 0.9804345965385437 -1364.142578125 
0.0 0.0 0.0 1.0

DataSet_140
-0.0839739441871643 0.9917793869972229 -0.09655092656612396 249.03997802734375 
-0.9885125160217285 -0.09513069689273834 -0.1174444779753685 -36.94036102294922 
-0.12566396594047546 0.0855795219540596 0.9883747696876526 -1256.6131591796875 
0.0 0.0 0.0 1.0

DataSet_141
0.019704051315784454 0.9993149638175964 -0.03132728859782219 229.30288696289062 
-0.9817500710487366 0.02526664547622204 0.188490092754364 -106.58428955078125 
0.18915249407291412 0.027041543275117874 0.9815753102302551 -1102.982666015625 
0.0 0.0 0.0 1.0

DataSet_142
0.5165769457817078 0.8137643933296204 -0.2663377821445465 210.09957885742188 
-0.855413556098938 0.47680655121803284 -0.20229482650756836 76.35417175292969 
-0.03762870654463768 0.33232980966567993 0.9424123167991638 -1008.4607543945312 
0.0 0.0 0.0 1.0

DataSet_143
0.32168588042259216 0.9105560183525085 -0.2596265971660614 129.13363647460938 
-0.8259283304214478 0.4039292335510254 0.39329832792282104 -47.80873107910156 
0.462990939617157 0.08791442215442657 0.8819923400878906 -1056.119873046875 
0.0 0.0 0.0 1.0

DataSet_144
0.4750821888446808 0.8639128804206848 -0.16718658804893494 82.50582885742188 
-0.7530760765075684 0.4974602162837982 0.43059223890304565 -104.858642578125 
0.4551628828048706 -0.07866249233484268 0.8869267106056213 -1285.3226318359375 
0.0 0.0 0.0 1.0

DataSet_145
0.41654157638549805 0.8849933743476868 -0.20803795754909515 214.79591369628906 
-0.7406961917877197 0.4630528688430786 0.48677632212638855 -137.2423095703125 
0.5271264314651489 -0.04866964742541313 0.8483920097351074 -1348.8311767578125 
0.0 0.0 0.0 1.0

DataSet_146
0.4583679139614105 0.8600578308105469 -0.22405226528644562 98.59259033203125 
-0.7325849533081055 0.5083519220352173 0.45265620946884155 -120.0814208984375 
0.5032079219818115 -0.04334577918052673 0.8630775809288025 -1235.755126953125 
0.0 0.0 0.0 1.0

DataSet_147
-0.0526123046875 0.9523984789848328 0.30028173327445984 90.39725494384766 
-0.924167275428772 -0.16036279499530792 0.34669673442840576 -161.04440307617188 
0.3783474564552307 -0.259270042181015 0.8886125087738037 -1128.4283447265625 
0.0 0.0 0.0 1.0

DataSet_148
0.2196350395679474 0.959160327911377 0.17824707925319672 109.37783813476562 
-0.970870852470398 0.19696073234081268 0.13644175231456757 -48.92048263549805 
0.09576184302568436 -0.20302227139472961 0.9744802117347717 -1157.023193359375 
0.0 0.0 0.0 1.0

DataSet_149
0.1881253719329834 0.9607574939727783 -0.20384781062602997 255.51824951171875 
-0.9684621691703796 0.21598945558071136 0.12421613186597824 -42.29140090942383 
0.1633705496788025 0.17405067384243011 0.9710903167724609 -1107.423583984375 
0.0 0.0 0.0 1.0

DataSet_150
0.46782487630844116 0.800152063369751 -0.37536191940307617 141.55508422851562 
-0.7973833680152893 0.5652974247932434 0.21123114228248596 70.60572814941406 
0.3812081515789032 0.20048817992210388 0.902488112449646 -1098.990234375 
0.0 0.0 0.0 1.0

DataSet_151
0.4012846350669861 0.9107093811035156 -0.09787234663963318 157.31936645507812 
-0.7219802141189575 0.380248486995697 0.5780619382858276 -176.42144775390625 
0.5636622309684753 -0.1613054871559143 0.810102105140686 -1301.839111328125 
0.0 0.0 0.0 1.0

DataSet_152
0.1373720020055771 0.9766054749488831 -0.16544105112552643 241.79281616210938 
-0.9328564405441284 0.18371379375457764 0.30988407135009766 -211.3509521484375 
0.33302828669548035 0.1117633581161499 0.9362697601318359 -1321.9945068359375 
0.0 0.0 0.0 1.0

DataSet_153
0.16971395909786224 0.9388908743858337 -0.29946792125701904 261.8728942871094 
-0.9816958904266357 0.18771620094776154 0.032182201743125916 -49.994056701660156 
0.08643055707216263 0.28852465748786926 0.9535634517669678 -1112.3116455078125 
0.0 0.0 0.0 1.0

DataSet_154
0.29465633630752563 0.9212439060211182 -0.2539435625076294 119.06465148925781 
-0.9516298174858093 0.30708906054496765 0.009845346212387085 113.07830810546875 
0.08705324679613113 0.23875927925109863 0.967168927192688 -1034.30908203125 
0.0 0.0 0.0 1.0

DataSet_155
0.4433838129043579 0.8961206078529358 0.019457301124930382 45.52899932861328 
-0.887202262878418 0.43567395210266113 0.15185631811618805 36.870086669921875 
0.12760454416275024 -0.08459319919347763 0.9882110357284546 -1308.20361328125 
0.0 0.0 0.0 1.0

DataSet_156
0.24590925872325897 0.9601952433586121 -0.1324903964996338 205.0503692626953 
-0.9681320190429688 0.249997079372406 0.014894530177116394 -54.32173156738281 
0.047423865646123886 0.12460550665855408 0.9910723567008972 -1261.4495849609375 
0.0 0.0 0.0 1.0

DataSet_157
0.253249853849411 0.9373059272766113 -0.23942047357559204 248.04803466796875 
-0.9123893976211548 0.3136861324310303 0.26295754313468933 -66.79796600341797 
0.32157453894615173 0.15185074508190155 0.9346289038658142 -1026.206298828125 
0.0 0.0 0.0 1.0

DataSet_158
0.4155665636062622 0.8099177479743958 -0.41392961144447327 308.1678161621094 
-0.8222044110298157 0.5291067361831665 0.20982380211353302 -28.244340896606445 
0.38895297050476074 0.2531389594078064 0.8857969641685486 -1058.0792236328125 
0.0 0.0 0.0 1.0

DataSet_159
0.643430233001709 0.6685721278190613 -0.3728388845920563 110.72209930419922 
-0.6691684722900391 0.7277709245681763 0.15021000802516937 -125.64693450927734 
0.371767520904541 0.15284235775470734 0.9156572222709656 -1201.2894287109375 
0.0 0.0 0.0 1.0

DataSet_160
0.1816384196281433 0.9794780611991882 0.08735126256942749 223.57943725585938 
-0.8865783214569092 0.12468414008617401 0.44545790553092957 -57.502986907958984 
0.4254249036312103 -0.15835601091384888 0.8910314440727234 -1127.7498779296875 
0.0 0.0 0.0 1.0

DataSet_161
0.28703761100769043 0.9560921788215637 -0.059136226773262024 149.19320678710938 
-0.8201383948326111 0.2771812081336975 0.5005432963371277 -211.69644165039062 
0.49495700001716614 -0.09517483413219452 0.8636893630027771 -1278.6070556640625 
0.0 0.0 0.0 1.0

DataSet_162
-0.020007461309432983 0.9574670195579529 0.2878483831882477 168.4405059814453 
-0.8334378004074097 -0.17500033974647522 0.5241720080375671 -248.89163208007812 
0.5522509813308716 -0.2294163703918457 0.8014904856681824 -1167.374755859375 
0.0 0.0 0.0 1.0

DataSet_163
0.01999632455408573 0.9435042142868042 0.33075660467147827 65.56397247314453 
-0.8562417030334473 -0.1546401083469391 0.492885947227478 -288.8695983886719 
0.5161882042884827 -0.29306352138519287 0.8047754168510437 -1190.7125244140625 
0.0 0.0 0.0 1.0

DataSet_164
0.0063651930540800095 0.9989544153213501 0.04527207091450691 183.02435302734375 
-0.9994266629219055 0.007860647514462471 -0.03293166309595108 -161.83612060546875 
-0.03325309604406357 -0.04503650218248367 0.9984317421913147 -1129.080810546875 
0.0 0.0 0.0 1.0

DataSet_165
0.00650391262024641 0.9989656209945679 0.04500323534011841 183.08901977539062 
-0.9994301795959473 0.00798430759459734 -0.03279414772987366 -161.88333129882812 
-0.03311954438686371 -0.044764306396245956 0.9984484314918518 -1129.0523681640625 
0.0 0.0 0.0 1.0

DataSet_166
0.00650391262024641 0.9989656209945679 0.04500323534011841 183.08901977539062 
-0.9994301795959473 0.00798430759459734 -0.03279414772987366 -161.88333129882812 
-0.03311954438686371 -0.044764306396245956 0.9984484314918518 -1129.0523681640625 
0.0 0.0 0.0 1.0

DataSet_167
0.24142761528491974 0.909600555896759 -0.33814120292663574 165.3503875732422 
-0.838390588760376 0.3709811866283417 0.3993421792984009 2.5034570693969727 
0.4886859059333801 0.1870821863412857 0.8521656394004822 -1081.0870361328125 
0.0 0.0 0.0 1.0

DataSet_168
0.42401647567749023 0.8907301425933838 -0.16373704373836517 89.57354736328125 
-0.735418438911438 0.44415441155433655 0.5117485523223877 -108.43436431884766 
0.528554379940033 -0.09657458961009979 0.8433881402015686 -1325.8419189453125 
0.0 0.0 0.0 1.0

DataSet_169
0.3129294514656067 0.9474130868911743 -0.06696050614118576 155.66294860839844 
-0.9285528063774109 0.31999626755714417 0.18812784552574158 -202.3834991455078 
0.19966188073158264 0.003305621212348342 0.9798592925071716 -1406.0870361328125 
0.0 0.0 0.0 1.0

DataSet_170
0.3447866439819336 0.9351178407669067 -0.08171162009239197 16.32626724243164 
-0.8590671420097351 0.3494296967983246 0.3740355968475342 -306.9604187011719 
0.37831979990005493 -0.05876670405268669 0.923807680606842 -1431.72265625 
0.0 0.0 0.0 1.0

DataSet_171
0.25195181369781494 0.9647612571716309 -0.07586849480867386 180.43106079101562 
-0.8478702902793884 0.25785717368125916 0.46327710151672363 -250.3819580078125 
0.46651503443717957 -0.052396874874830246 0.8829599618911743 -1136.1683349609375 
0.0 0.0 0.0 1.0

DataSet_172
0.25090935826301575 0.9617871046066284 -0.10959036648273468 191.61837768554688 
-0.8766075968742371 0.27377936244010925 0.39573219418525696 -92.02459716796875 
0.41061368584632874 -0.003225177526473999 0.9118037223815918 -1020.3242797851562 
0.0 0.0 0.0 1.0

DataSet_173
0.33211907744407654 0.9412559866905212 -0.06110681593418121 179.16009521484375 
-0.8164454698562622 0.31931325793266296 0.4810985326766968 -178.94137573242188 
0.47234907746315 -0.10989163815975189 0.8745342493057251 -1213.380126953125 
0.0 0.0 0.0 1.0

DataSet_174
0.22040891647338867 0.972650408744812 -0.07328785955905914 241.68380737304688 
-0.9401071667671204 0.23186226189136505 0.24987660348415375 -156.69049072265625 
0.2600352466106415 0.013823411427438259 0.9655001759529114 -1067.928955078125 
0.0 0.0 0.0 1.0

DataSet_175
0.250718891620636 0.9524515867233276 -0.1731356978416443 274.25042724609375 
-0.8513577580451965 0.3020699918270111 0.4288865923881531 -174.8643341064453 
0.4607928395271301 0.039870455861091614 0.8866117000579834 -1196.3646240234375 
0.0 0.0 0.0 1.0

DataSet_176
0.17553293704986572 0.9269055128097534 -0.3317141830921173 307.2708435058594 
-0.8831955790519714 0.29712143540382385 0.36288347840309143 -123.40860748291016 
0.4349181056022644 0.22927047312259674 0.8707934617996216 -1040.5865478515625 
0.0 0.0 0.0 1.0

DataSet_177
0.44464924931526184 0.8884723782539368 -0.11359523236751556 116.08671569824219 
-0.7365433573722839 0.4348529577255249 0.518079936504364 -188.2016143798828 
0.509696900844574 -0.1466960459947586 0.847755491733551 -1269.831787109375 
0.0 0.0 0.0 1.0

DataSet_178
0.44584423303604126 0.8901704549789429 -0.09391221404075623 81.78742980957031 
-0.8551396727561951 0.45458653569221497 0.24917300045490265 -48.87460708618164 
0.26449766755104065 -0.030784280970692635 0.9638948440551758 -1203.8511962890625 
0.0 0.0 0.0 1.0

DataSet_179
0.4163678288459778 0.8840906620025635 -0.2121829092502594 150.421142578125 
-0.8874728679656982 0.4459070563316345 0.11644246429204941 18.413177490234375 
0.19755953550338745 0.13982369005680084 0.9702677726745605 -1024.37939453125 
0.0 0.0 0.0 1.0

DataSet_180
0.3867804706096649 0.7806657552719116 -0.4908786714076996 168.16836547851562 
-0.7805244326591492 0.5606163144111633 0.27657008171081543 -7.605146408081055 
0.4911033809185028 0.27617087960243225 0.8261641263961792 -1203.488037109375 
0.0 0.0 0.0 1.0

DataSet_181
0.3764479160308838 0.9202077984809875 -0.10725933313369751 92.71598052978516 
-0.6874908208847046 0.3550818860530853 0.6334613561630249 -240.65914916992188 
0.6210018992424011 -0.1647253930568695 0.7663042545318604 -1249.0882568359375 
0.0 0.0 0.0 1.0

DataSet_182
0.24828103184700012 0.9649701714515686 -0.0847887247800827 262.8071594238281 
-0.8346147537231445 0.25752609968185425 0.4869276285171509 -264.40911865234375 
0.49170592427253723 -0.05012897029519081 0.8693171739578247 -1219.21044921875 
0.0 0.0 0.0 1.0

DataSet_183
0.1226758137345314 0.9707587957382202 -0.20634455978870392 287.9373779296875 
-0.9024312496185303 0.1956336349248886 0.3838559091091156 -124.1360092163086 
0.4129994213581085 0.13912194967269897 0.9000425338745117 -1011.1671142578125 
0.0 0.0 0.0 1.0

DataSet_184
0.3720535337924957 0.7821455001831055 -0.49982452392578125 195.49209594726562 
-0.8024073839187622 0.5417051315307617 0.2503953278064728 23.072786331176758 
0.4666031002998352 0.307902455329895 0.829142689704895 -1022.6297607421875 
0.0 0.0 0.0 1.0

DataSet_185
0.5361319780349731 0.804233193397522 -0.2564595341682434 122.72911071777344 
-0.8270729184150696 0.5612397193908691 0.030988896265625954 154.52268981933594 
0.16885758936405182 0.1954965889453888 0.966058075428009 -1085.762451171875 
0.0 0.0 0.0 1.0

DataSet_186
0.42461296916007996 0.8999316692352295 -0.09912975877523422 154.8665008544922 
-0.8788102865219116 0.43600451946258545 0.19388771057128906 -132.2769317626953 
0.21770672500133514 0.004789017140865326 0.9760024547576904 -1340.7001953125 
0.0 0.0 0.0 1.0

DataSet_187
-0.2939518094062805 0.954300582408905 -0.05387723445892334 266.3326110839844 
-0.9470757842063904 -0.2831922471523285 0.15116079151630402 -221.22470092773438 
0.12899520993232727 0.09545981138944626 0.9870398640632629 -1109.2330322265625 
0.0 0.0 0.0 1.0

DataSet_188
-0.43751582503318787 0.882091760635376 0.1746254861354828 67.91380310058594 
-0.849856972694397 -0.46908271312713623 0.24021762609481812 -357.59283447265625 
0.2938077747821808 -0.04330766201019287 0.9548829197883606 -1132.8756103515625 
0.0 0.0 0.0 1.0

DataSet_189
-0.541196346282959 0.8404303193092346 0.02798783779144287 158.89173889160156 
-0.7748921513557434 -0.48551422357559204 -0.4047444462776184 -195.42984008789062 
-0.326570987701416 -0.2407337725162506 0.91400146484375 -1195.7833251953125 
0.0 0.0 0.0 1.0

DataSet_190
0.7111026048660278 0.6616169214248657 0.2378995716571808 136.2271270751953 
-0.5725709795951843 0.7413098216056824 -0.3501746356487274 98.92730712890625 
-0.4080387353897095 0.11279570311307907 0.9059699177742004 -1197.540771484375 
0.0 0.0 0.0 1.0

DataSet_191
0.5333131551742554 0.8459130525588989 -0.0028754326049238443 172.50657653808594 
-0.7311697006225586 0.4626762866973877 0.5013198256492615 -17.835262298583984 
0.42540332674980164 -0.2652580142021179 0.8652573227882385 -1238.860107421875 
0.0 0.0 0.0 1.0

DataSet_192
0.4309805929660797 0.900990903377533 -0.04971114546060562 81.56748962402344 
-0.8722870349884033 0.4300881624221802 0.232679083943367 -55.39533996582031 
0.231021910905838 -0.05691777914762497 0.9712822437286377 -1199.0400390625 
0.0 0.0 0.0 1.0

DataSet_193
0.22915323078632355 0.9594525694847107 -0.1641327142715454 176.38186645507812 
-0.9602802395820618 0.2504112720489502 0.12311017513275146 -257.1881103515625 
0.15921905636787415 0.1294023096561432 0.9787258505821228 -1376.9781494140625 
0.0 0.0 0.0 1.0

DataSet_194
0.05130127817392349 0.9816982746124268 -0.18340301513671875 242.4635772705078 
-0.933436393737793 0.11242427676916122 0.3406718075275421 -335.9935302734375 
0.35505586862564087 0.15371814370155334 0.9221203923225403 -1237.4755859375 
0.0 0.0 0.0 1.0

DataSet_195
0.020057786256074905 0.938840389251709 -0.34376779198646545 189.68399047851562 
-0.9919929504394531 0.061569396406412125 0.11026820540428162 -269.6474609375 
0.12468983232975006 0.3388035297393799 0.9325581192970276 -1046.589599609375 
0.0 0.0 0.0 1.0

DataSet_196
0.3838818669319153 0.9100621342658997 -0.15627409517765045 88.4577407836914 
-0.8938332200050354 0.40870851278305054 0.18444374203681946 -145.8972930908203 
0.23172582685947418 0.06887836754322052 0.9703395962715149 -1206.837646484375 
0.0 0.0 0.0 1.0

DataSet_197
0.322063148021698 0.9221847653388977 -0.2141275256872177 199.11917114257812 
-0.9360647201538086 0.3440227210521698 0.07369712740182877 -122.510986328125 
0.14162710309028625 0.176702082157135 0.9740216135978699 -1340.9293212890625 
0.0 0.0 0.0 1.0

DataSet_198
0.31625768542289734 0.8631054759025574 -0.39373835921287537 234.8194580078125 
-0.9049890041351318 0.39897775650024414 0.14768731594085693 50.060577392578125 
0.2845625877380371 0.3096216917037964 0.9072808623313904 -1206.2742919921875 
0.0 0.0 0.0 1.0

DataSet_199
0.44158703088760376 0.8352569937705994 -0.32763800024986267 132.29473876953125 
-0.829205334186554 0.51939457654953 0.2065134197473526 8.502767562866211 
0.3426651656627655 0.1804855316877365 0.9219574332237244 -1276.797119140625 
0.0 0.0 0.0 1.0

DataSet_200
0.341793417930603 0.9212101101875305 -0.1858740746974945 90.64205932617188 
-0.9392131567001343 0.32800206542015076 -0.10145602375268936 -204.67274475097656 
-0.03249523416161537 0.20925237238407135 0.9773216247558594 -1428.05322265625 
0.0 0.0 0.0 1.0

