654.562 487.628 -29.284 816.756
691.810 371.011 -24.081 785.385
692.445 366.342 20.712 783.655
688.341 385.350 52.642 790.619
680.584 395.012 92.068 792.279
678.930 334.807 109.663 764.897
679.615 307.023 89.770 751.132
687.702 308.554 32.867 754.467
687.089 308.937 -36.904 754.252
683.172 357.384 -90.370 776.282
674.404 417.897 -93.493 798.873
655.665 439.882 -135.375 801.074
656.580 378.764 -170.479 776.932
636.534 404.967 -203.674 781.445
683.702 340.234 -86.106 768.519
691.761 364.770 -28.620 782.566
677.171 365.549 -114.287 777.977
652.600 419.767 -161.158 792.504
684.558 403.820 59.474 797.011
689.641 316.991 -19.663 759.259
686.237 328.197 84.039 765.309
686.969 389.987 -14.328 790.077
678.787 378.764 71.632 780.606
661.723 408.400 148.127 791.586
678.468 352.304 85.012 769.197
679.890 396.151 -27.611 787.368
678.932 401.907 -112.057 796.891
684.698 325.100 -31.982 758.633
685.677 332.075 25.956 762.299
679.652 337.901 -101.199 765.732
679.920 341.790 -17.758 761.201
659.865 426.150 -97.034 791.480
682.263 328.585 -27.691 757.772
678.743 368.662 82.975 776.845
668.240 361.655 57.611 762.009
690.940 335.181 -36.930 768.835
679.726 412.203 92.166 800.271
678.714 316.991 97.812 755.449
681.690 332.851 -68.551 761.703
681.548 399.991 -9.209 790.307
681.064 349.967 -123.872 775.673
