-0.3515625 2.548828125 31.46484375 3.955078125 1.14486367965161 2.28515625 -95.537109375
-0.439453125 1.845703125 3.603515625 3.8671875 1.14486367965161 2.28515625 -95.537109375
-0.52734375 -3.8671875 2.548828125 3.8671875 1.14486367965161 2.28515625 -95.537109375
-0.52734375 -8.173828125 6.85546875 3.8671875 1.2593478587669 2.28515625 -95.537109375
-0.52734375 -13.359375 9.052734375 3.8671875 1.14486367965161 2.28515625 -95.537109375
-0.52734375 -15.64453125 -4.5703125 3.8671875 1.14486367965161 2.28515625 -95.537109375
-0.52734375 -13.095703125 -10.8984375 3.8671875 1.14486367965161 2.28515625 -95.537109375
-0.52734375 -5.537109375 -10.546875 3.955078125 1.14486367965161 2.28515625 -95.537109375
-0.52734375 3.69140625 -10.458984375 3.8671875 1.14486367965161 2.28515625 -95.537109375
-0.52734375 10.72265625 0.52734375 3.8671875 1.14486367965161 2.28515625 -95.537109375
-0.52734375 11.337890625 14.326171875 3.8671875 1.14486367965161 2.28515625 -95.537109375
-0.439453125 17.2265625 19.51171875 3.955078125 1.14486367965161 2.28515625 -95.537109375
-0.439453125 21.533203125 5.361328125 3.8671875 1.2593478587669 2.28515625 -95.537109375
-0.3515625 26.455078125 11.337890625 3.8671875 1.2593478587669 2.28515625 -95.537109375
-0.439453125 9.931640625 -3.33984375 3.8671875 1.2593478587669 2.28515625 -95.537109375
-0.52734375 2.4609375 2.197265625 3.955078125 1.2593478587669 2.28515625 -95.537109375
-0.439453125 13.7109375 2.373046875 3.8671875 1.2593478587669 2.28515625 -95.537109375
-0.439453125 20.56640625 14.765625 3.8671875 1.2593478587669 2.28515625 -95.537109375
-0.52734375 -9.140625 11.07421875 3.8671875 1.2593478587669 2.28515625 -95.537109375
-0.52734375 1.318359375 -8.61328125 3.8671875 1.2593478587669 2.28515625 -95.537109375
-9.140625 1.318359375 -6.064453125 3.8671875 1.2593478587669 2.28515625 -95.537109375
-6.416015625 9.931640625 7.91015625 3.8671875 1.2593478587669 2.28515625 -95.537109375
-18.45703125 17.490234375 5.361328125 3.955078125 1.2593478587669 2.28515625 -95.537109375
-24.9609375 17.40234375 12.12890625 3.955078125 1.2593478587669 2.28515625 -95.537109375
-19.51171875 17.40234375 -0.615234375 3.8671875 1.2593478587669 2.28515625 -95.537109375
-10.01953125 17.40234375 9.31640625 3.8671875 1.2593478587669 2.28515625 -95.537109375
12.48046875 -7.03125 10.634765625 3.8671875 1.2593478587669 2.28515625 -95.537109375
12.48046875 -17.578125 -6.767578125 3.8671875 1.2593478587669 2.28515625 -95.537109375
7.646484375 -17.578125 -5.185546875 3.8671875 1.2593478587669 2.28515625 -95.537109375
17.841796875 -16.875 -3.8671875 3.8671875 1.2593478587669 2.28515625 -95.537109375
15.908203125 -24.78515625 -2.98828125 3.8671875 1.2593478587669 2.28515625 -95.537109375
-7.822265625 23.5546875 16.259765625 3.8671875 1.2593478587669 2.28515625 -95.537109375
-9.755859375 16.962890625 -5.9765625 3.8671875 1.2593478587669 2.28515625 -95.537109375
-19.072265625 16.962890625 3.076171875 3.955078125 1.2593478587669 2.28515625 -95.537109375
-24.169921875 28.125 1.494140625 3.955078125 1.2593478587669 2.28515625 -95.537109375
5.44921875 -5.888671875 -4.482421875 3.955078125 1.2593478587669 2.28515625 -95.537109375
-4.5703125 -7.119140625 13.0078125 3.8671875 1.2593478587669 2.28515625 -95.537109375
0.3515625 -15.64453125 -8.61328125 3.955078125 1.2593478587669 2.28515625 -95.537109375
16.435546875 -18.984375 -5.009765625 3.955078125 1.2593478587669 2.28515625 -95.537109375
-10.283203125 15.380859375 10.1953125 3.8671875 1.2593478587669 2.28515625 -95.537109375
13.88671875 -7.734375 -1.142578125 3.8671875 1.2593478587669 2.28515625 -95.537109375
