-14.853515625 -12.919921875 37.44140625 3.8671875 1.25931342353891 2.109375 -95.537109375
-13.0078125 -12.919921875 37.44140625 3.8671875 1.25931342353891 2.109375 -95.537109375
-10.986328125 -12.744140625 37.353515625 3.8671875 1.25931342353891 2.109375 -95.537109375
-8.96484375 -12.919921875 37.353515625 3.8671875 1.25931342353891 2.109375 -95.537109375
-6.85546875 -12.744140625 37.353515625 3.8671875 1.25931342353891 2.109375 -95.537109375
-5.09765625 -12.919921875 37.265625 3.8671875 1.25931342353891 2.109375 -95.537109375
-2.98828125 -12.83203125 37.265625 3.8671875 1.25931342353891 2.109375 -95.537109375
-1.0546875 -12.919921875 37.265625 3.8671875 1.25931342353891 2.109375 -95.537109375
-0.087890625 -13.0078125 37.265625 3.8671875 1.14483237471187 2.109375 -95.537109375
1.0546875 -12.919921875 37.177734375 3.8671875 1.25931342353891 2.109375 -95.537109375
3.1640625 -12.919921875 37.177734375 3.8671875 1.25931342353891 2.109375 -95.537109375
5.361328125 -12.83203125 37.265625 3.8671875 1.25931342353891 2.109375 -95.537109375
7.119140625 -12.919921875 37.265625 3.8671875 1.25931342353891 2.109375 -95.537109375
8.876953125 -13.0078125 37.177734375 3.8671875 1.25931342353891 2.109375 -95.537109375
11.25 -13.0078125 37.177734375 3.955078125 1.25931342353891 2.109375 -95.537109375
13.095703125 -13.0078125 37.08984375 3.955078125 1.25931342353891 2.109375 -95.537109375
14.94140625 -13.0078125 37.08984375 3.955078125 1.25931342353891 2.109375 -95.537109375
16.875 -12.919921875 37.001953125 3.8671875 1.25931342353891 2.109375 -95.537109375
18.896484375 -13.0078125 37.001953125 3.955078125 1.25931342353891 2.109375 -95.537109375
21.09375 -13.0078125 37.001953125 3.8671875 1.25931342353891 2.109375 -95.537109375
22.939453125 -13.0078125 37.001953125 3.8671875 1.25931342353891 2.109375 -95.537109375
24.9609375 -12.919921875 37.001953125 3.8671875 1.25931342353891 2.109375 -95.537109375
27.0703125 -12.83203125 37.001953125 3.8671875 1.25931342353891 2.109375 -95.537109375
29.091796875 -12.919921875 37.001953125 3.8671875 1.25931342353891 2.109375 -95.537109375
31.11328125 -12.919921875 37.001953125 3.8671875 1.25931342353891 2.109375 -95.537109375
