183.9
185.0
186.3
187.1
188.3
189.4
190.2
191.2
192.2
193.1
194.1
195.1
196.1
197.3
198.1
199.1
200.2
201.2
202.2
203.2
204.0
205.1
206.2
207.0
208.1
209.1
210.2
211.1
212.0
213.1
214.1
215.0
216.0
216.9
218.0
218.9
219.9
220.9
221.9
222.9
223.7
224.9
225.7
226.9
228.0
228.9
229.8
230.8
231.8
232.8
233.8
234.8
235.7
236.8
237.9
238.8
239.8
240.9
241.9
242.8
243.7
244.8
245.8
246.8
247.8
248.7
249.7
250.8
251.6
252.7
253.8
254.7
255.6
256.6
257.4
258.5
259.6
260.6
261.6
262.7
263.6
246.6
265.4
266.6
267.6
268.5
269.5
270.6
271.5
270.7
269.9
268.7
267.8
266.6
265.8
264.6
263.8
262.7
262.0
260.6
259.9
258.8
257.8
256.7
255.8
255.1
254.0
252.9
252.0
250.9
249.7
248.9
248.0
246.9
246.0
245.0
244.0
243.0
242.0
241.0
240.0
239.0
238.0
236.9
236.1
234.9
234.1
232.9
232.3
231.1
230.1
229.2
228.1
227.1
226.1
225.3
224.2
223.1
222.1
221.1
220.2
219.2
218.2
217.4
216.3
215.2
214.3
213.3
212.4
211.4
210.5
209.5
208.3
207.4
206.1
205.5
204.5
203.4
202.5
201.6
200.4
199.5
198.5
197.4
196.4
195.3
194.5
193.5
192.4
191.2
190.7
189.4
188.4
187.4
186.5
185.5
184.4
183.3
182.4
177.3
176.4
175.4
174.4
173.3
172.3
171.3
170.4
169.4
168.3
167.3
166.3
165.3
164.4
163.4
162.3
161.3
160.3
159.3
158.1
157.2
156.1
155.2
154.2
153.1
152.05
151.0
150.1
148.9
147.9
147.0
146.1
145.0
143.9
143.1
142.2
141.1
140.3
139.2
138.2
137.2
136.3
135.2
134.1
133.4
132.4
131.4
130.4
129.4
128.4
127.3
126.4
125.4
124.7
123.6
122.5
121.6
120.6
119.6
118.6
117.6
116.5
115.7
114.6
113.5
112.4
111.7
110.4
109.6
108.6
107.6
106.7
105.7
104.7
103.8
102.6
101.8
100.7
99.6
98.5
97.7
96.6
95.9
95.0
93.8
92.7
91.7
90.7
89.6
88.8
88.0