-20.21484375 98.525390625 37.529296875 1.494140625 -3.19467459493065 29.1796875 -79.013671875
-20.21484375 97.470703125 37.6171875 1.494140625 -3.19467459493065 29.1796875 -79.013671875
-20.21484375 96.591796875 37.529296875 1.494140625 -3.19467459493065 29.1796875 -79.013671875
-20.302734375 95.537109375 37.529296875 1.494140625 -3.19467459493065 29.1796875 -79.013671875
-20.21484375 94.5703125 37.529296875 1.494140625 -3.19467459493065 29.1796875 -79.013671875
-20.302734375 93.515625 37.6171875 1.494140625 -3.19467459493065 29.1796875 -79.013671875
-20.302734375 92.548828125 37.6171875 1.494140625 -3.19467459493065 29.1796875 -79.013671875
-20.390625 91.494140625 37.6171875 1.494140625 -3.19467459493065 29.1796875 -79.013671875
-20.390625 90.439453125 37.44140625 1.494140625 -3.19467459493065 29.1796875 -79.013671875
-20.390625 89.47265625 37.44140625 1.494140625 -3.19467459493065 29.1796875 -79.013671875
-20.390625 88.41796875 37.353515625 1.494140625 -3.19467459493065 29.1796875 -79.013671875
-20.390625 87.451171875 37.353515625 1.494140625 -3.19467459493065 29.1796875 -79.013671875
-20.390625 86.484375 37.353515625 1.494140625 -3.19467459493065 29.1796875 -79.013671875
-20.390625 85.4296875 37.44140625 1.494140625 -3.19467459493065 29.1796875 -79.013671875
-20.390625 84.462890625 37.265625 1.494140625 -3.19467459493065 29.1796875 -79.013671875
-20.302734375 83.583984375 37.08984375 1.494140625 -3.19467459493065 29.1796875 -79.013671875
-20.390625 82.44140625 37.177734375 1.494140625 -3.19467459493065 29.1796875 -79.013671875
-20.390625 81.5625 37.177734375 1.494140625 -3.19467459493065 29.1796875 -79.013671875
-20.302734375 80.5078125 37.265625 1.494140625 -3.19467459493065 29.1796875 -79.013671875
-20.390625 79.365234375 37.265625 1.494140625 -3.19467459493065 29.1796875 -79.013671875
-20.390625 78.57421875 37.265625 1.494140625 -3.19467459493065 29.1796875 -79.013671875
-20.302734375 77.51953125 37.265625 1.494140625 -3.19467459493065 29.1796875 -79.013671875
-20.302734375 76.46484375 37.44140625 1.494140625 -3.31297969730857 29.1796875 -79.013671875
-20.302734375 75.41015625 30.9375 1.494140625 -3.19467459493065 29.1796875 -79.013671875
-20.302734375 74.443359375 31.81640625 1.494140625 -3.19467459493065 29.1796875 -79.013671875
-20.302734375 73.4765625 25.927734375 1.494140625 -3.19467459493065 29.1796875 -79.013671875
-20.302734375 72.509765625 25.224609375 1.494140625 -3.19467459493065 29.1796875 -79.013671875
-20.302734375 71.455078125 23.818359375 1.494140625 -3.19467459493065 29.1796875 -79.013671875
-20.302734375 70.400390625 23.203125 1.494140625 -3.19467459493065 29.1796875 -79.013671875
-20.302734375 69.43359375 23.02734375 1.494140625 -3.19467459493065 29.1796875 -79.013671875
-20.302734375 68.37890625 22.8515625 1.494140625 -3.19467459493065 29.1796875 -79.013671875
-20.302734375 67.412109375 23.02734375 1.494140625 -3.31297969730857 29.1796875 -79.013671875
-20.302734375 66.533203125 21.357421875 1.494140625 -3.31297969730857 29.1796875 -79.013671875
-20.302734375 65.478515625 20.56640625 1.494140625 -3.19467459493065 29.1796875 -79.013671875
-20.302734375 64.51171875 20.0390625 1.494140625 -3.19467459493065 29.1796875 -79.013671875
-20.302734375 63.45703125 20.830078125 1.494140625 -3.19467459493065 29.1796875 -79.013671875
-20.302734375 62.490234375 22.5 1.494140625 -3.19467459493065 29.1796875 -79.013671875
-20.302734375 61.435546875 22.5 1.494140625 -3.19467459493065 29.1796875 -79.013671875
-20.302734375 60.556640625 22.587890625 1.494140625 -3.19467459493065 29.1796875 -79.013671875
-20.302734375 59.4140625 22.5 1.494140625 -3.19467459493065 29.1796875 -79.013671875
-20.302734375 58.53515625 22.587890625 1.494140625 -3.19467459493065 29.1796875 -79.013671875
-20.302734375 57.568359375 22.587890625 1.494140625 -3.19467459493065 29.1796875 -79.013671875
-20.302734375 56.513671875 22.587890625 1.494140625 -3.19467459493065 29.1796875 -79.013671875
-20.302734375 55.546875 22.587890625 1.494140625 -3.19467459493065 29.1796875 -79.013671875
-20.302734375 54.580078125 22.587890625 1.494140625 -3.19467459493065 29.1796875 -79.013671875
-20.302734375 53.525390625 22.5 1.494140625 -3.19467459493065 29.1796875 -79.013671875
-20.302734375 52.55859375 22.587890625 1.494140625 -3.19467459493065 29.1796875 -79.013671875
-20.302734375 51.591796875 22.587890625 1.494140625 -3.19467459493065 29.1796875 -79.013671875
-20.302734375 50.537109375 22.67578125 1.494140625 -3.19467459493065 29.1796875 -79.013671875
-20.302734375 49.5703125 22.67578125 1.494140625 -3.19467459493065 29.1796875 -79.013671875
-20.302734375 48.515625 22.67578125 1.494140625 -3.19467459493065 29.1796875 -79.013671875
-20.302734375 47.548828125 22.67578125 1.494140625 -3.19467459493065 29.1796875 -79.013671875
-20.302734375 46.58203125 22.67578125 1.494140625 -3.19467459493065 29.1796875 -79.013671875
-20.302734375 45.52734375 22.67578125 1.494140625 -3.19467459493065 29.1796875 -79.013671875
-20.390625 44.47265625 22.67578125 1.494140625 -3.19467459493065 29.1796875 -79.013671875
-20.390625 43.59375 22.67578125 1.494140625 -3.19467459493065 29.1796875 -79.013671875
-20.390625 42.451171875 22.67578125 1.494140625 -3.19467459493065 29.1796875 -79.013671875
-20.390625 41.572265625 22.412109375 1.494140625 -3.19467459493065 29.1796875 -79.013671875
-20.390625 40.4296875 22.67578125 1.494140625 -3.19467459493065 29.1796875 -79.013671875
-20.390625 39.55078125 22.67578125 1.494140625 -3.19467459493065 29.1796875 -79.013671875
-20.390625 38.49609375 22.587890625 1.494140625 -3.19467459493065 29.1796875 -79.013671875
-20.390625 37.44140625 22.67578125 1.494140625 -3.19467459493065 29.1796875 -79.013671875
-20.478515625 36.474609375 22.32421875 1.494140625 -3.19467459493065 29.1796875 -79.013671875
-20.390625 35.595703125 22.67578125 1.494140625 -3.19467459493065 29.1796875 -79.013671875
-20.390625 34.453125 22.67578125 1.494140625 -3.19467459493065 29.1796875 -79.013671875
-20.390625 33.57421875 22.67578125 1.494140625 -3.19467459493065 29.1796875 -79.013671875
-20.390625 32.51953125 22.412109375 1.494140625 -3.19467459493065 29.1796875 -79.013671875
-20.390625 31.552734375 22.32421875 1.494140625 -3.19467459493065 29.1796875 -79.013671875
-20.478515625 30.498046875 22.67578125 1.494140625 -3.19467459493065 29.1796875 -79.013671875
-20.478515625 29.443359375 22.67578125 1.494140625 -3.19467459493065 29.1796875 -79.013671875
-20.390625 28.564453125 22.763671875 1.494140625 -3.19467459493065 29.1796875 -79.013671875
-20.478515625 27.685546875 22.67578125 1.494140625 -3.19467459493065 29.1796875 -79.013671875
-20.390625 26.54296875 22.5 1.494140625 -3.19467459493065 29.1796875 -79.013671875
-20.478515625 25.48828125 22.5 1.494140625 -3.19467459493065 29.1796875 -79.013671875
-20.478515625 24.43359375 22.763671875 1.494140625 -3.19467459493065 29.1796875 -79.013671875
-20.478515625 23.466796875 22.763671875 1.494140625 -3.19467459493065 29.1796875 -79.013671875
-20.478515625 22.67578125 22.763671875 1.494140625 -3.19467459493065 29.1796875 -79.013671875
-20.478515625 21.62109375 22.763671875 1.494140625 -3.19467459493065 29.1796875 -79.013671875
-20.478515625 20.654296875 22.763671875 1.494140625 -3.19467459493065 29.1796875 -79.013671875
-20.478515625 19.51171875 22.763671875 1.494140625 -3.19467459493065 29.1796875 -79.013671875
-20.478515625 18.544921875 22.763671875 1.494140625 -3.19467459493065 29.1796875 -79.013671875
-20.56640625 17.666015625 22.8515625 1.494140625 -3.19467459493065 29.1796875 -79.013671875
-20.478515625 16.5234375 22.763671875 1.494140625 -3.19467459493065 29.1796875 -79.013671875
-20.56640625 15.556640625 22.763671875 1.494140625 -3.31297969730857 29.1796875 -79.013671875
-20.56640625 14.677734375 22.8515625 1.494140625 -3.19467459493065 29.1796875 -79.013671875
-20.56640625 13.53515625 22.8515625 1.494140625 -3.19467459493065 29.1796875 -79.013671875
-20.478515625 12.568359375 22.939453125 1.494140625 -3.19467459493065 29.1796875 -78.92578125
-20.56640625 11.513671875 23.02734375 1.494140625 -3.19467459493065 29.1796875 -79.013671875
-20.478515625 10.458984375 24.2578125 1.494140625 -3.19467459493065 29.1796875 -79.013671875
-20.56640625 9.580078125 24.2578125 1.494140625 -3.19467459493065 29.1796875 -79.013671875
-20.56640625 8.525390625 23.90625 1.494140625 -3.19467459493065 29.1796875 -79.013671875
-20.56640625 7.55859375 24.169921875 1.494140625 -3.19467459493065 29.1796875 -79.013671875
-20.56640625 6.416015625 24.43359375 1.494140625 -3.19467459493065 29.1796875 -79.013671875
-20.56640625 5.537109375 24.345703125 1.494140625 -3.19467459493065 29.1796875 -79.013671875
-20.56640625 4.658203125 24.43359375 1.494140625 -3.19467459493065 29.1796875 -79.013671875
-20.56640625 3.603515625 25.224609375 1.494140625 -3.19467459493065 29.1796875 -79.013671875
-20.654296875 2.63671875 25.6640625 1.494140625 -3.19467459493065 29.1796875 -78.92578125
-20.478515625 -3.251953125 30.9375 1.494140625 -3.19467459493065 29.1796875 -79.013671875
-20.654296875 -4.482421875 30.673828125 1.494140625 -3.19467459493065 29.1796875 -79.013671875
-20.654296875 -5.537109375 27.509765625 1.494140625 -3.19467459493065 29.1796875 -79.013671875
-20.56640625 -6.416015625 26.630859375 1.494140625 -3.19467459493065 29.1796875 -79.013671875
-20.56640625 -7.55859375 25.48828125 1.494140625 -3.19467459493065 29.1796875 -79.013671875
-20.654296875 -8.61328125 25.3125 1.494140625 -3.19467459493065 29.1796875 -79.013671875
-20.654296875 -9.580078125 25.13671875 1.494140625 -3.19467459493065 29.1796875 -79.013671875
-20.654296875 -10.546875 24.609375 1.494140625 -3.19467459493065 29.1796875 -79.013671875
-20.654296875 -11.513671875 24.609375 1.494140625 -3.19467459493065 29.1796875 -79.013671875
-20.654296875 -12.392578125 23.90625 1.494140625 -3.19467459493065 29.1796875 -79.013671875
-20.654296875 -13.53515625 23.37890625 1.494140625 -3.19467459493065 29.1796875 -79.013671875
-20.654296875 -14.4140625 23.37890625 1.494140625 -3.19467459493065 29.1796875 -79.013671875
-20.654296875 -15.380859375 22.763671875 1.494140625 -3.19467459493065 29.1796875 -79.013671875
-20.7421875 -16.611328125 21.62109375 1.494140625 -3.19467459493065 29.1796875 -79.013671875
-20.7421875 -17.40234375 21.97265625 1.494140625 -3.19467459493065 29.1796875 -79.013671875
-20.7421875 -18.369140625 21.796875 1.494140625 -3.19467459493065 29.1796875 -79.013671875
-20.7421875 -19.423828125 22.1484375 1.494140625 -3.31297969730857 29.1796875 -79.013671875
-20.7421875 -20.478515625 21.796875 1.494140625 -3.19467459493065 29.1796875 -79.013671875
-20.7421875 -21.533203125 22.763671875 1.494140625 -3.19467459493065 29.1796875 -79.013671875
-20.830078125 -22.587890625 22.939453125 1.494140625 -3.19467459493065 29.1796875 -79.013671875
-20.7421875 -23.466796875 22.8515625 1.494140625 -3.19467459493065 29.1796875 -79.013671875
-20.7421875 -24.43359375 23.02734375 1.494140625 -3.19467459493065 29.1796875 -79.013671875
-20.7421875 -25.48828125 22.8515625 1.494140625 -3.19467459493065 29.1796875 -79.013671875
-20.7421875 -26.455078125 22.763671875 1.494140625 -3.19467459493065 29.1796875 -79.013671875
-20.7421875 -27.509765625 22.763671875 1.494140625 -3.19467459493065 29.1796875 -79.013671875
-20.7421875 -28.4765625 22.1484375 1.494140625 -3.31297969730857 29.1796875 -79.013671875
-20.830078125 -29.53125 22.939453125 1.494140625 -3.19467459493065 29.1796875 -79.013671875
-20.830078125 -30.5859375 22.763671875 1.494140625 -3.19467459493065 29.1796875 -79.013671875
-20.830078125 -31.46484375 22.763671875 1.494140625 -3.19467459493065 29.1796875 -79.013671875
-20.7421875 -32.51953125 22.763671875 1.494140625 -3.19467459493065 29.1796875 -79.013671875
-20.830078125 -33.486328125 22.412109375 1.494140625 -3.19467459493065 29.1796875 -79.013671875
-20.830078125 -34.541015625 22.32421875 1.494140625 -3.19467459493065 29.1796875 -79.013671875
-20.830078125 -35.5078125 22.32421875 1.494140625 -3.31297969730857 29.1796875 -79.013671875
-20.830078125 -36.474609375 21.533203125 1.494140625 -3.19467459493065 29.1796875 -79.013671875
-20.830078125 -37.529296875 21.708984375 1.494140625 -3.19467459493065 29.1796875 -79.013671875
-20.91796875 -38.583984375 21.357421875 1.494140625 -3.19467459493065 29.1796875 -79.013671875
-20.91796875 -39.462890625 20.7421875 1.494140625 -3.19467459493065 29.1796875 -79.013671875
-20.830078125 -40.341796875 19.775390625 1.494140625 -3.19467459493065 29.1796875 -79.013671875
-20.830078125 -41.396484375 19.3359375 1.494140625 -3.31297969730857 29.1796875 -79.013671875
-20.91796875 -42.451171875 24.345703125 1.494140625 -3.19467459493065 29.1796875 -79.013671875
-20.91796875 -43.505859375 23.37890625 1.494140625 -3.19467459493065 29.1796875 -79.013671875
-20.91796875 -44.560546875 22.763671875 1.494140625 -3.19467459493065 29.1796875 -79.013671875
-20.91796875 -45.52734375 22.412109375 1.494140625 -3.19467459493065 29.1796875 -79.013671875
-20.91796875 -46.494140625 20.830078125 1.494140625 -3.19467459493065 29.1796875 -79.013671875
-20.91796875 -47.724609375 20.7421875 1.494140625 -3.19467459493065 29.1796875 -79.013671875
-20.91796875 -48.603515625 21.005859375 1.494140625 -3.19467459493065 29.1796875 -79.013671875
-20.91796875 -49.482421875 20.478515625 1.494140625 -3.19467459493065 29.1796875 -79.013671875
-20.91796875 -50.44921875 19.6875 1.494140625 -3.19467459493065 29.1796875 -79.013671875
-21.005859375 -51.50390625 19.248046875 1.494140625 -3.19467459493065 29.1796875 -79.013671875
-20.91796875 -52.55859375 18.10546875 1.494140625 -3.31297969730857 29.1796875 -79.013671875
-21.005859375 -53.4375 17.841796875 1.494140625 -3.19467459493065 29.1796875 -79.013671875
-20.91796875 -54.4921875 17.75390625 1.494140625 -3.19467459493065 29.1796875 -79.013671875
-21.005859375 -55.458984375 18.28125 1.494140625 -3.19467459493065 29.1796875 -79.013671875
-21.005859375 -56.513671875 17.138671875 1.494140625 -3.19467459493065 29.1796875 -79.013671875
-21.005859375 -57.65625 21.708984375 1.494140625 -3.19467459493065 29.1796875 -78.92578125
-21.005859375 -58.447265625 21.26953125 1.494140625 -3.19467459493065 29.1796875 -79.013671875
-21.005859375 -59.501953125 20.126953125 1.494140625 -3.19467459493065 29.1796875 -79.013671875
-21.005859375 -60.556640625 20.0390625 1.494140625 -3.19467459493065 29.1796875 -79.013671875
-21.09375 -61.611328125 19.599609375 1.494140625 -3.19467459493065 29.1796875 -79.013671875
-21.09375 -62.578125 19.3359375 1.494140625 -3.19467459493065 29.1796875 -79.013671875
-21.005859375 -63.45703125 21.708984375 1.494140625 -3.19467459493065 29.1796875 -78.92578125
-21.09375 -64.51171875 21.005859375 1.494140625 -3.19467459493065 29.1796875 -79.013671875
-21.005859375 -65.56640625 21.708984375 1.494140625 -3.19467459493065 29.1796875 -79.013671875
-21.09375 -66.533203125 24.521484375 1.494140625 -3.19467459493065 29.1796875 -79.013671875
-21.09375 -67.5 24.169921875 1.494140625 -3.19467459493065 29.1796875 -79.013671875
-21.005859375 -68.466796875 23.642578125 1.494140625 -3.19467459493065 29.1796875 -78.92578125
-21.005859375 -69.521484375 23.02734375 1.494140625 -3.19467459493065 29.1796875 -79.013671875
-21.005859375 -70.6640625 23.203125 1.494140625 -3.19467459493065 29.1796875 -79.013671875
-21.005859375 -71.455078125 22.8515625 1.494140625 -3.19467459493065 29.1796875 -79.013671875
-21.005859375 -72.59765625 22.412109375 1.494140625 -3.19467459493065 29.1796875 -79.013671875
-21.005859375 -73.65234375 22.8515625 1.494140625 -3.19467459493065 29.1796875 -79.013671875
-21.005859375 -74.619140625 23.02734375 1.494140625 -3.19467459493065 29.1796875 -79.013671875
-21.005859375 -75.498046875 22.939453125 1.494140625 -3.19467459493065 29.1796875 -78.92578125
-21.09375 -76.552734375 22.5 1.494140625 -3.19467459493065 29.1796875 -79.013671875
-21.005859375 -77.51953125 22.412109375 1.494140625 -3.19467459493065 29.1796875 -79.013671875
-21.005859375 -78.486328125 22.32421875 1.494140625 -3.19467459493065 29.1796875 -79.013671875
-21.005859375 -79.541015625 22.5 1.494140625 -3.19467459493065 29.1796875 -79.013671875
-21.09375 -80.595703125 22.1484375 1.494140625 -3.19467459493065 29.1796875 -78.92578125
-21.09375 -81.5625 21.884765625 1.494140625 -3.19467459493065 29.1796875 -79.013671875
-21.09375 -82.705078125 21.4453125 1.494140625 -3.19467459493065 29.1796875 -78.92578125
-21.09375 -83.671875 21.62109375 1.494140625 -3.19467459493065 29.1796875 -79.013671875
-21.09375 -84.7265625 21.796875 1.494140625 -3.19467459493065 29.1796875 -79.013671875
-21.09375 -85.4296875 21.26953125 1.494140625 -3.31297969730857 29.1796875 -79.013671875
-21.09375 -86.66015625 20.830078125 1.494140625 -3.19467459493065 29.1796875 -79.013671875
-21.09375 -87.626953125 21.005859375 1.494140625 -3.19467459493065 29.1796875 -79.013671875
-21.26953125 -88.59375 20.654296875 1.494140625 -3.19397230872131 29.091796875 -79.013671875
-21.181640625 -89.6484375 20.390625 1.494140625 -3.19467459493065 29.1796875 -79.013671875
-21.181640625 -90.791015625 20.478515625 1.494140625 -3.19467459493065 29.1796875 -79.013671875
-21.181640625 -91.58203125 20.0390625 1.494140625 -3.19467459493065 29.1796875 -79.013671875
-21.09375 -90.966796875 19.599609375 1.494140625 -3.19467459493065 29.1796875 -79.013671875
-21.09375 -90.087890625 19.599609375 1.494140625 -3.19467459493065 29.1796875 -79.013671875
-21.181640625 -89.033203125 18.896484375 1.494140625 -3.19467459493065 29.1796875 -79.013671875
-21.09375 -88.06640625 18.28125 1.494140625 -3.31297969730857 29.1796875 -79.013671875
-21.09375 -86.923828125 18.10546875 1.494140625 -3.19467459493065 29.1796875 -79.013671875
-21.09375 -86.044921875 17.490234375 1.494140625 -3.19467459493065 29.1796875 -79.013671875
-21.09375 -84.90234375 18.45703125 1.494140625 -3.19397230872131 29.091796875 -79.013671875
-21.09375 -83.935546875 17.841796875 1.494140625 -3.31297969730857 29.1796875 -79.013671875
-21.09375 -82.96875 18.984375 1.494140625 -3.19467459493065 29.1796875 -79.013671875
-21.09375 -82.08984375 18.45703125 1.494140625 -3.19467459493065 29.1796875 -79.013671875
-21.09375 -80.947265625 18.544921875 1.494140625 -3.19467459493065 29.1796875 -78.92578125
-21.09375 -80.068359375 21.97265625 1.494140625 -3.19467459493065 29.1796875 -79.013671875
-21.005859375 -79.013671875 21.357421875 1.494140625 -3.19467459493065 29.1796875 -79.013671875
-21.005859375 -77.958984375 23.5546875 1.494140625 -3.19467459493065 29.1796875 -79.013671875
-21.09375 -76.904296875 22.587890625 1.494140625 -3.19467459493065 29.1796875 -79.013671875
-21.005859375 -75.9375 22.587890625 1.494140625 -3.19467459493065 29.1796875 -79.013671875
-21.09375 -75.05859375 22.939453125 1.494140625 -3.19467459493065 29.1796875 -79.013671875
-21.09375 -74.091796875 22.32421875 1.494140625 -3.19467459493065 29.1796875 -79.013671875
-21.005859375 -73.037109375 22.412109375 1.494140625 -3.19467459493065 29.1796875 -78.92578125
-21.005859375 -72.0703125 22.236328125 1.494140625 -3.19467459493065 29.1796875 -79.013671875
-21.005859375 -70.927734375 22.236328125 1.494140625 -3.19467459493065 29.1796875 -79.013671875
-20.91796875 -69.78515625 22.236328125 1.494140625 -3.19467459493065 29.1796875 -79.013671875
-20.91796875 -68.994140625 22.236328125 1.494140625 -3.19467459493065 29.1796875 -79.013671875
-20.91796875 -68.02734375 22.236328125 1.494140625 -3.19467459493065 29.1796875 -79.013671875
-20.91796875 -66.97265625 22.236328125 1.494140625 -3.19467459493065 29.1796875 -79.013671875
-20.91796875 -66.005859375 21.884765625 1.494140625 -3.19467459493065 29.1796875 -79.013671875
-20.830078125 -65.0390625 21.708984375 1.494140625 -3.19467459493065 29.1796875 -79.013671875
-20.91796875 -64.072265625 21.26953125 1.494140625 -3.19467459493065 29.1796875 -79.013671875
-20.91796875 -63.017578125 22.763671875 1.494140625 -3.19467459493065 29.1796875 -79.013671875
-20.91796875 -62.05078125 22.587890625 1.494140625 -3.19467459493065 29.1796875 -79.013671875
-20.91796875 -60.99609375 21.181640625 1.494140625 -3.19467459493065 29.1796875 -79.013671875
-20.91796875 -59.94140625 21.181640625 1.494140625 -3.19467459493065 29.1796875 -78.92578125
-20.91796875 -59.0625 26.103515625 1.494140625 -3.19467459493065 29.1796875 -79.013671875
-20.91796875 -58.0078125 25.400390625 1.494140625 -3.19467459493065 29.1796875 -79.013671875
-20.91796875 -56.953125 25.3125 1.494140625 -3.19467459493065 29.1796875 -79.013671875
-20.91796875 -56.07421875 25.400390625 1.494140625 -3.19467459493065 29.1796875 -79.013671875
-20.91796875 -54.931640625 25.3125 1.494140625 -3.19467459493065 29.1796875 -79.013671875
-20.830078125 -54.052734375 25.13671875 1.494140625 -3.19467459493065 29.1796875 -79.013671875
-20.830078125 -52.91015625 24.9609375 1.494140625 -3.19467459493065 29.1796875 -79.013671875
-20.91796875 -52.03125 23.203125 1.494140625 -3.19467459493065 29.1796875 -79.013671875
-20.91796875 -51.064453125 22.763671875 1.494140625 -3.19467459493065 29.1796875 -79.013671875
-20.830078125 -50.009765625 22.587890625 1.494140625 -3.19467459493065 29.1796875 -79.013671875
-20.91796875 -49.04296875 26.71875 1.494140625 -3.19467459493065 29.1796875 -79.013671875
-20.7421875 -48.076171875 26.806640625 1.494140625 -3.19467459493065 29.1796875 -79.013671875
-20.830078125 -47.021484375 27.509765625 1.494140625 -3.31297969730857 29.1796875 -79.013671875
-20.830078125 -45.87890625 27.421875 1.494140625 -3.19467459493065 29.1796875 -79.013671875
-20.830078125 -45.087890625 27.421875 1.494140625 -3.19467459493065 29.1796875 -79.013671875
-20.830078125 -44.033203125 27.421875 1.494140625 -3.31297969730857 29.1796875 -79.013671875
-20.7421875 -42.978515625 27.421875 1.494140625 -3.19467459493065 29.1796875 -79.013671875
-20.7421875 -41.923828125 27.333984375 1.494140625 -3.19467459493065 29.1796875 -78.92578125
-20.7421875 -41.044921875 27.24609375 1.494140625 -3.19467459493065 29.1796875 -79.013671875
-20.7421875 -40.078125 27.158203125 1.494140625 -3.31297969730857 29.1796875 -79.013671875
-20.7421875 -38.935546875 27.158203125 1.494140625 -3.19467459493065 29.1796875 -78.92578125
-20.7421875 -37.96875 27.158203125 1.494140625 -3.19467459493065 29.1796875 -78.92578125
-20.7421875 -37.08984375 27.158203125 1.494140625 -3.19467459493065 29.1796875 -79.013671875
-20.654296875 -36.03515625 26.71875 1.494140625 -3.19467459493065 29.1796875 -79.013671875
-20.654296875 -34.892578125 26.89453125 1.494140625 -3.19467459493065 29.1796875 -79.013671875
-20.654296875 -33.92578125 26.71875 1.494140625 -3.19467459493065 29.1796875 -79.013671875
-20.654296875 -32.958984375 26.89453125 1.494140625 -3.19467459493065 29.1796875 -79.013671875
-20.654296875 -31.9921875 26.71875 1.494140625 -3.31297969730857 29.1796875 -79.013671875
-20.654296875 -31.025390625 26.455078125 1.494140625 -3.19467459493065 29.1796875 -78.92578125
-20.56640625 -30.05859375 27.333984375 1.494140625 -3.19467459493065 29.1796875 -79.013671875
-20.56640625 -29.091796875 26.455078125 1.494140625 -3.19467459493065 29.1796875 -79.013671875
-20.56640625 -27.94921875 27.59765625 1.494140625 -3.19467459493065 29.1796875 -79.013671875
-20.654296875 -26.982421875 26.54296875 1.494140625 -3.19467459493065 29.1796875 -79.013671875
-20.56640625 -25.6640625 26.71875 1.494140625 -3.19467459493065 29.1796875 -79.013671875
-20.56640625 -24.9609375 27.685546875 1.494140625 -3.19467459493065 29.1796875 -79.013671875
-20.56640625 -24.08203125 27.0703125 1.494140625 -3.19467459493065 29.1796875 -79.013671875
-20.654296875 -22.8515625 26.806640625 1.494140625 -3.19467459493065 29.1796875 -79.013671875
-20.56640625 -22.060546875 27.59765625 1.494140625 -3.19467459493065 29.1796875 -79.013671875
-20.654296875 -21.005859375 26.71875 1.494140625 -3.19467459493065 29.1796875 -79.013671875
-20.56640625 -19.951171875 27.7734375 1.494140625 -3.19467459493065 29.1796875 -79.013671875
-20.56640625 -18.984375 27.333984375 1.494140625 -3.19467459493065 29.1796875 -79.013671875
-20.56640625 -18.017578125 26.71875 1.494140625 -3.31297969730857 29.1796875 -78.92578125
-20.478515625 -16.875 27.7734375 1.494140625 -3.19467459493065 29.1796875 -79.013671875
-20.56640625 -15.908203125 26.982421875 1.494140625 -3.19467459493065 29.1796875 -79.013671875
-20.56640625 -14.765625 25.13671875 1.494140625 -3.19467459493065 29.1796875 -79.013671875
-20.56640625 -14.0625 24.9609375 1.494140625 -3.19467459493065 29.1796875 -79.013671875
-20.56640625 -12.919921875 26.3671875 1.494140625 -3.19467459493065 29.1796875 -79.013671875
-20.56640625 -11.953125 26.455078125 1.494140625 -3.19467459493065 29.1796875 -79.013671875
-20.478515625 -10.72265625 24.08203125 1.494140625 -3.19467459493065 29.1796875 -79.013671875
-20.56640625 -9.931640625 24.43359375 1.494140625 -3.19467459493065 29.1796875 -79.013671875
-20.654296875 -8.96484375 24.08203125 1.494140625 -3.19467459493065 29.1796875 -79.013671875
-20.478515625 -7.91015625 24.169921875 1.494140625 -3.19467459493065 29.1796875 -78.92578125
-20.478515625 -6.943359375 24.2578125 1.494140625 -3.19467459493065 29.1796875 -79.013671875
-20.478515625 -5.9765625 24.2578125 1.494140625 -3.19467459493065 29.1796875 -79.013671875
-20.478515625 -5.009765625 24.697265625 1.494140625 -3.19467459493065 29.1796875 -79.013671875
-20.56640625 -3.8671875 24.697265625 1.494140625 -3.31297969730857 29.1796875 -79.013671875
-20.478515625 -2.8125 29.443359375 1.494140625 -3.19467459493065 29.1796875 -79.013671875
-20.56640625 -1.93359375 28.4765625 1.494140625 -3.19467459493065 29.1796875 -79.013671875
-20.390625 3.1640625 23.115234375 1.494140625 -3.19467459493065 29.1796875 -79.013671875
-20.478515625 4.04296875 23.02734375 1.494140625 -3.19467459493065 29.1796875 -79.013671875
-20.478515625 5.09765625 23.37890625 1.494140625 -3.19467459493065 29.1796875 -79.013671875
-20.478515625 6.064453125 24.697265625 1.494140625 -3.19467459493065 29.1796875 -79.013671875
-20.56640625 7.20703125 24.609375 1.494140625 -3.19467459493065 29.1796875 -79.013671875
-20.56640625 8.173828125 24.9609375 1.494140625 -3.19467459493065 29.1796875 -79.013671875
-20.478515625 9.140625 24.345703125 1.494140625 -3.19467459493065 29.1796875 -79.013671875
-20.56640625 9.931640625 23.642578125 1.494140625 -3.19467459493065 29.1796875 -79.013671875
-20.478515625 11.07421875 23.466796875 1.494140625 -3.19467459493065 29.1796875 -79.013671875
-20.478515625 12.041015625 23.37890625 1.494140625 -3.19467459493065 29.1796875 -79.013671875
-20.478515625 13.0078125 23.02734375 1.494140625 -3.19467459493065 29.1796875 -79.013671875
-20.478515625 14.150390625 22.763671875 1.494140625 -3.19467459493065 29.1796875 -79.013671875
-20.478515625 15.029296875 22.060546875 1.494140625 -3.31297969730857 29.1796875 -79.013671875
-20.478515625 16.083984375 21.796875 1.494140625 -3.19467459493065 29.1796875 -79.013671875
-20.390625 16.962890625 21.09375 1.494140625 -3.19467459493065 29.1796875 -79.013671875
-20.390625 18.10546875 21.26953125 1.494140625 -3.19467459493065 29.1796875 -79.013671875
-20.390625 18.984375 21.005859375 1.494140625 -3.31297969730857 29.1796875 -79.013671875
-20.390625 20.0390625 21.26953125 1.494140625 -3.19467459493065 29.1796875 -79.013671875
-20.390625 21.005859375 21.357421875 1.494140625 -3.19467459493065 29.1796875 -79.013671875
-20.390625 22.060546875 21.533203125 1.494140625 -3.19467459493065 29.1796875 -79.013671875
-20.390625 23.115234375 21.708984375 1.494140625 -3.19467459493065 29.1796875 -79.013671875
-20.390625 24.169921875 20.91796875 1.494140625 -3.19467459493065 29.1796875 -78.92578125
-20.390625 25.048828125 20.56640625 1.494140625 -3.19467459493065 29.1796875 -79.013671875
-20.390625 26.103515625 20.302734375 1.494140625 -3.19467459493065 29.1796875 -79.013671875
-20.390625 27.0703125 20.56640625 1.494140625 -3.19467459493065 29.1796875 -79.013671875
-20.390625 28.125 20.56640625 1.494140625 -3.19467459493065 29.1796875 -79.013671875
-20.390625 29.091796875 26.3671875 1.494140625 -3.19467459493065 29.1796875 -79.013671875
-20.390625 30.05859375 26.3671875 1.494140625 -3.31297969730857 29.1796875 -79.013671875
-20.302734375 31.2890625 26.279296875 1.494140625 -3.19467459493065 29.1796875 -79.013671875
-20.390625 32.255859375 26.3671875 1.494140625 -3.19467459493065 29.1796875 -79.013671875
-20.302734375 33.22265625 26.3671875 1.494140625 -3.19467459493065 29.1796875 -79.013671875
-20.302734375 34.1015625 26.3671875 1.494140625 -3.19467459493065 29.1796875 -79.013671875
-20.302734375 35.15625 26.3671875 1.494140625 -3.19467459493065 29.1796875 -79.013671875
-20.390625 36.298828125 26.3671875 1.494140625 -3.19467459493065 29.1796875 -79.013671875
-20.390625 37.08984375 26.19140625 1.494140625 -3.19467459493065 29.1796875 -79.013671875
-20.390625 38.056640625 26.279296875 1.494140625 -3.19467459493065 29.1796875 -79.013671875
-20.302734375 39.0234375 26.279296875 1.494140625 -3.19467459493065 29.1796875 -79.013671875
-20.302734375 39.90234375 26.630859375 1.494140625 -3.19467459493065 29.1796875 -79.013671875
-20.302734375 41.044921875 26.54296875 1.494140625 -3.19467459493065 29.1796875 -79.013671875
-20.302734375 42.01171875 26.54296875 1.494140625 -3.19467459493065 29.1796875 -79.013671875
-20.302734375 43.06640625 26.54296875 1.494140625 -3.19467459493065 29.1796875 -79.013671875
-20.390625 44.033203125 26.54296875 1.494140625 -3.19467459493065 29.1796875 -79.013671875
-20.302734375 45.087890625 26.54296875 1.494140625 -3.19467459493065 29.1796875 -79.013671875
-20.390625 46.23046875 26.54296875 1.494140625 -3.19467459493065 29.1796875 -79.013671875
-20.390625 47.021484375 26.54296875 1.494140625 -3.19467459493065 29.1796875 -79.013671875
-20.390625 48.076171875 26.54296875 1.494140625 -3.31297969730857 29.1796875 -79.013671875
-20.390625 49.04296875 26.630859375 1.494140625 -3.19467459493065 29.1796875 -79.013671875
-20.390625 50.009765625 26.71875 1.494140625 -3.19467459493065 29.1796875 -79.013671875
-20.302734375 50.9765625 26.630859375 1.494140625 -3.19467459493065 29.1796875 -79.013671875
-20.390625 52.03125 26.630859375 1.494140625 -3.19467459493065 29.1796875 -79.013671875
-20.302734375 53.173828125 26.71875 1.494140625 -3.19467459493065 29.1796875 -79.013671875
-20.302734375 54.140625 29.794921875 1.494140625 -3.19467459493065 29.1796875 -79.013671875
-20.302734375 55.107421875 30.673828125 1.494140625 -3.19467459493065 29.1796875 -79.013671875
-20.302734375 56.162109375 30.322265625 1.494140625 -3.19467459493065 29.1796875 -79.013671875
-20.302734375 57.041015625 30.673828125 1.494140625 -3.19467459493065 29.1796875 -79.013671875
-20.302734375 58.095703125 30.673828125 1.494140625 -3.19467459493065 29.1796875 -79.013671875
-20.302734375 59.0625 30.673828125 1.494140625 -3.31297969730857 29.1796875 -79.013671875
-20.302734375 60.029296875 31.552734375 1.494140625 -3.19467459493065 29.1796875 -79.013671875
-20.302734375 60.99609375 31.552734375 1.494140625 -3.19467459493065 29.1796875 -79.013671875
-20.302734375 62.05078125 32.16796875 1.494140625 -3.31297969730857 29.1796875 -79.013671875
-20.302734375 63.017578125 32.16796875 1.494140625 -3.19467459493065 29.1796875 -79.013671875
-20.302734375 64.072265625 32.255859375 1.494140625 -3.19467459493065 29.1796875 -79.013671875
-20.302734375 64.951171875 32.255859375 1.494140625 -3.31297969730857 29.1796875 -79.013671875
-20.302734375 65.91796875 32.34375 1.494140625 -3.19467459493065 29.1796875 -79.013671875
-20.21484375 67.1484375 32.6953125 1.494140625 -3.19467459493065 29.1796875 -79.013671875
-20.302734375 68.291015625 32.607421875 1.494140625 -3.19467459493065 29.1796875 -79.013671875
-20.302734375 68.994140625 32.6953125 1.494140625 -3.19467459493065 29.1796875 -79.013671875
-20.302734375 70.13671875 32.87109375 1.494140625 -3.19467459493065 29.1796875 -79.013671875
-20.302734375 71.015625 33.92578125 1.494140625 -3.19467459493065 29.1796875 -79.013671875
-20.302734375 71.982421875 34.013671875 1.494140625 -3.19467459493065 29.1796875 -79.013671875
-20.302734375 73.037109375 34.189453125 1.494140625 -3.19467459493065 29.1796875 -79.013671875
-20.302734375 74.00390625 35.068359375 1.494140625 -3.19467459493065 29.1796875 -79.013671875
-20.302734375 75.05859375 35.15625 1.494140625 -3.19467459493065 29.1796875 -79.013671875
-20.302734375 76.025390625 35.15625 1.494140625 -3.19467459493065 29.1796875 -79.013671875
-20.302734375 76.9921875 35.33203125 1.494140625 -3.19467459493065 29.1796875 -79.013671875
-20.302734375 78.22265625 35.68359375 1.494140625 -3.19467459493065 29.1796875 -79.013671875
-20.302734375 79.013671875 35.771484375 1.494140625 -3.19467459493065 29.1796875 -79.013671875
-20.302734375 80.068359375 35.947265625 1.494140625 -3.19467459493065 29.1796875 -79.013671875
-20.302734375 81.2109375 36.03515625 1.494140625 -3.19467459493065 29.1796875 -79.013671875
-20.302734375 82.265625 36.123046875 1.494140625 -3.19467459493065 29.1796875 -79.013671875
-20.302734375 83.14453125 36.38671875 1.494140625 -3.19467459493065 29.1796875 -79.013671875
-20.302734375 84.287109375 36.474609375 1.494140625 -3.19467459493065 29.1796875 -79.013671875
-20.302734375 84.990234375 36.5625 1.494140625 -3.19467459493065 29.1796875 -79.013671875
-20.302734375 85.95703125 36.650390625 1.494140625 -3.19467459493065 29.1796875 -79.013671875
-20.302734375 87.099609375 36.73828125 1.494140625 -3.19467459493065 29.1796875 -79.013671875
-20.302734375 88.154296875 36.73828125 1.494140625 -3.19467459493065 29.1796875 -79.013671875
-20.302734375 89.12109375 36.650390625 1.494140625 -3.19467459493065 29.1796875 -79.013671875
-20.390625 90.17578125 36.826171875 1.494140625 -3.19467459493065 29.1796875 -79.013671875
-20.390625 91.318359375 36.826171875 1.494140625 -3.31297969730857 29.1796875 -79.013671875
-20.390625 92.197265625 36.826171875 1.494140625 -3.19467459493065 29.1796875 -79.013671875
-20.390625 92.98828125 36.826171875 1.494140625 -3.19467459493065 29.1796875 -79.013671875
