DataSet: 1
-20.21484375 98.525390625 37.529296875 1.494140625 -3.19467459493065 29.1796875 -79.013671875
305.676 421.425 -306.286 604.026
-0.5541344 0.05747117 -0.8304409 305.6758 -0.08274905 0.9888695 0.1236519 421.4247 0.8283041 0.137238 -0.5432109 -306.2865 0 0 0 1
DataSet: 2
-20.21484375 97.470703125 37.6171875 1.494140625 -3.19467459493065 29.1796875 -79.013671875
312.501 421.740 -304.846 607.003
-0.5692869 0.05493534 -0.8203015 312.501 -0.08274905 0.9888695 0.1236519 421.7402 0.817964 0.1382726 -0.5584046 -304.8461 0 0 0 1
DataSet: 3
-20.21484375 96.591796875 37.529296875 1.494140625 -3.19467459493065 29.1796875 -79.013671875
318.221 421.425 -303.948 609.301
-0.5817668 0.05280788 -0.8116395 318.2212 -0.08274905 0.9888695 0.1236519 421.4247 0.8091353 0.139099 -0.5709217 -303.948 0 0 0 1
DataSet: 4
-20.302734375 95.537109375 37.529296875 1.494140625 -3.19467459493065 29.1796875 -79.013671875
325.556 421.425 -301.927 612.164
-0.5979542 0.04999407 -0.7999696 325.5562 -0.08274905 0.9888695 0.1236519 421.4247 0.7972474 0.1401349 -0.5871617 -301.9266 0 0 0 1
DataSet: 5
-20.21484375 94.5703125 37.529296875 1.494140625 -3.19467459493065 29.1796875 -79.013671875
326.324 421.425 -302.203 612.709
-0.5993601 0.0497467 -0.7989322 326.3238 -0.08274905 0.9888695 0.1236519 421.4247 0.796191 0.1402229 -0.5885724 -302.203 0 0 0 1
DataSet: 6
-20.302734375 93.515625 37.6171875 1.494140625 -3.19467459493065 29.1796875 -79.013671875
333.590 421.740 -299.801 615.653
-0.615301 0.04690763 -0.7868954 333.5905 -0.08274905 0.9888695 0.1236519 421.7402 0.783937 0.141198 -0.6045708 -299.8012 0 0 0 1
DataSet: 7
-20.302734375 92.548828125 37.6171875 1.494140625 -3.19467459493065 29.1796875 -79.013671875
339.774 421.740 -298.211 618.257
-0.628457 0.04451554 -0.7765695 339.7744 -0.08274905 0.9888695 0.1236519 421.7402 0.7734303 0.1419703 -0.6177784 -298.2108 0 0 0 1
DataSet: 8
-20.390625 91.494140625 37.6171875 1.494140625 -3.19467459493065 29.1796875 -79.013671875
347.006 421.740 -295.752 621.085
-0.6439328 0.04164228 -0.763948 347.0056 -0.08274905 0.9888695 0.1236519 421.7402 0.760594 0.1428395 -0.6333196 -295.7516 0 0 0 1
DataSet: 9
-20.390625 90.439453125 37.44140625 1.494140625 -3.19467459493065 29.1796875 -79.013671875
353.785 421.109 -294.188 623.733
-0.6578409 0.03900273 -0.7521464 353.7848 -0.08274905 0.9888695 0.1236519 421.1088 0.7485973 0.1435827 -0.6472913 -294.1877 0 0 0 1
DataSet: 10
-20.390625 89.47265625 37.44140625 1.494140625 -3.19467459493065 29.1796875 -79.013671875
360.079 421.109 -292.189 626.390
-0.6708055 0.03649092 -0.740735 360.079 -0.08274905 0.9888695 0.1236519 421.1088 0.7370024 0.1442415 -0.6603195 -292.1891 0 0 0 1
DataSet: 11
-20.390625 88.41796875 37.353515625 1.494140625 -3.19467459493065 29.1796875 -79.013671875
366.575 420.793 -290.229 629.028
-0.6839274 0.03389576 -0.7287623 366.5748 -0.08274905 0.9888695 0.1236519 420.7926 0.724842 0.1448733 -0.67351 -290.2291 0 0 0 1
DataSet: 12
-20.390625 87.451171875 37.353515625 1.494140625 -3.19467459493065 29.1796875 -79.013671875
372.443 420.793 -288.138 631.509
-0.6957622 0.03150725 -0.7175809 372.4435 -0.08274905 0.9888695 0.1236519 420.7926 0.7134897 0.1454114 -0.6854108 -288.1378 0 0 0 1
DataSet: 13
-20.390625 86.484375 37.353515625 1.494140625 -3.19467459493065 29.1796875 -79.013671875
378.277 420.793 -285.950 633.977
-0.7074086 0.02911021 -0.7062051 378.2769 -0.08274905 0.9888695 0.1236519 420.7926 0.7019442 0.1459102 -0.6971259 -285.9502 0 0 0 1
DataSet: 14
-20.390625 85.4296875 37.44140625 1.494140625 -3.19467459493065 29.1796875 -79.013671875
383.654 421.109 -283.601 636.359
-0.7181748 0.02685125 -0.6953445 383.6542 -0.08274905 0.9888695 0.1236519 421.1088 0.6909252 0.1463428 -0.7079592 -283.6011 0 0 0 1
DataSet: 15
-20.390625 84.462890625 37.265625 1.494140625 -3.19467459493065 29.1796875 -79.013671875
388.821 420.476 -281.950 638.340
-0.7280156 0.02474847 -0.6851137 388.8211 -0.08274905 0.9888695 0.1236519 420.476 0.6805483 0.146713 -0.7178645 -281.9495 0 0 0 1
DataSet: 16
-20.302734375 83.583984375 37.08984375 1.494140625 -3.19467459493065 29.1796875 -79.013671875
393.884 419.842 -280.731 640.486
-0.7373165 0.02272614 -0.6751651 393.884 -0.08274905 0.9888695 0.1236519 419.842 0.6704602 0.1470398 -0.7272292 -280.7314 0 0 0 1
DataSet: 17
-20.390625 82.44140625 37.177734375 1.494140625 -3.19467459493065 29.1796875 -79.013671875
401.271 420.159 -276.707 643.521
-0.7518305 0.01949877 -0.659068 401.2712 -0.08274905 0.9888695 0.1236519 420.1591 0.6541433 0.1475025 -0.7418488 -276.7067 0 0 0 1
DataSet: 18
-20.390625 81.5625 37.177734375 1.494140625 -3.19467459493065 29.1796875 -79.013671875
406.260 420.159 -274.360 645.642
-0.7612648 0.01735145 -0.6482089 406.2596 -0.08274905 0.9888695 0.1236519 420.1591 0.6431395 0.1477705 -0.7513557 -274.3601 0 0 0 1
DataSet: 19
-20.302734375 80.5078125 37.265625 1.494140625 -3.19467459493065 29.1796875 -79.013671875
411.335 420.476 -272.120 648.109
-0.7707041 0.01516157 -0.6370128 411.3349 -0.08274905 0.9888695 0.1236519 420.476 0.6317973 0.1480112 -0.7608711 -272.1202 0 0 0 1
DataSet: 20
-20.390625 79.365234375 37.265625 1.494140625 -3.19467459493065 29.1796875 -79.013671875
418.472 420.476 -267.989 650.951
-0.7841128 0.01197503 -0.6205028 418.4717 -0.08274905 0.9888695 0.1236519 420.476 0.615077 0.148303 -0.7743943 -267.9887 0 0 0 1
DataSet: 21
-20.390625 78.57421875 37.265625 1.494140625 -3.19467459493065 29.1796875 -79.013671875
423.044 420.476 -265.549 652.903
-0.7924541 0.009945022 -0.6098504 423.0441 -0.08274905 0.9888695 0.1236519 420.476 0.6042922 0.148453 -0.7828107 -265.5489 0 0 0 1
DataSet: 22
-20.302734375 77.51953125 37.265625 1.494140625 -3.19467459493065 29.1796875 -79.013671875
428.692 420.476 -262.912 655.515
-0.8024256 0.007466923 -0.5967055 428.6916 -0.08274905 0.9888695 0.1236519 420.476 0.5909871 0.1485982 -0.7928762 -262.9124 0 0 0 1
DataSet: 23
-20.302734375 76.46484375 37.44140625 1.494140625 -3.31297969730857 29.1796875 -79.013671875
435.133 421.062 -258.721 658.460
-0.8134206 0.006665593 -0.5816377 435.1326 -0.08174513 0.9887009 0.1256511 421.0618 0.5759033 0.1497533 -0.8036848 -258.7212 0 0 0 1
DataSet: 24
-20.302734375 75.41015625 30.9375 1.494140625 -3.19467459493065 29.1796875 -79.013671875
447.592 396.870 -268.460 655.679
-0.8238096 0.001945902 -0.5668632 447.5924 -0.08274905 0.9888695 0.1236519 396.8703 0.5607944 0.148773 -0.8144792 -268.4595 0 0 0 1
DataSet: 25
-20.302734375 74.443359375 31.81640625 1.494140625 -3.19467459493065 29.1796875 -79.013671875
452.374 400.240 -263.311 658.914
-0.8332329 -0.0005859218 -0.5529218 452.3744 -0.08274905 0.9888695 0.1236519 400.2402 0.5466951 0.1487846 -0.824007 -263.3112 0 0 0 1
DataSet: 26
-20.302734375 73.4765625 25.927734375 1.494140625 -3.19467459493065 29.1796875 -79.013671875
462.706 377.163 -270.154 655.234
-0.8409006 -0.002695437 -0.5411829 462.7064 -0.08274905 0.9888695 0.1236519 377.1625 0.534826 0.1487613 -0.8317639 -270.1539 0 0 0 1
DataSet: 27
-20.302734375 72.509765625 25.224609375 1.494140625 -3.19467459493065 29.1796875 -79.013671875
469.063 374.334 -267.364 656.985
-0.8499348 -0.005242172 -0.5268619 469.0635 -0.08274905 0.9888695 0.1236519 374.3336 0.5203494 0.1486934 -0.8409083 -267.3644 0 0 0 1
DataSet: 28
-20.302734375 71.455078125 23.818359375 1.494140625 -3.19467459493065 29.1796875 -79.013671875
476.486 368.633 -265.024 658.154
-0.8595059 -0.008018649 -0.511063 476.4861 -0.08274905 0.9888695 0.1236519 368.6334 0.504383 0.1485695 -0.8506026 -265.0237 0 0 0 1
DataSet: 29
-20.302734375 70.400390625 23.203125 1.494140625 -3.19467459493065 29.1796875 -79.013671875
482.714 366.122 -261.737 659.973
-0.868096 -0.01058555 -0.4962835 482.7138 -0.08274905 0.9888695 0.1236519 366.1225 0.4894507 0.1484087 -0.8593096 -261.7372 0 0 0 1
DataSet: 30
-20.302734375 69.43359375 23.02734375 1.494140625 -3.19467459493065 29.1796875 -79.013671875
487.423 365.403 -258.582 661.789
-0.8748342 -0.01265323 -0.4842571 487.423 -0.08274905 0.9888695 0.1236519 365.4032 0.4773025 0.1482467 -0.8661439 -258.5818 0 0 0 1
DataSet: 31
-20.302734375 68.37890625 22.8515625 1.494140625 -3.19467459493065 29.1796875 -79.013671875
493.522 364.683 -254.244 664.227
-0.8834633 -0.01537717 -0.4682479 493.5218 -0.08274905 0.9888695 0.1236519 364.6832 0.4611346 0.147989 -0.8749023 -254.2435 0 0 0 1
DataSet: 32
-20.302734375 67.412109375 23.02734375 1.494140625 -3.31297969730857 29.1796875 -79.013671875
499.241 365.356 -249.380 667.021
-0.8912588 -0.0160916 -0.4532094 499.2414 -0.08174513 0.9887009 0.1256511 365.3562 0.4460667 0.1490353 -0.8825038 -249.3796 0 0 0 1
DataSet: 33
-20.302734375 66.533203125 21.357421875 1.494140625 -3.31297969730857 29.1796875 -79.013671875
505.526 358.484 -247.379 667.281
-0.8979898 -0.01837356 -0.4396325 505.5259 -0.08174513 0.9887009 0.1256511 358.4838 0.4323564 0.1487713 -0.8893453 -247.3786 0 0 0 1
DataSet: 34
-20.302734375 65.478515625 20.56640625 1.494140625 -3.19467459493065 29.1796875 -79.013671875
511.438 355.252 -243.751 668.721
-0.9056311 -0.02283372 -0.4234512 511.4384 -0.08274905 0.9888695 0.1236519 355.2516 0.4159146 0.1470232 -0.8974404 -243.7508 0 0 0 1
DataSet: 35
-20.302734375 64.51171875 20.0390625 1.494140625 -3.19467459493065 29.1796875 -79.013671875
517.156 353.057 -239.655 670.473
-0.912614 -0.02534565 -0.4080359 517.1563 -0.08274905 0.9888695 0.1236519 353.0573 0.4003602 0.146611 -0.9045535 -239.6552 0 0 0 1
DataSet: 36
-20.302734375 63.45703125 20.830078125 1.494140625 -3.19467459493065 29.1796875 -79.013671875
522.173 356.346 -233.637 673.969
-0.9199558 -0.02808843 -0.3910145 522.1735 -0.08274905 0.9888695 0.1236519 356.3463 0.3831891 0.1461103 -0.9120405 -233.6373 0 0 0 1
DataSet: 37
-20.302734375 62.490234375 22.5 1.494140625 -3.19467459493065 29.1796875 -79.013671875
525.734 363.241 -226.977 678.129
-0.9264021 -0.030594 -0.3752908 525.7341 -0.08274905 0.9888695 0.1236519 363.2406 0.3673306 0.1456063 -0.9186224 -226.9765 0 0 0 1
DataSet: 38
-20.302734375 61.435546875 22.5 1.494140625 -3.19467459493065 29.1796875 -79.013671875
531.108 363.241 -221.703 680.568
-0.9330196 -0.03327441 -0.3582836 531.1084 -0.08274905 0.9888695 0.1236519 363.2406 0.3501813 0.1450173 -0.9253881 -221.7032 0 0 0 1
DataSet: 39
-20.302734375 60.556640625 22.587890625 1.494140625 -3.19467459493065 29.1796875 -79.013671875
535.383 363.602 -217.179 682.647
-0.9382444 -0.03547902 -0.3441493 535.3827 -0.08274905 0.9888695 0.1236519 363.6016 0.3359317 0.1444937 -0.9307371 -217.1786 0 0 0 1
DataSet: 40
-20.302734375 59.4140625 22.5 1.494140625 -3.19467459493065 29.1796875 -79.013671875
541.379 363.241 -211.059 685.260
-0.9450943 -0.03850658 -0.3245213 541.3792 -0.08274905 0.9888695 0.1236519 363.2406 0.3161478 0.1437165 -0.9377612 -211.0589 0 0 0 1
DataSet: 41
-20.302734375 58.53515625 22.587890625 1.494140625 -3.19467459493065 29.1796875 -79.013671875
545.741 363.602 -206.100 687.399
-0.9500797 -0.04082397 -0.3093249 545.7411 -0.08274905 0.9888695 0.1236519 363.6016 0.300834 0.1430755 -0.942883 -206.1002 0 0 0 1
DataSet: 42
-20.302734375 57.568359375 22.587890625 1.494140625 -3.19467459493065 29.1796875 -79.013671875
549.702 363.602 -201.638 689.229
-0.9543768 -0.04291158 -0.2955056 549.7021 -0.08274905 0.9888695 0.1236519 363.6016 0.2869103 0.1424633 -0.947305 -201.6378 0 0 0 1
DataSet: 43
-20.302734375 56.513671875 22.587890625 1.494140625 -3.19467459493065 29.1796875 -79.013671875
554.604 363.602 -195.928 691.505
-0.9595055 -0.04553149 -0.2779858 554.6041 -0.08274905 0.9888695 0.1236519 363.6016 0.2692616 0.1416477 -0.9525934 -195.9278 0 0 0 1
DataSet: 44
-20.302734375 55.546875 22.587890625 1.494140625 -3.19467459493065 29.1796875 -79.013671875
559.183 363.602 -190.395 693.644
-0.9640954 -0.04801713 -0.2611791 559.183 -0.08274905 0.9888695 0.1236519 363.6016 0.2523347 0.1408245 -0.9573378 -190.3954 0 0 0 1
DataSet: 45
-20.302734375 54.580078125 22.587890625 1.494140625 -3.19467459493065 29.1796875 -79.013671875
563.664 363.602 -184.783 695.750
-0.9683866 -0.0504879 -0.2442916 563.6638 -0.08274905 0.9888695 0.1236519 363.6016 0.2353296 0.1399577 -0.9617857 -184.7834 0 0 0 1
DataSet: 46
-20.302734375 53.525390625 22.5 1.494140625 -3.19467459493065 29.1796875 -79.013671875
567.785 363.241 -179.654 697.567
-0.9720578 -0.05273968 -0.2287405 567.7852 -0.08274905 0.9888695 0.1236519 363.2406 0.2196732 0.1391248 -0.9656024 -179.6542 0 0 0 1
DataSet: 47
-20.302734375 52.55859375 22.587890625 1.494140625 -3.19467459493065 29.1796875 -79.013671875
571.873 363.602 -173.948 699.644
-0.9756876 -0.05512163 -0.2121208 571.8726 -0.08274905 0.9888695 0.1236519 363.6016 0.2029438 0.1381984 -0.969389 -173.9478 0 0 0 1
DataSet: 48
-20.302734375 51.591796875 22.587890625 1.494140625 -3.19467459493065 29.1796875 -79.013671875
575.963 363.602 -168.255 701.605
-0.9790297 -0.05748731 -0.1954384 575.9629 -0.08274905 0.9888695 0.1236519 363.6016 0.1861546 0.1372312 -0.9728895 -168.2554 0 0 0 1
DataSet: 49
-20.302734375 50.537109375 22.67578125 1.494140625 -3.19467459493065 29.1796875 -79.013671875
580.208 363.962 -161.886 703.788
-0.9823459 -0.06004868 -0.1771739 580.2079 -0.08274905 0.9888695 0.1236519 363.9623 0.1677767 0.1361299 -0.9763809 -161.8864 0 0 0 1
DataSet: 50
-20.302734375 49.5703125 22.67578125 1.494140625 -3.19467459493065 29.1796875 -79.013671875
583.603 363.962 -156.796 705.441
-0.9847521 -0.06208386 -0.1625084 583.6034 -0.08274905 0.9888695 0.1236519 363.9623 0.1530228 0.1352139 -0.9789286 -156.7957 0 0 0 1
DataSet: 51
-20.302734375 48.515625 22.67578125 1.494140625 -3.19467459493065 29.1796875 -79.013671875
587.847 363.962 -150.191 707.524
-0.9875146 -0.0646745 -0.1436392 587.8474 -0.08274905 0.9888695 0.1236519 363.9623 0.1340433 0.133994 -0.9818748 -150.1907 0 0 0 1
DataSet: 52
-20.302734375 47.548828125 22.67578125 1.494140625 -3.19467459493065 29.1796875 -79.013671875
591.625 363.962 -144.065 709.397
-0.9897255 -0.06702823 -0.1262955 591.6254 -0.08274905 0.9888695 0.1236519 363.9623 0.1166016 0.1328323 -0.9842559 -144.0654 0 0 0 1
DataSet: 53
-20.302734375 46.58203125 22.67578125 1.494140625 -3.19467459493065 29.1796875 -79.013671875
595.223 363.962 -137.998 711.198
-0.9915936 -0.06931481 -0.1092594 595.2226 -0.08274905 0.9888695 0.1236519 363.9623 0.09947234 0.1316535 -0.9862924 -137.9984 0 0 0 1
DataSet: 54
-20.302734375 45.52734375 22.67578125 1.494140625 -3.19467459493065 29.1796875 -79.013671875
598.728 363.962 -131.846 712.970
-0.9931707 -0.07158941 -0.09212434 598.7278 -0.08274905 0.9888695 0.1236519 363.9623 0.08224677 0.1304306 -0.9880401 -131.8462 0 0 0 1
DataSet: 55
-20.390625 44.47265625 22.67578125 1.494140625 -3.19467459493065 29.1796875 -79.013671875
602.471 363.962 -124.344 714.774
-0.9946023 -0.07415346 -0.07257715 602.4714 -0.08274905 0.9888695 0.1236519 363.9623 0.06260011 0.1289901 -0.989668 -124.3439 0 0 0 1
DataSet: 56
-20.390625 43.59375 22.67578125 1.494140625 -3.19467459493065 29.1796875 -79.013671875
605.311 363.962 -118.915 716.248
-0.9954303 -0.07608219 -0.05770674 605.3109 -0.08274905 0.9888695 0.1236519 363.9623 0.04765673 0.127862 -0.9906463 -118.9154 0 0 0 1
DataSet: 57
-20.390625 42.451171875 22.67578125 1.494140625 -3.19467459493065 29.1796875 -79.013671875
608.880 363.962 -111.796 718.123
-0.9961709 -0.07856383 -0.03835625 608.8797 -0.08274905 0.9888695 0.1236519 363.9623 0.02821476 0.1263524 -0.9915841 -111.7956 0 0 0 1
DataSet: 58
-20.390625 41.572265625 22.412109375 1.494140625 -3.19467459493065 29.1796875 -79.013671875
611.320 362.879 -107.638 719.013
-0.9964349 -0.08005259 -0.02662701 611.3199 -0.08274905 0.9888695 0.1236519 362.8795 0.01643199 0.1254144 -0.9919683 -107.6379 0 0 0 1
DataSet: 59
-20.390625 40.4296875 22.67578125 1.494140625 -3.19467459493065 29.1796875 -79.013671875
614.348 363.962 -100.154 721.057
-0.9965653 -0.08250804 -0.007077515 614.3478 -0.08274905 0.9888695 0.1236519 363.9623 -0.003203536 0.1238128 -0.9923004 -100.154 0 0 0 1
DataSet: 60
-20.390625 39.55078125 22.67578125 1.494140625 -3.19467459493065 29.1796875 -79.013671875
616.845 363.962 -94.498 722.424
-0.9964023 -0.0843751 0.007962827 616.8452 -0.08274905 0.9888695 0.1236519 363.9623 -0.01830734 0.1225481 -0.9922937 -94.49786 0 0 0 1
DataSet: 61
-20.390625 38.49609375 22.587890625 1.494140625 -3.19467459493065 29.1796875 -79.013671875
619.815 363.602 -87.796 723.937
-0.995912 -0.08656494 0.02580349 619.8154 -0.08274905 0.9888695 0.1236519 363.6016 -0.0362202 0.1210112 -0.9919901 -87.79633 0 0 0 1
DataSet: 62
-20.390625 37.44140625 22.67578125 1.494140625 -3.19467459493065 29.1796875 -79.013671875
622.379 363.962 -81.049 725.530
-0.9951165 -0.08868975 0.04332847 622.3795 -0.08274905 0.9888695 0.1236519 363.9623 -0.05381286 0.1194626 -0.9913793 -81.04864 0 0 0 1
DataSet: 63
-20.478515625 36.474609375 22.32421875 1.494140625 -3.19467459493065 29.1796875 -79.013671875
625.431 362.518 -73.763 726.653
-0.9939475 -0.09088971 0.06170423 625.4307 -0.08274905 0.9888695 0.1236519 362.5182 -0.07225611 0.1177975 -0.9904054 -73.76347 0 0 0 1
DataSet: 64
-20.390625 35.595703125 22.67578125 1.494140625 -3.19467459493065 29.1796875 -79.013671875
626.945 363.962 -68.789 728.190
-0.9928793 -0.09247471 0.0750947 626.9453 -0.08274905 0.9888695 0.1236519 363.9623 -0.08569352 0.1165574 -0.9894801 -68.7891 0 0 0 1
DataSet: 65
-20.390625 34.453125 22.67578125 1.494140625 -3.19467459493065 29.1796875 -79.013671875
629.574 363.962 -61.129 729.773
-0.9909824 -0.09477036 0.09472287 629.5738 -0.08274905 0.9888695 0.1236519 363.9623 -0.1053871 0.1146986 -0.9877944 -61.12885 0 0 0 1
DataSet: 66
-20.390625 33.57421875 22.67578125 1.494140625 -3.19467459493065 29.1796875 -79.013671875
631.746 363.962 -54.392 731.116
-0.9890047 -0.09674618 0.1118475 631.7462 -0.08274905 0.9888695 0.1236519 363.9623 -0.1225654 0.113037 -0.9860022 -54.39224 0 0 0 1
DataSet: 67
-20.390625 32.51953125 22.412109375 1.494140625 -3.19467459493065 29.1796875 -79.013671875
634.238 362.879 -47.529 732.256
-0.9866499 -0.09875602 0.1294965 634.2382 -0.08274905 0.9888695 0.1236519 362.8795 -0.1402664 0.1112854 -0.9838399 -47.52874 0 0 0 1
DataSet: 68
-20.390625 31.552734375 22.32421875 1.494140625 -3.19467459493065 29.1796875 -79.013671875
636.197 362.518 -41.119 733.387
-0.9842129 -0.1005705 0.1456383 636.1972 -0.08274905 0.9888695 0.1236519 362.5182 -0.156453 0.1096483 -0.9815802 -41.11937 0 0 0 1
DataSet: 69
-20.478515625 30.498046875 22.67578125 1.494140625 -3.19467459493065 29.1796875 -79.013671875
637.637 363.962 -32.775 734.931
-0.9809463 -0.1027071 0.1649107 637.6371 -0.08274905 0.9888695 0.1236519 363.9623 -0.1757751 0.1076497 -0.9785268 -32.77531 0 0 0 1
DataSet: 70
-20.478515625 29.443359375 22.67578125 1.494140625 -3.19467459493065 29.1796875 -79.013671875
639.403 363.962 -25.565 736.178
-0.9775854 -0.1046489 0.1826892 639.4028 -0.08274905 0.9888695 0.1236519 363.9623 -0.1935958 0.1057629 -0.975364 -25.56504 0 0 0 1
DataSet: 71
-20.390625 28.564453125 22.763671875 1.494140625 -3.19467459493065 29.1796875 -79.013671875
640.640 364.323 -20.486 737.272
-0.9748323 -0.1060926 0.1960774 640.6398 -0.08274905 0.9888695 0.1236519 364.3228 -0.2070135 0.1043146 -0.972761 -20.48584 0 0 0 1
DataSet: 72
-20.478515625 27.685546875 22.67578125 1.494140625 -3.19467459493065 29.1796875 -79.013671875
642.106 363.962 -13.220 738.203
-0.9711198 -0.1078747 0.2128131 642.1061 -0.08274905 0.9888695 0.1236519 363.9623 -0.2237833 0.1024707 -0.9692372 -13.22034 0 0 0 1
DataSet: 73
-20.390625 26.54296875 22.5 1.494140625 -3.19467459493065 29.1796875 -79.013671875
643.904 363.241 -6.339 739.321
-0.9668401 -0.1097409 0.2306017 643.9036 -0.08274905 0.9888695 0.1236519 363.2406 -0.2416047 0.1004695 -0.9651596 -6.339101 0 0 0 1
DataSet: 74
-20.478515625 25.48828125 22.5 1.494140625 -3.19467459493065 29.1796875 -79.013671875
645.171 363.241 2.069 740.401
-0.9618533 -0.1117138 0.2497164 645.171 -0.08274905 0.9888695 0.1236519 363.2406 -0.2607506 0.09827117 -0.9603915 2.068506 0 0 0 1
DataSet: 75
-20.478515625 24.43359375 22.763671875 1.494140625 -3.19467459493065 29.1796875 -79.013671875
645.992 364.323 10.033 741.712
-0.9565728 -0.1136133 0.268441 645.9919 -0.08274905 0.9888695 0.1236519 364.3228 -0.2795016 0.09606879 -0.955327 10.03342 0 0 0 1
DataSet: 76
-20.478515625 23.466796875 22.763671875 1.494140625 -3.19467459493065 29.1796875 -79.013671875
646.963 364.323 17.276 742.692
-0.9514112 -0.1153164 0.2855152 646.9632 -0.08274905 0.9888695 0.1236519 364.3228 -0.2965963 0.09401767 -0.9503638 17.27582 0 0 0 1
DataSet: 77
-20.478515625 22.67578125 22.763671875 1.494140625 -3.19467459493065 29.1796875 -79.013671875
647.661 364.323 23.214 743.462
-0.9469607 -0.1166823 0.299417 647.6613 -0.08274905 0.9888695 0.1236519 364.3228 -0.3105124 0.092317 -0.9460759 23.2136 0 0 0 1
DataSet: 78
-20.478515625 21.62109375 22.763671875 1.494140625 -3.19467459493065 29.1796875 -79.013671875
648.412 364.323 30.657 744.385
-0.9411055 -0.1183561 0.316721 648.412 -0.08274905 0.9888695 0.1236519 364.3228 -0.3278306 0.09016111 -0.9404244 30.65668 0 0 0 1
DataSet: 79
-20.478515625 20.654296875 22.763671875 1.494140625 -3.19467459493065 29.1796875 -79.013671875
648.933 364.323 36.863 745.120
-0.9359895 -0.1197191 0.3310453 648.9328 -0.08274905 0.9888695 0.1236519 364.3228 -0.3421641 0.08834318 -0.9354781 36.86265 0 0 0 1
DataSet: 80
-20.478515625 19.51171875 22.763671875 1.494140625 -3.19467459493065 29.1796875 -79.013671875
649.426 364.323 44.206 745.949
-0.9296619 -0.121294 0.3478742 649.426 -0.08274905 0.9888695 0.1236519 364.3228 -0.3590004 0.08616818 -0.9293513 44.20619 0 0 0 1
DataSet: 81
-20.478515625 18.544921875 22.763671875 1.494140625 -3.19467459493065 29.1796875 -79.013671875
649.740 364.323 50.426 746.616
-0.9240712 -0.1225957 0.3620258 649.7397 -0.08274905 0.9888695 0.1236519 364.3228 -0.3731555 0.08430585 -0.9239305 50.42606 0 0 0 1
DataSet: 82
-20.56640625 17.666015625 22.8515625 1.494140625 -3.19467459493065 29.1796875 -79.013671875
649.805 364.683 61.544 747.682
-0.9139723 -0.1247635 0.3861202 649.8052 -0.08274905 0.9888695 0.1236519 364.6832 -0.3972497 0.08106331 -0.9141233 61.54435 0 0 0 1
DataSet: 83
-20.478515625 16.5234375 22.763671875 1.494140625 -3.19467459493065 29.1796875 -79.013671875
650.112 364.323 68.160 748.347
-0.9069698 -0.1261459 0.4018618 650.1124 -0.08274905 0.9888695 0.1236519 364.3228 -0.4129871 0.07889485 -0.9073132 68.16032 0 0 0 1
DataSet: 84
-20.56640625 15.556640625 22.763671875 1.494140625 -3.31297969730857 29.1796875 -79.013671875
649.936 364.276 76.480 748.975
-0.8994588 -0.1274885 0.4179958 649.936 -0.08174513 0.9887009 0.1256511 364.2758 -0.429292 0.07884891 -0.8997173 76.48032 0 0 0 1
DataSet: 85
-20.56640625 14.677734375 22.8515625 1.494140625 -3.19467459493065 29.1796875 -79.013671875
649.638 364.683 81.748 749.471
-0.8931676 -0.1286266 0.4309371 649.6384 -0.08274905 0.9888695 0.1236519 364.6832 -0.4420455 0.07478222 -0.8938699 81.74837 0 0 0 1
DataSet: 86
-20.56640625 13.53515625 22.8515625 1.494140625 -3.19467459493065 29.1796875 -79.013671875
649.322 364.683 89.230 750.050
-0.8848981 -0.1299784 0.4472817 649.3224 -0.08274905 0.9888695 0.1236519 364.6832 -0.4583753 0.07240719 -0.8858044 89.22952 0 0 0 1
DataSet: 87
-20.478515625 12.568359375 22.939453125 1.494140625 -3.19467459493065 29.1796875 -78.92578125
648.959 365.044 94.742 750.587
-0.8774066 -0.1310214 0.4615096 648.9587 -0.08255927 0.9888695 0.1237787 365.0436 -0.4725904 0.07050233 -0.8784576 94.74197 0 0 0 1
DataSet: 88
-20.56640625 11.513671875 23.02734375 1.494140625 -3.19467459493065 29.1796875 -79.013671875
648.084 365.403 103.320 751.138
-0.8684788 -0.13241 0.4777155 648.0841 -0.08274905 0.9888695 0.1236519 365.4032 -0.4887711 0.06785853 -0.869769 103.3203 0 0 0 1
DataSet: 89
-20.478515625 10.458984375 24.2578125 1.494140625 -3.19467459493065 29.1796875 -79.013671875
645.612 370.421 109.737 752.375
-0.8599995 -0.1335503 0.4925091 645.6124 -0.08274905 0.9888695 0.1236519 370.4207 -0.503541 0.06558589 -0.8614784 109.7366 0 0 0 1
DataSet: 90
-20.56640625 9.580078125 24.2578125 1.494140625 -3.19467459493065 29.1796875 -79.013671875
644.686 370.421 117.317 752.725
-0.8509194 -0.1346942 0.5077338 644.6861 -0.08274905 0.9888695 0.1236519 370.4207 -0.5187376 0.06320331 -0.8525941 117.3166 0 0 0 1
DataSet: 91
-20.56640625 8.525390625 23.90625 1.494140625 -3.19467459493065 29.1796875 -79.013671875
644.229 368.991 125.101 752.885
-0.8407789 -0.1358856 0.5240476 644.2295 -0.08274905 0.9888695 0.1236519 368.9913 -0.5350171 0.06059946 -0.842665 125.1011 0 0 0 1
DataSet: 92
-20.56640625 7.55859375 24.169921875 1.494140625 -3.19467459493065 29.1796875 -79.013671875
642.745 370.064 132.142 753.346
-0.8312098 -0.1369335 0.5388315 642.7449 -0.08274905 0.9888695 0.1236519 370.0636 -0.5497661 0.05819286 -0.8332891 132.1416 0 0 0 1
DataSet: 93
-20.56640625 6.416015625 24.43359375 1.494140625 -3.19467459493065 29.1796875 -79.013671875
640.862 371.134 140.652 753.809
-0.8192465 -0.1381482 0.5565521 640.8621 -0.08274905 0.9888695 0.1236519 371.134 -0.5674396 0.05524722 -0.8215595 140.6518 0 0 0 1
DataSet: 94
-20.56640625 5.537109375 24.345703125 1.494140625 -3.19467459493065 29.1796875 -79.013671875
639.803 370.777 146.999 753.945
-0.8101248 -0.1390088 0.5695388 639.803 -0.08274905 0.9888695 0.1236519 370.7775 -0.5803882 0.05304466 -0.8126105 146.9986 0 0 0 1
DataSet: 95
-20.56640625 4.658203125 24.43359375 1.494140625 -3.19467459493065 29.1796875 -79.013671875
638.449 371.134 152.874 754.140
-0.8014147 -0.1397814 0.5815459 638.4489 -0.08274905 0.9888695 0.1236519 371.134 -0.5923572 0.05097407 -0.8040613 152.8739 0 0 0 1
DataSet: 96
-20.56640625 3.603515625 25.224609375 1.494140625 -3.19467459493065 29.1796875 -79.013671875
635.589 374.334 159.699 754.720
-0.7907294 -0.1406677 0.5957849 635.5885 -0.08274905 0.9888695 0.1236519 374.3336 -0.6065473 0.04847455 -0.7935683 159.6989 0 0 0 1
DataSet: 97
-20.654296875 2.63671875 25.6640625 1.494140625 -3.19467459493065 29.1796875 -78.92578125
633.020 376.104 167.076 755.038
-0.7786948 -0.1415213 0.6112332 633.0198 -0.08255927 0.9888695 0.1237787 376.1037 -0.6219472 0.04592284 -0.7817115 167.076 0 0 0 1
DataSet: 1
-20.478515625 -3.251953125 30.9375 1.494140625 -3.19467459493065 29.1796875 -79.013671875
612.310 396.870 200.847 756.815
-0.7157727 -0.1453071 0.6830484 612.3101 -0.08274905 0.9888695 0.1236519 396.8703 -0.6934133 0.03198504 -0.7198299 200.8473 0 0 0 1
DataSet: 2
-20.654296875 -4.482421875 30.673828125 1.494140625 -3.19467459493065 29.1796875 -79.013671875
609.215 395.854 210.897 756.519
-0.6985457 -0.1460481 0.7005026 609.2147 -0.08274905 0.9888695 0.1236519 395.854 -0.7107648 0.02841057 -0.7028558 210.8968 0 0 0 1
DataSet: 3
-20.654296875 -5.537109375 27.509765625 1.494140625 -3.19467459493065 29.1796875 -79.013671875
612.326 383.473 219.705 755.159
-0.6851932 -0.1465516 0.7134654 612.3264 -0.08274905 0.9888695 0.1236519 383.4734 -0.7236456 0.02568685 -0.6896936 219.705 0 0 0 1
DataSet: 4
-20.56640625 -6.416015625 26.630859375 1.494140625 -3.19467459493065 29.1796875 -79.013671875
611.774 379.977 225.031 754.512
-0.674911 -0.1468996 0.723129 611.7741 -0.08274905 0.9888695 0.1236519 379.9768 -0.7332447 0.02361578 -0.6795547 225.0306 0 0 0 1
DataSet: 5
-20.56640625 -7.55859375 25.48828125 1.494140625 -3.19467459493065 29.1796875 -79.013671875
610.246 375.396 233.493 753.553
-0.6593139 -0.1473645 0.7372848 610.2463 -0.08274905 0.9888695 0.1236519 375.3961 -0.7473003 0.0205158 -0.6641697 233.493 0 0 0 1
DataSet: 6
-20.654296875 -8.61328125 25.3125 1.494140625 -3.19467459493065 29.1796875 -79.013671875
606.943 374.688 241.528 753.065
-0.6438774 -0.1477536 0.7507269 606.9434 -0.08274905 0.9888695 0.1236519 374.688 -0.7606409 0.01749472 -0.6489371 241.5278 0 0 0 1
DataSet: 7
-20.654296875 -9.580078125 25.13671875 1.494140625 -3.19467459493065 29.1796875 -79.013671875
604.784 373.979 246.685 752.647
-0.633269 -0.147982 0.7596524 604.7844 -0.08274905 0.9888695 0.1236519 373.979 -0.7694952 0.0154444 -0.6384658 246.6855 0 0 0 1
DataSet: 8
-20.654296875 -10.546875 24.609375 1.494140625 -3.19467459493065 29.1796875 -79.013671875
602.639 371.847 252.919 751.939
-0.6206614 -0.1482137 0.7699429 602.6393 -0.08274905 0.9888695 0.1236519 371.8466 -0.7796999 0.01303392 -0.6260177 252.9188 0 0 0 1
DataSet: 9
-20.654296875 -11.513671875 24.609375 1.494140625 -3.19467459493065 29.1796875 -79.013671875
599.211 371.847 259.480 751.435
-0.6063021 -0.1484273 0.7812599 599.2111 -0.08274905 0.9888695 0.1236519 371.8466 -0.7909174 0.01032189 -0.6118359 259.4804 0 0 0 1
DataSet: 10
-20.654296875 -12.392578125 23.90625 1.494140625 -3.19467459493065 29.1796875 -79.013671875
597.283 368.991 265.399 750.558
-0.59417 -0.1485674 0.7904997 597.2828 -0.08274905 0.9888695 0.1236519 368.9913 -0.8000717 0.008057136 -0.5998504 265.3987 0 0 0 1
DataSet: 11
-20.654296875 -13.53515625 23.37890625 1.494140625 -3.19467459493065 29.1796875 -79.013671875
594.295 366.841 272.359 749.626
-0.5791562 -0.1486918 0.8015416 594.2952 -0.08274905 0.9888695 0.1236519 366.8409 -0.8110059 0.005286954 -0.585014 272.3589 0 0 0 1
DataSet: 12
-20.654296875 -14.4140625 23.37890625 1.494140625 -3.19467459493065 29.1796875 -79.013671875
591.254 366.841 277.530 749.117
-0.5671352 -0.1487536 0.8100803 591.2542 -0.08274905 0.9888695 0.1236519 366.8409 -0.8194573 0.00309396 -0.5731319 277.5302 0 0 0 1
DataSet: 13
-20.654296875 -15.380859375 22.763671875 1.494140625 -3.19467459493065 29.1796875 -79.013671875
587.777 364.323 285.018 747.962
-0.5504134 -0.1487857 0.8215278 587.7766 -0.08274905 0.9888695 0.1236519 364.3228 -0.8307814 7.90083E-05 -0.5565988 285.0181 0 0 0 1
DataSet: 14
-20.7421875 -16.611328125 21.62109375 1.494140625 -3.19467459493065 29.1796875 -79.013671875
583.921 359.621 294.363 746.284
-0.5307065 -0.1487463 0.8344011 583.9212 -0.08274905 0.9888695 0.1236519 359.6206 -0.8435065 -0.003423042 -0.537108 294.3629 0 0 0 1
DataSet: 15
-20.7421875 -17.40234375 21.97265625 1.494140625 -3.19467459493065 29.1796875 -79.013671875
580.740 361.071 298.218 746.033
-0.5204759 -0.1486941 0.8408299 580.7396 -0.08274905 0.9888695 0.1236519 361.0709 -0.8498573 -0.005220058 -0.526987 298.218 0 0 0 1
DataSet: 16
-20.7421875 -18.369140625 21.796875 1.494140625 -3.19467459493065 29.1796875 -79.013671875
577.385 360.346 303.547 745.227
-0.5073139 -0.148596 0.8488532 577.3845 -0.08274905 0.9888695 0.1236519 360.3461 -0.8577792 -0.007511473 -0.5139634 303.5471 0 0 0 1
DataSet: 17
-20.7421875 -19.423828125 22.1484375 1.494140625 -3.31297969730857 29.1796875 -79.013671875
571.857 361.748 310.442 744.484
-0.4899622 -0.1496524 0.8588022 571.8566 -0.08174513 0.9887009 0.1256511 361.7479 -0.8679025 -0.008638586 -0.4966594 310.4422 0 0 0 1
DataSet: 18
-20.7421875 -20.478515625 21.796875 1.494140625 -3.19467459493065 29.1796875 -79.013671875
567.923 360.346 316.535 743.357
-0.4732491 -0.1481866 0.8683755 567.9233 -0.08274905 0.9888695 0.1236519 360.3461 -0.8770335 -0.0133391 -0.4802439 316.5346 0 0 0 1
DataSet: 19
-20.7421875 -21.533203125 22.763671875 1.494140625 -3.19467459493065 29.1796875 -79.013671875
562.289 364.323 321.491 743.139
-0.4575274 -0.147925 0.8768049 562.2889 -0.08274905 0.9888695 0.1236519 364.3228 -0.8853368 -0.01598065 -0.4646755 321.4907 0 0 0 1
DataSet: 20
-20.830078125 -22.587890625 22.939453125 1.494140625 -3.19467459493065 29.1796875 -79.013671875
556.949 365.043 327.980 742.307
-0.440103 -0.1475837 0.8857361 556.9494 -0.08274905 0.9888695 0.1236519 365.0433 -0.8941264 -0.01887425 -0.4474168 327.98 0 0 0 1
DataSet: 21
-20.7421875 -23.466796875 22.8515625 1.494140625 -3.19467459493065 29.1796875 -79.013671875
553.768 364.683 331.741 741.420
-0.4283615 -0.147324 0.8915167 553.7675 -0.08274905 0.9888695 0.1236519 364.6832 -0.8998106 -0.02080445 -0.4357845 331.7408 0 0 0 1
DataSet: 22
-20.7421875 -24.43359375 23.02734375 1.494140625 -3.19467459493065 29.1796875 -79.013671875
549.201 365.403 336.662 740.596
-0.4135264 -0.1469625 0.8985533 549.2012 -0.08274905 0.9888695 0.1236519 365.4032 -0.9067241 -0.02322112 -0.4210846 336.662 0 0 0 1
DataSet: 23
-20.7421875 -25.48828125 22.8515625 1.494140625 -3.19467459493065 29.1796875 -79.013671875
544.427 364.683 342.447 739.368
-0.3967455 -0.1465096 0.9061611 544.4268 -0.08274905 0.9888695 0.1236519 364.6832 -0.9141912 -0.02592564 -0.404453 342.4473 0 0 0 1
DataSet: 24
-20.7421875 -26.455078125 22.763671875 1.494140625 -3.19467459493065 29.1796875 -79.013671875
539.868 364.323 347.604 738.253
-0.3812446 -0.1460507 0.9128646 539.8683 -0.08274905 0.9888695 0.1236519 364.3228 -0.9207634 -0.02839707 -0.3890867 347.6036 0 0 0 1
DataSet: 25
-20.7421875 -27.509765625 22.763671875 1.494140625 -3.19467459493065 29.1796875 -79.013671875
534.633 364.323 353.101 737.051
-0.3640378 -0.1454967 0.9199496 534.6326 -0.08274905 0.9888695 0.1236519 364.3228 -0.927701 -0.03111099 -0.3720255 353.1014 0 0 0 1
DataSet: 26
-20.7421875 -28.4765625 22.1484375 1.494140625 -3.31297969730857 29.1796875 -79.013671875
530.192 361.748 358.934 735.390
-0.348632 -0.1464747 0.9257435 530.1915 -0.08174513 0.9887009 0.1256511 361.7479 -0.9336881 -0.03186901 -0.3566664 358.9345 0 0 0 1
DataSet: 27
-20.830078125 -29.53125 22.939453125 1.494140625 -3.19467459493065 29.1796875 -79.013671875
524.133 365.043 363.475 734.905
-0.3311359 -0.1443106 0.9324824 524.1326 -0.08274905 0.9888695 0.1236519 365.0433 -0.9399477 -0.03621645 -0.3393918 363.4746 0 0 0 1
DataSet: 28
-20.830078125 -30.5859375 22.763671875 1.494140625 -3.19467459493065 29.1796875 -79.013671875
519.136 364.323 368.557 733.531
-0.3146308 -0.1436545 0.9382808 519.1359 -0.08274905 0.9888695 0.1236519 364.3228 -0.9456004 -0.03873715 -0.3230161 368.5566 0 0 0 1
DataSet: 29
-20.830078125 -31.46484375 22.763671875 1.494140625 -3.19467459493065 29.1796875 -79.013671875
514.187 364.323 373.071 732.326
-0.299056 -0.1429989 0.94346 514.187 -0.08274905 0.9888695 0.1236519 364.3228 -0.9506409 -0.04109158 -0.3075604 373.0713 0 0 0 1
DataSet: 30
-20.7421875 -32.51953125 22.763671875 1.494140625 -3.19467459493065 29.1796875 -79.013671875
509.343 364.323 377.033 730.968
-0.2835771 -0.1423126 0.9483307 509.3426 -0.08274905 0.9888695 0.1236519 364.3228 -0.9553725 -0.04340862 -0.292197 377.0325 0 0 0 1
DataSet: 31
-20.830078125 -33.486328125 22.412109375 1.494140625 -3.19467459493065 29.1796875 -79.013671875
504.277 362.879 382.367 729.507
-0.2671956 -0.1415494 0.9531896 504.2767 -0.08274905 0.9888695 0.1236519 362.8795 -0.9600829 -0.0458363 -0.2759346 382.3672 0 0 0 1
DataSet: 32
-20.830078125 -34.541015625 22.32421875 1.494140625 -3.19467459493065 29.1796875 -79.013671875
498.664 362.518 387.159 727.995
-0.2497898 -0.1406973 0.9580237 498.6642 -0.08274905 0.9888695 0.1236519 362.5182 -0.9647579 -0.04838857 -0.258652 387.1588 0 0 0 1
DataSet: 33
-20.830078125 -35.5078125 22.32421875 1.494140625 -3.31297969730857 29.1796875 -79.013671875
492.341 362.471 392.201 726.365
-0.2319679 -0.1414849 0.9623788 492.3408 -0.08174513 0.9887009 0.1256511 362.4712 -0.9692825 -0.04952274 -0.2409126 392.2009 0 0 0 1
DataSet: 34
-20.830078125 -36.474609375 21.533203125 1.494140625 -3.19467459493065 29.1796875 -79.013671875
488.005 359.258 396.926 724.407
-0.2154958 -0.138897 0.966576 488.0049 -0.08274905 0.9888695 0.1236519 359.2575 -0.9729924 -0.05333678 -0.2245908 396.9263 0 0 0 1
DataSet: 35
-20.830078125 -37.529296875 21.708984375 1.494140625 -3.19467459493065 29.1796875 -79.013671875
482.049 359.983 401.011 723.028
-0.1983455 -0.1379372 0.9703774 482.049 -0.08274905 0.9888695 0.1236519 359.9835 -0.9766328 -0.05577201 -0.207552 401.0113 0 0 0 1
DataSet: 36
-20.91796875 -38.583984375 21.357421875 1.494140625 -3.19467459493065 29.1796875 -79.013671875
475.712 358.531 406.459 721.148
-0.1792211 -0.1368209 0.9742483 475.7116 -0.08274905 0.9888695 0.1236519 358.5309 -0.9803226 -0.0584571 -0.188548 406.4592 0 0 0 1
DataSet: 37
-20.91796875 -39.462890625 20.7421875 1.494140625 -3.19467459493065 29.1796875 -79.013671875
471.129 355.982 410.630 719.237
-0.1644246 -0.1359242 0.9769796 471.1292 -0.08274905 0.9888695 0.1236519 355.9816 -0.9829126 -0.06051273 -0.173842 410.6299 0 0 0 1
DataSet: 38
-20.830078125 -40.341796875 19.775390625 1.494140625 -3.19467459493065 29.1796875 -79.013671875
467.476 351.958 414.260 716.951
-0.1513709 -0.1351095 0.9791998 467.4759 -0.08274905 0.9888695 0.1236519 351.9579 -0.9850073 -0.06231055 -0.1608662 414.2596 0 0 0 1
DataSet: 39
-20.830078125 -41.396484375 19.3359375 1.494140625 -3.31297969730857 29.1796875 -79.013671875
461.105 350.075 419.040 714.678
-0.1336218 -0.135807 0.9816831 461.1052 -0.08174513 0.9887009 0.1256511 350.0749 -0.9876553 -0.06345807 -0.1432136 419.0403 0 0 0 1
DataSet: 40
-20.91796875 -42.451171875 24.345703125 1.494140625 -3.19467459493065 29.1796875 -79.013671875
450.543 370.777 417.362 717.396
-0.114407 -0.1326833 0.9845335 450.5432 -0.08274905 0.9888695 0.1236519 370.7775 -0.9899817 -0.06732256 -0.124113 417.3623 0 0 0 1
DataSet: 41
-20.91796875 -43.505859375 23.37890625 1.494140625 -3.19467459493065 29.1796875 -79.013671875
445.736 366.841 421.980 715.066
-0.09837092 -0.1315764 0.9864131 445.7364 -0.08274905 0.9888695 0.1236519 366.8409 -0.9917035 -0.069461 -0.1081638 421.9796 0 0 0 1
DataSet: 42
-20.91796875 -44.560546875 22.763671875 1.494140625 -3.19467459493065 29.1796875 -79.013671875
440.235 364.323 426.189 712.864
-0.08152111 -0.1303783 0.9881072 440.2351 -0.08274905 0.9888695 0.1236519 364.3228 -0.9932305 -0.07168469 -0.09140242 426.1894 0 0 0 1
DataSet: 43
-20.91796875 -45.52734375 22.412109375 1.494140625 -3.19467459493065 29.1796875 -79.013671875
433.633 362.879 430.386 710.599
-0.0624386 -0.1289781 0.9896798 433.633 -0.08274905 0.9888695 0.1236519 362.8795 -0.9946125 -0.07417441 -0.07241644 430.3855 0 0 0 1
DataSet: 44
-20.91796875 -46.494140625 20.830078125 1.494140625 -3.19467459493065 29.1796875 -79.013671875
428.388 356.346 435.668 707.323
-0.04489695 -0.1276506 0.9908025 428.3885 -0.08274905 0.9888695 0.1236519 356.3463 -0.9955586 -0.07643637 -0.05496019 435.668 0 0 0 1
DataSet: 45
-20.91796875 -47.724609375 20.7421875 1.494140625 -3.19467459493065 29.1796875 -79.013671875
422.165 355.982 438.913 705.401
-0.02786295 -0.1263246 0.9915976 422.1653 -0.08274905 0.9888695 0.1236519 355.9816 -0.9961808 -0.07860845 -0.03800606 438.9126 0 0 0 1
DataSet: 46
-20.91796875 -48.603515625 21.005859375 1.494140625 -3.19467459493065 29.1796875 -79.013671875
416.279 357.075 441.333 703.965
-0.01248916 -0.1250967 0.992066 416.279 -0.08274905 0.9888695 0.1236519 357.0752 -0.9964921 -0.0805482 -0.02270178 441.3334 0 0 0 1
DataSet: 47
-20.91796875 -49.482421875 20.478515625 1.494140625 -3.19467459493065 29.1796875 -79.013671875
410.345 354.886 444.855 701.586
0.004259729 -0.1237253 0.9923074 410.3448 -0.08274905 0.9888695 0.1236519 354.8864 -0.9965613 -0.08263921 -0.006025836 444.8554 0 0 0 1
DataSet: 48
-20.91796875 -50.44921875 19.6875 1.494140625 -3.19467459493065 29.1796875 -79.013671875
403.913 351.591 448.818 698.713
0.02251449 -0.1221907 0.9922512 403.9126 -0.08274905 0.9888695 0.1236519 351.591 -0.9963161 -0.0848918 0.01215272 448.8181 0 0 0 1
DataSet: 49
-21.005859375 -51.50390625 19.248046875 1.494140625 -3.19467459493065 29.1796875 -79.013671875
396.460 349.754 452.900 696.151
0.04233217 -0.1204776 0.9918131 396.4595 -0.08274905 0.9888695 0.1236519 349.7542 -0.9956709 -0.08730604 0.03189159 452.8998 0 0 0 1
DataSet: 50
-20.91796875 -52.55859375 18.10546875 1.494140625 -3.31297969730857 29.1796875 -79.013671875
390.113 344.912 456.551 692.526
0.05928507 -0.1210261 0.9908774 390.1129 -0.08174513 0.9887009 0.1256511 344.9124 -0.9948884 -0.08844863 0.04872191 456.5514 0 0 0 1
DataSet: 51
-21.005859375 -53.4375 17.841796875 1.494140625 -3.19467459493065 29.1796875 -79.013671875
383.964 343.849 459.535 690.531
0.07634462 -0.1174226 0.9901431 383.9644 -0.08274905 0.9888695 0.1236519 343.8491 -0.9936419 -0.09137356 0.06577825 459.5351 0 0 0 1
DataSet: 52
-20.91796875 -54.4921875 17.75390625 1.494140625 -3.19467459493065 29.1796875 -79.013671875
377.784 343.479 461.469 688.224
0.09247871 -0.1159225 0.9889437 377.7841 -0.08274905 0.9888695 0.1236519 343.4786 -0.9922703 -0.09326932 0.08185689 461.4694 0 0 0 1
DataSet: 53
-21.005859375 -55.458984375 18.28125 1.494140625 -3.19467459493065 29.1796875 -79.013671875
370.784 345.699 463.565 686.935
0.1092779 -0.1143256 0.9874148 370.7838 -0.08274905 0.9888695 0.1236519 345.6988 -0.9905609 -0.09522005 0.09860124 463.5645 0 0 0 1
DataSet: 54
-21.005859375 -56.513671875 17.138671875 1.494140625 -3.19467459493065 29.1796875 -79.013671875
364.272 340.882 467.019 683.375
0.1267646 -0.1126251 0.9855183 364.2724 -0.08274905 0.9888695 0.1236519 340.8815 -0.9884753 -0.09722538 0.116034 467.0188 0 0 0 1
DataSet: 55
-21.005859375 -57.65625 21.708984375 1.494140625 -3.19467459493065 29.1796875 -78.92578125
353.350 359.984 464.197 685.509
0.150665 -0.1103904 0.9824022 353.3498 -0.08255927 0.9888695 0.1237787 359.9837 -0.9851315 -0.09975552 0.1398742 464.1968 0 0 0 1
DataSet: 56
-21.005859375 -58.447265625 21.26953125 1.494140625 -3.19467459493065 29.1796875 -79.013671875
348.214 358.167 466.264 683.329
0.1624493 -0.1090333 0.9806743 348.2141 -0.08274905 0.9888695 0.1236519 358.1672 -0.983241 -0.101237 0.1516187 466.2641 0 0 0 1
DataSet: 57
-21.005859375 -59.501953125 20.126953125 1.494140625 -3.19467459493065 29.1796875 -79.013671875
342.997 353.423 469.239 680.251
0.176522 -0.1075714 0.9784009 342.9973 -0.08274905 0.9888695 0.1236519 353.4235 -0.9808122 -0.102789 0.1656558 469.2392 0 0 0 1
DataSet: 58
-21.005859375 -60.556640625 20.0390625 1.494140625 -3.19467459493065 29.1796875 -79.013671875
335.318 353.057 471.233 677.604
0.1954083 -0.1055687 0.9750235 335.3176 -0.08274905 0.9888695 0.1236519 353.0573 -0.9772247 -0.1048449 0.1844976 471.2326 0 0 0 1
DataSet: 59
-21.09375 -61.611328125 19.599609375 1.494140625 -3.19467459493065 29.1796875 -79.013671875
326.546 351.224 474.162 674.404
0.2167526 -0.1032484 0.9707513 326.5464 -0.08274905 0.9888695 0.1236519 351.224 -0.9727132 -0.1071306 0.2057963 474.1624 0 0 0 1
DataSet: 60
-21.09375 -62.578125 19.3359375 1.494140625 -3.19467459493065 29.1796875 -79.013671875
319.758 350.122 475.877 671.781
0.233261 -0.1014118 0.9671116 319.7576 -0.08274905 0.9888695 0.1236519 350.1219 -0.968887 -0.1088707 0.2222729 475.8774 0 0 0 1
DataSet: 61
-21.005859375 -63.45703125 21.708984375 1.494140625 -3.19467459493065 29.1796875 -78.92578125
313.584 359.984 473.368 672.310
0.2480037 -0.09990936 0.9635934 313.5843 -0.08255927 0.9888695 0.1237787 359.9837 -0.9652348 -0.1102511 0.2369948 473.3682 0 0 0 1
DataSet: 62
-21.09375 -64.51171875 21.005859375 1.494140625 -3.19467459493065 29.1796875 -79.013671875
305.645 357.075 476.112 669.032
0.2656649 -0.09769872 0.9591022 305.6445 -0.08274905 0.9888695 0.1236519 357.0752 -0.9605076 -0.1122148 0.2546234 476.1118 0 0 0 1
DataSet: 63
-21.005859375 -65.56640625 21.708984375 1.494140625 -3.19467459493065 29.1796875 -79.013671875
299.782 359.983 475.592 667.567
0.2793445 -0.09608745 0.9553711 299.7823 -0.08274905 0.9888695 0.1236519 359.9835 -0.9566187 -0.1135975 0.2682841 475.5918 0 0 0 1
DataSet: 64
-21.09375 -66.533203125 24.521484375 1.494140625 -3.19467459493065 29.1796875 -79.013671875
291.139 371.490 472.802 668.064
0.2975685 -0.09389978 0.9500715 291.1394 -0.08274905 0.9888695 0.1236519 371.4904 -0.9511076 -0.1154124 0.2864862 472.8021 0 0 0 1
DataSet: 65
-21.09375 -67.5 24.169921875 1.494140625 -3.19467459493065 29.1796875 -79.013671875
283.841 370.064 474.209 665.122
0.3149833 -0.09176464 0.9446506 283.8405 -0.08274905 0.9888695 0.1236519 370.0636 -0.945483 -0.1171172 0.303884 474.2092 0 0 0 1
DataSet: 66
-21.005859375 -68.466796875 23.642578125 1.494140625 -3.19467459493065 29.1796875 -78.92578125
278.453 367.917 475.170 662.333
0.3295957 -0.09012049 0.9398112 278.4534 -0.08255927 0.9888695 0.1237787 367.9173 -0.9405055 -0.118387 0.3184868 475.1695 0 0 0 1
DataSet: 67
-21.005859375 -69.521484375 23.02734375 1.494140625 -3.19467459493065 29.1796875 -79.013671875
272.304 365.403 476.638 659.434
0.3426806 -0.08827709 0.9352952 272.3043 -0.08274905 0.9888695 0.1236519 365.4032 -0.9358005 -0.1197679 0.3315616 476.6381 0 0 0 1
DataSet: 68
-21.005859375 -70.6640625 23.203125 1.494140625 -3.19467459493065 29.1796875 -79.013671875
263.791 366.122 476.922 656.572
0.3621329 -0.08575873 0.928173 263.791 -0.08274905 0.9888695 0.1236519 366.1225 -0.9284462 -0.1215839 0.3510058 476.9224 0 0 0 1
DataSet: 69
-21.005859375 -71.455078125 22.8515625 1.494140625 -3.19467459493065 29.1796875 -79.013671875
257.454 364.683 477.756 653.856
0.3766717 -0.08383839 0.9225451 257.4535 -0.08274905 0.9888695 0.1236519 364.6832 -0.9226435 -0.1229159 0.3655415 477.7563 0 0 0 1
DataSet: 70
-21.005859375 -72.59765625 22.412109375 1.494140625 -3.19467459493065 29.1796875 -79.013671875
249.494 362.879 478.647 650.409
0.3947313 -0.08140658 0.9151831 249.494 -0.08274905 0.9888695 0.1236519 362.8795 -0.9150627 -0.1245398 0.3836014 478.6475 0 0 0 1
DataSet: 71
-21.005859375 -73.65234375 22.8515625 1.494140625 -3.19467459493065 29.1796875 -79.013671875
242.763 364.683 478.064 648.438
0.4096763 -0.07935441 0.9087729 242.763 -0.08274905 0.9888695 0.1236519 364.6832 -0.9084701 -0.1258573 0.3985499 478.0636 0 0 0 1
DataSet: 72
-21.005859375 -74.619140625 23.02734375 1.494140625 -3.19467459493065 29.1796875 -79.013671875
235.637 365.403 477.755 645.983
0.4254689 -0.07714581 0.9016789 235.6371 -0.08274905 0.9888695 0.1236519 365.4032 -0.9011819 -0.1272231 0.4143495 477.7545 0 0 0 1
DataSet: 73
-21.005859375 -75.498046875 22.939453125 1.494140625 -3.19467459493065 29.1796875 -78.92578125
228.844 365.044 477.733 643.316
0.4418255 -0.07501124 0.8939595 228.8444 -0.08255927 0.9888695 0.1237787 365.0436 -0.893294 -0.1284932 0.4307149 477.7326 0 0 0 1
DataSet: 74
-21.09375 -76.552734375 22.5 1.494140625 -3.19467459493065 29.1796875 -79.013671875
220.465 363.241 478.475 639.911
0.4584856 -0.07239097 0.8857486 220.4652 -0.08274905 0.9888695 0.1236519 363.2406 -0.884841 -0.1299875 0.4473921 478.4747 0 0 0 1
DataSet: 75
-21.005859375 -77.51953125 22.412109375 1.494140625 -3.19467459493065 29.1796875 -79.013671875
214.779 362.879 477.843 637.296
0.4710507 -0.07053091 0.8792819 214.7788 -0.08274905 0.9888695 0.1236519 362.8795 -0.8782163 -0.131006 0.4599713 477.8434 0 0 0 1
DataSet: 76
-21.005859375 -78.486328125 22.32421875 1.494140625 -3.19467459493065 29.1796875 -79.013671875
208.201 362.518 477.488 634.635
0.4851669 -0.06840681 0.8717417 208.2012 -0.08274905 0.9888695 0.1236519 362.5182 -0.8704973 -0.1321276 0.4741061 477.4878 0 0 0 1
DataSet: 77
-21.005859375 -79.541015625 22.5 1.494140625 -3.19467459493065 29.1796875 -79.013671875
200.971 363.241 476.568 632.021
0.5005861 -0.06604391 0.8631638 200.9711 -0.08274905 0.9888695 0.1236519 363.2406 -0.8617228 -0.1333244 0.4895492 476.5681 0 0 0 1
DataSet: 78
-21.09375 -80.595703125 22.1484375 1.494140625 -3.19467459493065 29.1796875 -78.92578125
192.911 361.795 476.641 628.726
0.5185912 -0.0634334 0.852666 192.9113 -0.08255927 0.9888695 0.1237787 361.7952 -0.8510271 -0.134586 0.507582 476.6406 0 0 0 1
DataSet: 79
-21.09375 -81.5625 21.884765625 1.494140625 -3.19467459493065 29.1796875 -79.013671875
186.291 360.709 476.181 625.751
0.5310513 -0.06123878 0.8451238 186.2912 -0.08274905 0.9888695 0.1236519 360.7086 -0.8432894 -0.1355987 0.520073 476.1813 0 0 0 1
DataSet: 80
-21.09375 -82.705078125 21.4453125 1.494140625 -3.19467459493065 29.1796875 -78.92578125
178.374 358.895 475.661 621.994
0.5486004 -0.05859514 0.8340289 178.3741 -0.08255927 0.9888695 0.1237787 358.8946 -0.8319985 -0.1367618 0.5376566 475.6613 0 0 0 1
DataSet: 81
-21.09375 -83.671875 21.62109375 1.494140625 -3.19467459493065 29.1796875 -79.013671875
171.696 359.621 474.310 619.497
0.5610532 -0.05631959 0.8258616 171.6959 -0.08274905 0.9888695 0.1236519 359.6206 -0.8236334 -0.1377145 0.550148 474.3105 0 0 0 1
DataSet: 82
-21.09375 -84.7265625 21.796875 1.494140625 -3.19467459493065 29.1796875 -79.013671875
164.541 360.346 472.751 616.779
0.5756599 -0.0538534 0.8159139 164.5411 -0.08274905 0.9888695 0.1236519 360.3461 -0.8134914 -0.1386975 0.5647961 472.7512 0 0 0 1
DataSet: 83
-21.09375 -85.4296875 21.26953125 1.494140625 -3.31297969730857 29.1796875 -79.013671875
159.078 358.120 472.457 613.817
0.5854126 -0.0544003 0.8089083 159.0776 -0.08174513 0.9887009 0.1256511 358.1202 -0.8066038 -0.1396821 0.5743511 472.4574 0 0 0 1
DataSet: 84
-21.09375 -86.66015625 20.830078125 1.494140625 -3.19467459493065 29.1796875 -79.013671875
151.017 356.346 471.319 609.861
0.6023429 -0.04922029 0.7967185 151.0168 -0.08274905 0.9888695 0.1236519 356.3463 -0.7939368 -0.1404085 0.5915656 471.3195 0 0 0 1
DataSet: 85
-21.09375 -87.626953125 21.005859375 1.494140625 -3.19467459493065 29.1796875 -79.013671875
143.792 357.075 469.370 607.031
0.6166828 -0.04665851 0.7858278 143.7923 -0.08274905 0.9888695 0.1236519 357.0752 -0.7828506 -0.1412805 0.6059578 469.3698 0 0 0 1
DataSet: 86
-21.26953125 -88.59375 20.654296875 1.494140625 -3.19397230872131 29.091796875 -79.013671875
135.643 355.675 469.131 604.142
0.6316833 -0.04424556 0.7739629 135.6427 -0.08139266 0.9890667 0.1229726 355.6754 -0.7709419 -0.1406746 0.6211757 469.131 0 0 0 1
DataSet: 87
-21.181640625 -89.6484375 20.390625 1.494140625 -3.19467459493065 29.1796875 -79.013671875
130.168 354.521 467.109 600.682
0.6426044 -0.0418915 0.7650521 130.1675 -0.08274905 0.9888695 0.1236519 354.5209 -0.7617166 -0.1427666 0.6319854 467.109 0 0 0 1
DataSet: 88
-21.181640625 -90.791015625 20.478515625 1.494140625 -3.19467459493065 29.1796875 -79.013671875
122.542 354.886 464.764 597.467
0.6572507 -0.03911588 0.7526563 122.5417 -0.08274905 0.9888695 0.1236519 354.8864 -0.7491155 -0.1435519 0.6466984 464.7644 0 0 0 1
DataSet: 89
-21.181640625 -91.58203125 20.0390625 1.494140625 -3.19467459493065 29.1796875 -79.013671875
116.625 353.057 463.544 594.242
0.6681873 -0.0370023 0.7430724 116.6255 -0.08274905 0.9888695 0.1236519 353.0573 -0.739377 -0.1441111 0.6576881 463.5437 0 0 0 1
DataSet: 90
-21.09375 -90.966796875 19.599609375 1.494140625 -3.19467459493065 29.1796875 -79.013671875
121.793 351.224 465.287 595.553
0.6583887 -0.03889761 0.7516723 121.7927 -0.08274905 0.9888695 0.1236519 351.224 -0.7481156 -0.1436112 0.6478418 465.2871 0 0 0 1
DataSet: 91
-21.09375 -90.087890625 19.599609375 1.494140625 -3.19467459493065 29.1796875 -79.013671875
128.128 351.224 467.154 598.337
0.6463192 -0.04119332 0.7619545 128.1277 -0.08274905 0.9888695 0.1236519 351.224 -0.7585672 -0.1429696 0.6357166 467.1537 0 0 0 1
DataSet: 92
-21.181640625 -89.033203125 18.896484375 1.494140625 -3.19467459493065 29.1796875 -79.013671875
133.447 348.282 470.009 600.014
0.6355041 -0.04321529 0.7708871 133.4475 -0.08274905 0.9888695 0.1236519 348.2818 -0.7676504 -0.1423715 0.6248546 470.0086 0 0 0 1
DataSet: 93
-21.09375 -88.06640625 18.28125 1.494140625 -3.31297969730857 29.1796875 -79.013671875
139.351 345.652 471.901 601.318
0.6230598 -0.04770504 0.7807181 139.3508 -0.08174513 0.9887009 0.1256511 345.6518 -0.7778909 -0.1421081 0.6121202 471.9005 0 0 0 1
DataSet: 94
-21.09375 -86.923828125 18.10546875 1.494140625 -3.19467459493065 29.1796875 -79.013671875
148.436 344.959 474.293 604.966
0.6062738 -0.0485232 0.7937743 148.4361 -0.08274905 0.9888695 0.1236519 344.9594 -0.7909392 -0.140651 0.5955104 474.2933 0 0 0 1
DataSet: 95
-21.09375 -86.044921875 17.490234375 1.494140625 -3.19467459493065 29.1796875 -79.013671875
154.795 342.366 476.433 606.766
0.5935379 -0.05076797 0.8032032 154.7948 -0.08274905 0.9888695 0.1236519 342.3665 -0.8005407 -0.1398564 0.5827305 476.4335 0 0 0 1
DataSet: 96
-21.09375 -84.90234375 18.45703125 1.494140625 -3.19397230872131 29.091796875 -79.013671875
162.686 346.496 477.322 611.852
0.5779853 -0.05367719 0.8142799 162.6862 -0.08139266 0.9890667 0.1229726 346.4963 -0.811978 -0.1373527 0.5672971 477.3222 0 0 0 1
DataSet: 97
-21.09375 -83.935546875 17.841796875 1.494140625 -3.31297969730857 29.1796875 -79.013671875
168.670 343.802 478.767 613.080
0.5649547 -0.05789385 0.8230883 168.6701 -0.08174513 0.9887009 0.1256511 343.802 -0.8210627 -0.1382707 0.5538387 478.767 0 0 0 1
DataSet: 98
-21.09375 -82.96875 18.984375 1.494140625 -3.19467459493065 29.1796875 -79.013671875
176.201 348.650 478.627 617.809
0.5510808 -0.05797611 0.8324354 176.2011 -0.08274905 0.9888695 0.1236519 348.6502 -0.8303388 -0.1370254 0.5401495 478.6272 0 0 0 1
DataSet: 99
-21.09375 -82.08984375 18.45703125 1.494140625 -3.19467459493065 29.1796875 -79.013671875
182.298 346.438 480.207 619.557
0.5385027 -0.06003487 0.8404824 182.2982 -0.08274905 0.9888695 0.1236519 346.4376 -0.8385508 -0.136136 0.527541 480.2071 0 0 0 1
DataSet: 100
-21.09375 -80.947265625 18.544921875 1.494140625 -3.19467459493065 29.1796875 -78.92578125
190.179 346.807 481.162 622.864
0.5236094 -0.06263727 0.8496528 190.1793 -0.08255927 0.9888695 0.1237787 346.807 -0.8479488 -0.1349584 0.51261 481.1619 0 0 0 1
DataSet: 101
-21.09375 -80.068359375 21.97265625 1.494140625 -3.19467459493065 29.1796875 -79.013671875
196.492 361.071 477.311 629.926
0.5097147 -0.06462345 0.857913 196.4915 -0.08274905 0.9888695 0.1236519 361.0709 -0.8563548 -0.1340187 0.4986937 477.3111 0 0 0 1
DataSet: 102
-21.005859375 -79.013671875 21.357421875 1.494140625 -3.19467459493065 29.1796875 -79.013671875
204.530 358.531 478.571 631.987
0.4928961 -0.06722802 0.8674871 204.5296 -0.08274905 0.9888695 0.1236519 358.5309 -0.8661444 -0.1327313 0.4818468 478.5714 0 0 0 1
DataSet: 103
-21.005859375 -77.958984375 23.5546875 1.494140625 -3.19467459493065 29.1796875 -79.013671875
211.847 367.559 475.894 637.537
0.4774248 -0.06957635 0.8759136 211.847 -0.08274905 0.9888695 0.1236519 367.5585 -0.8747675 -0.1315155 0.4663534 475.8941 0 0 0 1
DataSet: 104
-21.09375 -76.904296875 22.587890625 1.494140625 -3.19467459493065 29.1796875 -79.013671875
218.094 363.602 478.214 639.109
0.4636256 -0.07163352 0.8831307 218.0941 -0.08274905 0.9888695 0.1236519 363.6016 -0.8821586 -0.1304064 0.4525376 478.2142 0 0 0 1
DataSet: 105
-21.005859375 -75.9375 22.587890625 1.494140625 -3.19467459493065 29.1796875 -79.013671875
225.450 363.602 478.143 641.603
0.4479003 -0.07393607 0.8910212 225.4496 -0.08274905 0.9888695 0.1236519 363.6016 -0.890246 -0.1291149 0.4367968 478.1431 0 0 0 1
DataSet: 106
-21.09375 -75.05859375 22.939453125 1.494140625 -3.19467459493065 29.1796875 -79.013671875
231.407 365.043 478.229 644.600
0.4345423 -0.0758579 0.8974512 231.4071 -0.08274905 0.9888695 0.1236519 365.0433 -0.896842 -0.1279952 0.4234285 478.2294 0 0 0 1
DataSet: 107
-21.09375 -74.091796875 22.32421875 1.494140625 -3.19467459493065 29.1796875 -79.013671875
238.936 362.518 479.268 646.690
0.4180005 -0.07819547 0.9050752 238.9355 -0.08274905 0.9888695 0.1236519 362.5182 -0.9046702 -0.1265807 0.4068773 479.268 0 0 0 1
DataSet: 108
-21.005859375 -73.037109375 22.412109375 1.494140625 -3.19467459493065 29.1796875 -78.92578125
246.709 362.880 478.692 649.379
0.4023709 -0.08055414 0.9119259 246.7092 -0.08255927 0.9888695 0.1237787 362.8798 -0.9117465 -0.1250929 0.3912418 478.6919 0 0 0 1
DataSet: 109
-21.005859375 -72.0703125 22.236328125 1.494140625 -3.19467459493065 29.1796875 -79.013671875
252.861 362.157 478.828 651.439
0.3872188 -0.08242449 0.9182962 252.8611 -0.08274905 0.9888695 0.1236519 362.1566 -0.918267 -0.1238685 0.3760883 478.8282 0 0 0 1
DataSet: 110
-21.005859375 -70.927734375 22.236328125 1.494140625 -3.19467459493065 29.1796875 -79.013671875
261.815 362.157 478.483 654.714
0.3669893 -0.08512095 0.9263225 261.8148 -0.08274905 0.9888695 0.1236519 362.1566 -0.9265373 -0.1220312 0.3558608 478.4827 0 0 0 1
DataSet: 111
-20.91796875 -69.78515625 22.236328125 1.494140625 -3.19467459493065 29.1796875 -79.013671875
271.716 362.157 477.459 657.992
0.3446682 -0.08802242 0.9345886 271.7163 -0.08274905 0.9888695 0.1236519 362.1566 -0.9350703 -0.1199552 0.3335481 477.4585 0 0 0 1
DataSet: 112
-20.91796875 -68.994140625 22.236328125 1.494140625 -3.19467459493065 29.1796875 -79.013671875
276.445 362.157 477.083 659.687
0.3337888 -0.08940916 0.9383981 276.4452 -0.08274905 0.9888695 0.1236519 362.1566 -0.9390088 -0.1189252 0.322675 477.0827 0 0 0 1
DataSet: 113
-20.91796875 -68.02734375 22.236328125 1.494140625 -3.19467459493065 29.1796875 -79.013671875
282.219 362.157 476.549 661.743
0.3204308 -0.09108768 0.9428824 282.2185 -0.08274905 0.9888695 0.1236519 362.1566 -0.9436507 -0.1176445 0.3093269 476.5487 0 0 0 1
DataSet: 114
-20.91796875 -66.97265625 22.236328125 1.494140625 -3.19467459493065 29.1796875 -79.013671875
290.047 362.157 475.692 664.506
0.302184 -0.09333816 0.948669 290.0471 -0.08274905 0.9888695 0.1236519 362.1566 -0.9496512 -0.1158671 0.2910969 475.6924 0 0 0 1
DataSet: 115
-20.91796875 -66.005859375 21.884765625 1.494140625 -3.19467459493065 29.1796875 -79.013671875
297.587 360.709 475.241 666.725
0.2846948 -0.09545007 0.9538544 297.5873 -0.08274905 0.9888695 0.1236519 360.7086 -0.95504 -0.1141336 0.2736276 475.2406 0 0 0 1
DataSet: 116
-20.830078125 -65.0390625 21.708984375 1.494140625 -3.19467459493065 29.1796875 -79.013671875
304.682 359.983 474.052 668.689
0.2683264 -0.09738728 0.9583927 304.6819 -0.08274905 0.9888695 0.1236519 359.9835 -0.9597675 -0.1124852 0.2572811 474.0521 0 0 0 1
DataSet: 117
-20.91796875 -64.072265625 21.26953125 1.494140625 -3.19467459493065 29.1796875 -79.013671875
310.181 358.167 474.193 670.340
0.2552785 -0.09890465 0.9617956 310.1812 -0.08274905 0.9888695 0.1236519 358.1672 -0.96332 -0.1111533 0.2442528 474.1929 0 0 0 1
DataSet: 118
-20.91796875 -63.017578125 22.763671875 1.494140625 -3.19467459493065 29.1796875 -79.013671875
317.146 364.323 470.738 674.468
0.2373657 -0.1009494 0.9661608 317.1462 -0.08274905 0.9888695 0.1236519 364.3228 -0.9678895 -0.1092996 0.2263702 470.7379 0 0 0 1
DataSet: 119
-20.91796875 -62.05078125 22.587890625 1.494140625 -3.19467459493065 29.1796875 -79.013671875
324.017 363.602 469.653 676.585
0.2208737 -0.1027933 0.9698703 324.0174 -0.08274905 0.9888695 0.1236519 363.6016 -0.9717857 -0.1075673 0.2099092 469.6529 0 0 0 1
DataSet: 120
-20.91796875 -60.99609375 21.181640625 1.494140625 -3.19467459493065 29.1796875 -79.013671875
332.214 357.803 469.963 677.683
0.2022258 -0.1048342 0.9737117 332.2139 -0.08274905 0.9888695 0.1236519 357.8034 -0.9758367 -0.1055793 0.1913 469.9628 0 0 0 1
DataSet: 121
-20.91796875 -59.94140625 21.181640625 1.494140625 -3.19467459493065 29.1796875 -78.92578125
340.574 357.804 467.979 680.455
0.1832443 -0.1070222 0.9772245 340.5742 -0.08255927 0.9888695 0.1237787 357.8037 -0.9795945 -0.1033607 0.1723691 467.9787 0 0 0 1
DataSet: 122
-20.91796875 -59.0625 26.103515625 1.494140625 -3.19467459493065 29.1796875 -79.013671875
343.381 377.867 459.292 686.763
0.1689487 -0.1083613 0.97965 343.381 -0.08274905 0.9888695 0.1236519 377.8675 -0.9821451 -0.1019559 0.1581014 459.2924 0 0 0 1
DataSet: 123
-20.91796875 -58.0078125 25.400390625 1.494140625 -3.19467459493065 29.1796875 -79.013671875
349.551 375.042 458.881 688.051
0.154315 -0.1098665 0.9818942 349.5508 -0.08274905 0.9888695 0.1236519 375.0422 -0.9845504 -0.1003321 0.143506 458.8809 0 0 0 1
DataSet: 124
-20.91796875 -56.953125 25.3125 1.494140625 -3.19467459493065 29.1796875 -79.013671875
357.722 374.688 456.677 690.587
0.1336623 -0.1119436 0.9846842 357.7225 -0.08274905 0.9888695 0.1236519 374.688 -0.9875662 -0.09800927 0.1229113 456.6768 0 0 0 1
DataSet: 125
-20.91796875 -56.07421875 25.400390625 1.494140625 -3.19467459493065 29.1796875 -79.013671875
364.121 375.042 454.543 692.712
0.1171263 -0.1135672 0.9866022 364.121 -0.08274905 0.9888695 0.1236519 375.0422 -0.9896636 -0.09612328 0.106425 454.5435 0 0 0 1
DataSet: 126
-20.91796875 -54.931640625 25.3125 1.494140625 -3.19467459493065 29.1796875 -79.013671875
371.064 374.688 452.421 694.812
0.09933164 -0.1152754 0.9883546 371.0642 -0.08274905 0.9888695 0.1236519 374.688 -0.9916077 -0.09406795 0.08868709 452.4206 0 0 0 1
DataSet: 127
-20.830078125 -54.052734375 25.13671875 1.494140625 -3.19467459493065 29.1796875 -79.013671875
377.304 373.979 450.188 696.339
0.08371294 -0.1167416 0.989628 377.3037 -0.08274905 0.9888695 0.1236519 373.979 -0.9930482 -0.09224203 0.07312091 450.188 0 0 0 1
DataSet: 128
-20.830078125 -52.91015625 24.9609375 1.494140625 -3.19467459493065 29.1796875 -79.013671875
385.106 373.269 447.634 698.579
0.06357968 -0.1185862 0.9909061 385.1057 -0.08274905 0.9888695 0.1236519 373.2691 -0.9945402 -0.08985829 0.0530591 447.6339 0 0 0 1
DataSet: 129
-20.91796875 -52.03125 23.203125 1.494140625 -3.19467459493065 29.1796875 -79.013671875
391.382 366.122 448.596 698.902
0.04981161 -0.1198182 0.9915454 391.3819 -0.08274905 0.9888695 0.1236519 366.1225 -0.9953248 -0.08820874 0.03934233 448.5958 0 0 0 1
DataSet: 130
-20.91796875 -51.064453125 22.763671875 1.494140625 -3.19467459493065 29.1796875 -79.013671875
398.021 364.323 446.629 700.449
0.03306235 -0.121285 0.9920669 398.0206 -0.08274905 0.9888695 0.1236519 364.3228 -0.9960218 -0.08618081 0.02265813 446.6288 0 0 0 1
DataSet: 131
-20.830078125 -50.009765625 22.587890625 1.494140625 -3.19467459493065 29.1796875 -79.013671875
405.976 363.602 443.148 702.426
0.01256961 -0.1230319 0.9923231 405.9759 -0.08274905 0.9888695 0.1236519 363.6016 -0.9964911 -0.08366805 0.002248925 443.148 0 0 0 1
DataSet: 132
-20.91796875 -49.04296875 26.71875 1.494140625 -3.19467459493065 29.1796875 -79.013671875
408.915 380.328 434.771 707.734
-0.004114863 -0.1244154 0.9922217 408.9153 -0.08274905 0.9888695 0.1236519 380.3275 -0.9965619 -0.08159659 -0.01436432 434.7713 0 0 0 1
DataSet: 133
-20.7421875 -48.076171875 26.806640625 1.494140625 -3.19467459493065 29.1796875 -79.013671875
417.058 380.678 430.027 709.772
-0.02601476 -0.1261785 0.9916664 417.0583 -0.08274905 0.9888695 0.1236519 380.678 -0.9962308 -0.07884268 -0.03616636 430.0271 0 0 0 1
DataSet: 134
-20.830078125 -47.021484375 27.509765625 1.494140625 -3.31297969730857 29.1796875 -79.013671875
420.570 383.426 427.268 711.655
-0.03917454 -0.1291631 0.9908493 420.5703 -0.08174513 0.9887009 0.1256511 383.4264 -0.995883 -0.07607477 -0.04929036 427.2683 0 0 0 1
DataSet: 135
-20.830078125 -45.87890625 27.421875 1.494140625 -3.19467459493065 29.1796875 -79.013671875
427.591 383.125 423.826 713.616
-0.05722999 -0.128588 0.9900454 427.5913 -0.08274905 0.9888695 0.1236519 383.1248 -0.9949258 -0.07484872 -0.06723352 423.8264 0 0 0 1
DataSet: 136
-20.830078125 -45.087890625 27.421875 1.494140625 -3.19467459493065 29.1796875 -79.013671875
433.133 383.125 420.865 715.204
-0.07285055 -0.1297478 0.9888672 433.1331 -0.08274905 0.9888695 0.1236519 383.1248 -0.9939041 -0.07281971 -0.08277618 420.8649 0 0 0 1
DataSet: 137
-20.830078125 -44.033203125 27.421875 1.494140625 -3.31297969730857 29.1796875 -79.013671875
439.372 383.078 417.424 716.965
-0.09191846 -0.1330147 0.9868425 439.3718 -0.08174513 0.9887009 0.1256511 383.0778 -0.9924055 -0.0691199 -0.1017532 417.4243 0 0 0 1
DataSet: 138
-20.7421875 -42.978515625 27.421875 1.494140625 -3.19467459493065 29.1796875 -79.013671875
446.217 383.125 413.067 718.693
-0.1098506 -0.1323722 0.9850941 446.2175 -0.08274905 0.9888695 0.1236519 383.1248 -0.9904976 -0.06793237 -0.1195816 413.0671 0 0 0 1
DataSet: 139
-20.7421875 -41.923828125 27.333984375 1.494140625 -3.19467459493065 29.1796875 -78.92578125
452.134 382.776 409.672 720.260
-0.1251769 -0.1335086 0.9831105 452.134 -0.08255927 0.9888695 0.1237787 382.7763 -0.9886934 -0.06567065 -0.1348059 409.6723 0 0 0 1
DataSet: 140
-20.7421875 -41.044921875 27.24609375 1.494140625 -3.19467459493065 29.1796875 -79.013671875
457.264 382.427 406.642 721.595
-0.1413667 -0.1344702 0.980782 457.2644 -0.08274905 0.9888695 0.1236519 382.427 -0.9864928 -0.06367852 -0.1509205 406.6419 0 0 0 1
DataSet: 141
-20.7421875 -40.078125 27.158203125 1.494140625 -3.31297969730857 29.1796875 -79.013671875
462.348 382.031 403.566 722.896
-0.1573308 -0.1372936 0.9779558 462.3481 -0.08174513 0.9887009 0.1256511 382.0306 -0.9841568 -0.06017432 -0.1667762 403.5657 0 0 0 1
DataSet: 142
-20.7421875 -38.935546875 27.158203125 1.494140625 -3.19467459493065 29.1796875 -78.92578125
469.357 382.078 398.809 724.795
-0.1752364 -0.1366721 0.9749938 469.3571 -0.08255927 0.9888695 0.1237787 382.0779 -0.9810587 -0.05880425 -0.1845694 398.8091 0 0 0 1
DataSet: 143
-20.7421875 -37.96875 27.158203125 1.494140625 -3.19467459493065 29.1796875 -78.92578125
474.765 382.078 395.013 726.237
-0.1913974 -0.1376236 0.9718162 474.765 -0.08255927 0.9888695 0.1237787 382.0779 -0.9780343 -0.05654152 -0.2006292 395.0125 0 0 0 1
DataSet: 144
-20.7421875 -37.08984375 27.158203125 1.494140625 -3.19467459493065 29.1796875 -79.013671875
479.515 382.078 391.567 727.490
-0.2072009 -0.1384377 0.9684538 479.5147 -0.08274905 0.9888695 0.1236519 382.0777 -0.9747925 -0.05451785 -0.2163502 391.5666 0 0 0 1
DataSet: 145
-20.654296875 -36.03515625 26.71875 1.494140625 -3.19467459493065 29.1796875 -79.013671875
486.342 380.328 387.090 728.708
-0.2260118 -0.139466 0.9640892 486.3418 -0.08274905 0.9888695 0.1236519 380.3275 -0.9706036 -0.05183068 -0.2350368 387.0895 0 0 0 1
DataSet: 146
-20.654296875 -34.892578125 26.89453125 1.494140625 -3.19467459493065 29.1796875 -79.013671875
492.892 381.028 381.552 730.553
-0.2467416 -0.1405438 0.9588358 492.8922 -0.08274905 0.9888695 0.1236519 381.0283 -0.9655419 -0.04883268 -0.2556251 381.5523 0 0 0 1
DataSet: 147
-20.654296875 -33.92578125 26.71875 1.494140625 -3.19467459493065 29.1796875 -79.013671875
498.621 380.328 377.281 731.856
-0.2638426 -0.1413885 0.9541469 498.6208 -0.08274905 0.9888695 0.1236519 380.3275 -0.9610097 -0.04633012 -0.2726057 377.2809 0 0 0 1
DataSet: 148
-20.654296875 -32.958984375 26.89453125 1.494140625 -3.19467459493065 29.1796875 -79.013671875
503.112 381.028 373.077 733.137
-0.278571 -0.1420834 0.9498476 503.1117 -0.08274905 0.9888695 0.1236519 381.0283 -0.9568442 -0.04415317 -0.2872276 373.0772 0 0 0 1
DataSet: 149
-20.654296875 -31.9921875 26.71875 1.494140625 -3.31297969730857 29.1796875 -79.013671875
507.530 380.281 369.685 734.075
-0.2931004 -0.1443462 0.9451224 507.5298 -0.08174513 0.9887009 0.1256511 380.2805 -0.9525806 -0.04043075 -0.3015882 369.6845 0 0 0 1
DataSet: 150
-20.654296875 -31.025390625 26.455078125 1.494140625 -3.19467459493065 29.1796875 -78.92578125
513.629 379.275 364.793 735.349
-0.3087196 -0.14347 0.9402705 513.6293 -0.08255927 0.9888695 0.1237787 379.2749 -0.9475633 -0.03941514 -0.3171282 364.7934 0 0 0 1
DataSet: 151
-20.56640625 -30.05859375 27.333984375 1.494140625 -3.19467459493065 29.1796875 -79.013671875
518.151 382.776 358.099 737.043
-0.3280354 -0.1441905 0.9335962 518.1509 -0.08274905 0.9888695 0.1236519 382.776 -0.9410342 -0.036692 -0.3363158 358.0989 0 0 0 1
DataSet: 152
-20.56640625 -29.091796875 26.455078125 1.494140625 -3.19467459493065 29.1796875 -79.013671875
523.819 379.275 354.809 737.649
-0.3427155 -0.1447468 0.9282211 523.8195 -0.08274905 0.9888695 0.1236519 379.2747 -0.9357877 -0.03443199 -0.3508786 354.8089 0 0 0 1
DataSet: 153
-20.56640625 -27.94921875 27.59765625 1.494140625 -3.19467459493065 29.1796875 -79.013671875
527.552 383.822 348.157 739.489
-0.3600765 -0.1453627 0.9215284 527.5519 -0.08274905 0.9888695 0.1236519 383.8217 -0.9292457 -0.03173145 -0.3680973 348.1573 0 0 0 1
DataSet: 154
-20.654296875 -26.982421875 26.54296875 1.494140625 -3.19467459493065 29.1796875 -79.013671875
533.141 379.626 345.410 740.043
-0.3742699 -0.1458317 0.9157811 533.1411 -0.08274905 0.9888695 0.1236519 379.6259 -0.9236204 -0.02950084 -0.3821715 345.41 0 0 0 1
DataSet: 155
-20.56640625 -25.6640625 26.71875 1.494140625 -3.19467459493065 29.1796875 -79.013671875
539.810 380.328 337.465 741.570
-0.3971284 -0.1465204 0.9059916 539.81 -0.08274905 0.9888695 0.1236519 380.3275 -0.9140249 -0.02586427 -0.4048326 337.4652 0 0 0 1
DataSet: 156
-20.56640625 -24.9609375 27.685546875 1.494140625 -3.19467459493065 29.1796875 -79.013671875
541.714 384.170 332.701 742.785
-0.4083289 -0.1468271 0.9009491 541.7135 -0.08274905 0.9888695 0.1236519 384.1698 -0.9090765 -0.02406204 -0.4159338 332.7014 0 0 0 1
DataSet: 157
-20.56640625 -24.08203125 27.0703125 1.494140625 -3.19467459493065 29.1796875 -79.013671875
546.607 381.728 328.784 743.367
-0.4221481 -0.1471771 0.8944998 546.6074 -0.08274905 0.9888695 0.1236519 381.7281 -0.9027423 -0.0218196 -0.4296281 328.7843 0 0 0 1
DataSet: 158
-20.654296875 -22.8515625 26.806640625 1.494140625 -3.19467459493065 29.1796875 -79.013671875
551.771 380.678 323.649 744.390
-0.4392445 -0.1475655 0.8861651 551.7712 -0.08274905 0.9888695 0.1236519 380.678 -0.8945484 -0.01901592 -0.4465664 323.6494 0 0 0 1
DataSet: 159
-20.56640625 -22.060546875 27.59765625 1.494140625 -3.19467459493065 29.1796875 -79.013671875
554.535 383.822 317.685 745.488
-0.4527133 -0.1478361 0.8793151 554.5355 -0.08274905 0.9888695 0.1236519 383.8217 -0.8878081 -0.01678363 -0.4599077 317.685 0 0 0 1
DataSet: 160
-20.654296875 -21.005859375 26.71875 1.494140625 -3.19467459493065 29.1796875 -79.013671875
559.705 380.328 313.950 745.978
-0.4669441 -0.1480871 0.871799 559.7052 -0.08274905 0.9888695 0.1236519 380.3275 -0.8804066 -0.01440202 -0.4740008 313.9501 0 0 0 1
DataSet: 161
-20.56640625 -19.951171875 27.7734375 1.494140625 -3.19467459493065 29.1796875 -79.013671875
563.047 384.518 306.090 747.373
-0.4844097 -0.1483448 0.8621723 563.0474 -0.08274905 0.9888695 0.1236519 384.5177 -0.870919 -0.01144576 -0.4912933 306.0897 0 0 0 1
DataSet: 162
-20.56640625 -18.984375 27.333984375 1.494140625 -3.19467459493065 29.1796875 -79.013671875
568.036 382.776 300.602 748.027
-0.5002879 -0.1485297 0.8530246 568.0359 -0.08274905 0.9888695 0.1236519 382.776 -0.8618959 -0.008725434 -0.5070101 300.6019 0 0 0 1
DataSet: 163
-20.56640625 -18.017578125 26.71875 1.494140625 -3.31297969730857 29.1796875 -78.92578125
572.714 380.281 295.903 748.447
-0.5140532 -0.1498421 0.8445689 572.7141 -0.08155228 0.9887009 0.1257764 380.2808 -0.8538727 -0.004220762 -0.5204649 295.9027 0 0 0 1
DataSet: 164
-20.478515625 -16.875 27.7734375 1.494140625 -3.19467459493065 29.1796875 -79.013671875
575.799 384.518 287.601 749.741
-0.5317253 -0.1487504 0.8337515 575.7985 -0.08274905 0.9888695 0.1236519 384.5177 -0.8428646 -0.003243309 -0.5381159 287.601 0 0 0 1
DataSet: 165
-20.56640625 -15.908203125 26.982421875 1.494140625 -3.19467459493065 29.1796875 -79.013671875
579.774 381.378 284.373 749.970
-0.5426564 -0.14878 0.8266732 579.7743 -0.08274905 0.9888695 0.1236519 381.3783 -0.8358688 -0.001305936 -0.5489277 284.3726 0 0 0 1
DataSet: 166
-20.56640625 -14.765625 25.13671875 1.494140625 -3.19467459493065 29.1796875 -79.013671875
587.687 373.979 277.735 749.915
-0.5625178 -0.1487686 0.8132907 587.6872 -0.08274905 0.9888695 0.1236519 373.979 -0.8226338 0.002257349 -0.5685671 277.7346 0 0 0 1
DataSet: 167
-20.56640625 -14.0625 24.9609375 1.494140625 -3.19467459493065 29.1796875 -79.013671875
590.747 373.269 273.181 750.293
-0.5735818 -0.1487245 0.8055339 590.7468 -0.08274905 0.9888695 0.1236519 373.2691 -0.814958 0.00426731 -0.5795044 273.1814 0 0 0 1
DataSet: 168
-20.56640625 -12.919921875 26.3671875 1.494140625 -3.19467459493065 29.1796875 -79.013671875
592.343 378.923 265.588 751.658
-0.5886702 -0.1486192 0.794594 592.3434 -0.08274905 0.9888695 0.1236519 378.9232 -0.8041269 0.00703828 -0.5944161 265.5877 0 0 0 1
DataSet: 169
-20.56640625 -11.953125 26.455078125 1.494140625 -3.19467459493065 29.1796875 -79.013671875
595.271 379.275 259.975 752.186
-0.6012778 -0.1484897 0.7851215 595.2711 -0.08274905 0.9888695 0.1236519 379.2747 -0.7947437 0.009381075 -0.6068726 259.9752 0 0 0 1
DataSet: 170
-20.478515625 -10.72265625 24.08203125 1.494140625 -3.19467459493065 29.1796875 -79.013671875
603.690 369.706 252.359 751.538
-0.6207911 -0.1482116 0.7698388 603.6903 -0.08274905 0.9888695 0.1236519 369.7064 -0.7795967 0.01305855 -0.6261457 252.3591 0 0 0 1
DataSet: 171
-20.56640625 -9.931640625 24.43359375 1.494140625 -3.19467459493065 29.1796875 -79.013671875
605.383 371.134 247.914 752.124
-0.6307287 -0.1480321 0.7617531 605.3835 -0.08274905 0.9888695 0.1236519 371.134 -0.7715788 0.01495646 -0.6359579 247.9136 0 0 0 1
DataSet: 172
-20.654296875 -8.96484375 24.08203125 1.494140625 -3.19467459493065 29.1796875 -79.013671875
607.939 369.706 244.138 752.247
-0.640034 -0.1478399 0.7539893 607.9393 -0.08274905 0.9888695 0.1236519 369.7064 -0.7638777 0.01674951 -0.6451437 244.1377 0 0 0 1
DataSet: 173
-20.478515625 -7.91015625 24.169921875 1.494140625 -3.19467459493065 29.1796875 -78.92578125
611.613 370.064 235.599 752.678
-0.6546298 -0.14746 0.741428 611.6133 -0.08255927 0.9888695 0.1237787 370.0639 -0.7514278 0.01981745 -0.6595176 235.5986 0 0 0 1
DataSet: 174
-20.478515625 -6.943359375 24.2578125 1.494140625 -3.19467459493065 29.1796875 -79.013671875
614.411 370.421 228.943 753.078
-0.6690393 -0.1470833 0.7285279 614.4106 -0.08274905 0.9888695 0.1236519 370.4207 -0.7386061 0.02244298 -0.6737635 228.943 0 0 0 1
DataSet: 175
-20.478515625 -5.9765625 24.2578125 1.494140625 -3.19467459493065 29.1796875 -79.013671875
617.223 370.421 222.284 753.383
-0.6820996 -0.1466599 0.7164014 617.223 -0.08274905 0.9888695 0.1236519 370.4207 -0.7265622 0.02506137 -0.6866435 222.2841 0 0 0 1
DataSet: 176
-20.478515625 -5.009765625 24.697265625 1.494140625 -3.19467459493065 29.1796875 -79.013671875
619.123 372.203 215.640 753.889
-0.6943988 -0.1462109 0.7045798 619.1229 -0.08274905 0.9888695 0.1236519 372.2025 -0.7148167 0.02756042 -0.6987686 215.64 0 0 0 1
DataSet: 177
-20.56640625 -3.8671875 24.697265625 1.494140625 -3.31297969730857 29.1796875 -79.013671875
621.426 372.156 209.803 754.114
-0.7071733 -0.1463776 0.6917222 621.426 -0.08174513 0.9887009 0.1256511 372.1555 -0.7022989 0.03231221 -0.7111486 209.803 0 0 0 1
DataSet: 178
-20.478515625 -2.8125 29.443359375 1.494140625 -3.19467459493065 29.1796875 -79.013671875
616.196 391.079 198.903 756.441
-0.7209515 -0.1450632 0.6776323 616.196 -0.08274905 0.9888695 0.1236519 391.0791 -0.6880273 0.03307358 -0.7249308 198.903 0 0 0 1
DataSet: 179
-20.56640625 -1.93359375 28.4765625 1.494140625 -3.19467459493065 29.1796875 -79.013671875
619.587 387.292 194.854 756.208
-0.7300041 -0.1446123 0.667968 619.5869 -0.08274905 0.9888695 0.1236519 387.2915 -0.6784147 0.03499267 -0.7338454 194.8541 0 0 0 1
DataSet: 180
-20.390625 3.1640625 23.115234375 1.494140625 -3.19467459493065 29.1796875 -79.013671875
638.804 365.763 160.996 753.507
-0.7883357 -0.1408575 0.598904 638.804 -0.08274905 0.9888695 0.1236519 365.7629 -0.6096551 0.04792047 -0.791217 160.9958 0 0 0 1
DataSet: 181
-20.478515625 4.04296875 23.02734375 1.494140625 -3.19467459493065 29.1796875 -79.013671875
640.011 365.403 156.237 753.355
-0.7962595 -0.1402172 0.5884811 640.0112 -0.08274905 0.9888695 0.1236519 365.4032 -0.5992691 0.04976273 -0.7989995 156.2368 0 0 0 1
DataSet: 182
-20.478515625 5.09765625 23.37890625 1.494140625 -3.19467459493065 29.1796875 -79.013671875
640.987 366.841 149.056 753.428
-0.8068142 -0.139308 0.5741465 640.9869 -0.08274905 0.9888695 0.1236519 366.8409 -0.5849816 0.05225401 -0.8093615 149.0558 0 0 0 1
DataSet: 183
-20.478515625 6.064453125 24.697265625 1.494140625 -3.19467459493065 29.1796875 -79.013671875
640.169 372.203 142.260 754.048
-0.8162642 -0.1384356 0.5608461 640.1686 -0.08274905 0.9888695 0.1236519 372.2025 -0.5717214 0.05452313 -0.8186342 142.26 0 0 0 1
DataSet: 184
-20.56640625 7.20703125 24.609375 1.494140625 -3.19467459493065 29.1796875 -79.013671875
641.617 371.847 134.632 753.703
-0.8276659 -0.137304 0.5441662 641.6173 -0.08274905 0.9888695 0.1236519 371.8466 -0.5550872 0.05731321 -0.8298153 134.6325 0 0 0 1
DataSet: 185
-20.56640625 8.173828125 24.9609375 1.494140625 -3.19467459493065 29.1796875 -79.013671875
642.147 373.269 127.523 753.621
-0.8373294 -0.1362716 0.5294427 642.1473 -0.08274905 0.9888695 0.1236519 373.2691 -0.5403999 0.05972648 -0.8392858 127.523 0 0 0 1
DataSet: 186
-20.478515625 9.140625 24.345703125 1.494140625 -3.19467459493065 29.1796875 -79.013671875
644.347 370.777 119.408 752.939
-0.8476483 -0.1350881 0.5130727 644.3475 -0.08274905 0.9888695 0.1236519 370.7775 -0.5240659 0.06235703 -0.8493919 119.4078 0 0 0 1
DataSet: 187
-20.56640625 9.931640625 23.642578125 1.494140625 -3.19467459493065 29.1796875 -79.013671875
645.971 367.917 114.791 752.209
-0.8542297 -0.134286 0.5022537 645.9713 -0.08274905 0.9888695 0.1236519 367.917 -0.5132681 0.0640661 -0.8558338 114.7913 0 0 0 1
DataSet: 188
-20.478515625 11.07421875 23.466796875 1.494140625 -3.19467459493065 29.1796875 -79.013671875
647.311 367.200 105.263 751.617
-0.8655847 -0.1328074 0.4828306 647.3112 -0.08274905 0.9888695 0.1236519 367.1998 -0.4938783 0.06707741 -0.86694 105.2631 0 0 0 1
DataSet: 189
-20.478515625 12.041015625 23.37890625 1.494140625 -3.19467459493065 29.1796875 -79.013671875
648.019 366.841 98.457 751.129
-0.8737587 -0.1316619 0.4681996 648.0191 -0.08274905 0.9888695 0.1236519 366.8409 -0.4792685 0.06929884 -0.8749282 98.45723 0 0 0 1
DataSet: 190
-20.478515625 13.0078125 23.02734375 1.494140625 -3.19467459493065 29.1796875 -79.013671875
649.018 365.403 91.639 750.427
-0.8816862 -0.1304793 0.4534365 649.0178 -0.08274905 0.9888695 0.1236519 365.4032 -0.4645235 0.07150072 -0.8826696 91.6393 0 0 0 1
DataSet: 191
-20.478515625 14.150390625 22.763671875 1.494140625 -3.19467459493065 29.1796875 -79.013671875
649.790 364.323 84.066 749.684
-0.8901715 -0.1291272 0.4369448 649.7904 -0.08274905 0.9888695 0.1236519 364.3228 -0.4480482 0.07391462 -0.8909486 84.06609 0 0 0 1
DataSet: 192
-20.478515625 15.029296875 22.060546875 1.494140625 -3.31297969730857 29.1796875 -79.013671875
651.031 361.386 78.896 748.777
-0.8964154 -0.1280403 0.4243173 651.0314 -0.08174513 0.9887009 0.1256511 361.386 -0.4356113 0.07794974 -0.8967534 78.89561 0 0 0 1
DataSet: 193
-20.478515625 16.083984375 21.796875 1.494140625 -3.19467459493065 29.1796875 -79.013671875
651.525 360.346 71.077 747.922
-0.9039229 -0.12672 0.4084917 651.5255 -0.08274905 0.9888695 0.1236519 360.3461 -0.4196142 0.07796946 -0.9043477 71.0773 0 0 0 1
DataSet: 194
-20.390625 16.962890625 21.09375 1.494140625 -3.19467459493065 29.1796875 -79.013671875
652.636 357.439 63.886 746.846
-0.910676 -0.1254256 0.3936211 652.6361 -0.08274905 0.9888695 0.1236519 357.4394 -0.404749 0.08003503 -0.9109186 63.88609 0 0 0 1
DataSet: 195
-20.390625 18.10546875 21.26953125 1.494140625 -3.19467459493065 29.1796875 -79.013671875
652.144 358.167 52.779 745.896
-0.9213231 -0.1232078 0.3687596 652.1438 -0.08274905 0.9888695 0.1236519 358.1672 -0.3798899 0.08340883 -0.9212636 52.77922 0 0 0 1
DataSet: 196
-20.390625 18.984375 21.005859375 1.494140625 -3.31297969730857 29.1796875 -79.013671875
652.279 357.028 46.809 745.069
-0.9272946 -0.1216584 0.3540114 652.2791 -0.08174513 0.9887009 0.1256511 357.0282 -0.3652979 0.08757692 -0.926762 46.80944 0 0 0 1
DataSet: 197
-20.390625 20.0390625 21.26953125 1.494140625 -3.19467459493065 29.1796875 -79.013671875
651.447 358.167 39.414 744.460
-0.9332317 -0.1204197 0.3384932 651.4471 -0.08274905 0.9888695 0.1236519 358.1672 -0.3496158 0.08738586 -0.9328089 39.41393 0 0 0 1
DataSet: 198
-20.390625 21.005859375 21.357421875 1.494140625 -3.19467459493065 29.1796875 -79.013671875
650.849 358.531 33.188 743.808
-0.9384619 -0.1190712 0.3242088 650.8489 -0.08274905 0.9888695 0.1236519 358.5309 -0.3353236 0.08921461 -0.9378693 33.18816 0 0 0 1
DataSet: 199
-20.390625 22.060546875 21.533203125 1.494140625 -3.19467459493065 29.1796875 -79.013671875
649.975 359.258 26.428 743.123
-0.9439179 -0.1175684 0.3085397 649.9754 -0.08274905 0.9888695 0.1236519 359.2575 -0.319643 0.09118586 -0.9431402 26.42753 0 0 0 1
DataSet: 200
-20.390625 23.115234375 21.708984375 1.494140625 -3.19467459493065 29.1796875 -79.013671875
648.848 359.983 18.513 742.250
-0.9499854 -0.1157636 0.2900457 648.8484 -0.08274905 0.9888695 0.1236519 359.9835 -0.3011317 0.09346648 -0.9489909 18.51302 0 0 0 1
DataSet: 201
-20.390625 24.169921875 20.91796875 1.494140625 -3.19467459493065 29.1796875 -78.92578125
648.907 356.711 10.359 740.561
-0.9552724 -0.1139145 0.2729066 648.9069 -0.08255927 0.9888695 0.1237787 356.7112 -0.2839692 0.09571139 -0.9540445 10.35923 0 0 0 1
DataSet: 202
-20.390625 25.048828125 20.56640625 1.494140625 -3.19467459493065 29.1796875 -79.013671875
648.394 355.252 3.648 739.346
-0.9601649 -0.1123404 0.2558573 648.3941 -0.08274905 0.9888695 0.1236519 355.2516 -0.2669006 0.09755424 -0.9587738 3.648437 0 0 0 1
DataSet: 203
-20.390625 26.103515625 20.302734375 1.494140625 -3.19467459493065 29.1796875 -79.013671875
647.438 354.155 -4.226 737.984
-0.965119 -0.110444 0.2373762 647.4382 -0.08274905 0.9888695 0.1236519 354.1553 -0.2483906 0.09969613 -0.9635158 -4.2261 0 0 0 1
DataSet: 204
-20.390625 27.0703125 20.56640625 1.494140625 -3.19467459493065 29.1796875 -79.013671875
645.871 355.252 -10.739 737.203
-0.9690437 -0.1088024 0.2216218 645.8707 -0.08274905 0.9888695 0.1236519 355.2516 -0.2326087 0.1014851 -0.9672611 -10.73899 0 0 0 1
DataSet: 205
-20.390625 28.125 20.56640625 1.494140625 -3.19467459493065 29.1796875 -79.013671875
644.348 355.252 -18.224 736.016
-0.9731998 -0.1068974 0.2036053 644.348 -0.08274905 0.9888695 0.1236519 355.2516 -0.2145572 0.1034898 -0.9712132 -18.22419 0 0 0 1
DataSet: 206
-20.390625 29.091796875 26.3671875 1.494140625 -3.19467459493065 29.1796875 -79.013671875
634.142 378.923 -22.541 739.072
-0.9767141 -0.1051186 0.1870283 634.1418 -0.08274905 0.9888695 0.1236519 378.9232 -0.1979447 0.1052961 -0.9745412 -22.54126 0 0 0 1
DataSet: 207
-20.390625 30.05859375 26.3671875 1.494140625 -3.31297969730857 29.1796875 -79.013671875
632.735 378.876 -28.564 738.050
-0.9799762 -0.1027028 0.1705839 632.7354 -0.08174513 0.9887009 0.1256511 378.8762 -0.1815612 0.1091907 -0.9772988 -28.56379 0 0 0 1
DataSet: 208
-20.302734375 31.2890625 26.279296875 1.494140625 -3.19467459493065 29.1796875 -79.013671875
630.539 378.572 -38.442 736.460
-0.9837815 -0.10087 0.1483217 630.5388 -0.08274905 0.9888695 0.1236519 378.5715 -0.1591436 0.1093729 -0.9811783 -38.44206 0 0 0 1
DataSet: 209
-20.390625 32.255859375 26.3671875 1.494140625 -3.19467459493065 29.1796875 -79.013671875
628.686 378.923 -43.652 735.346
-0.9860116 -0.09925355 0.1339024 628.6858 -0.08274905 0.9888695 0.1236519 378.9232 -0.1446849 0.1108419 -0.9832499 -43.65211 0 0 0 1
DataSet: 210
-20.302734375 33.22265625 26.3671875 1.494140625 -3.19467459493065 29.1796875 -79.013671875
626.721 378.923 -51.075 734.146
-0.9884777 -0.09722319 0.1160148 626.7209 -0.08274905 0.9888695 0.1236519 378.9232 -0.1267454 0.112627 -0.9855205 -51.07526 0 0 0 1
DataSet: 211
-20.302734375 34.1015625 26.3671875 1.494140625 -3.19467459493065 29.1796875 -79.013671875
624.631 378.923 -57.671 732.852
-0.9905131 -0.09526992 0.09903203 624.631 -0.08274905 0.9888695 0.1236519 378.9232 -0.1097101 0.114284 -0.9873717 -57.67133 0 0 0 1
DataSet: 212
-20.302734375 35.15625 26.3671875 1.494140625 -3.19467459493065 29.1796875 -79.013671875
622.282 378.923 -64.652 731.435
-0.9923573 -0.09315968 0.08092188 622.282 -0.08274905 0.9888695 0.1236519 378.9232 -0.09154055 0.1160106 -0.9890206 -64.65213 0 0 0 1
DataSet: 213
-20.390625 36.298828125 26.3671875 1.494140625 -3.19467459493065 29.1796875 -79.013671875
619.718 378.923 -71.083 729.854
-0.9938521 -0.09104382 0.06300061 619.7184 -0.08274905 0.9888695 0.1236519 378.9232 -0.07355712 0.1176784 -0.9903238 -71.08318 0 0 0 1
DataSet: 214
-20.390625 37.08984375 26.19140625 1.494140625 -3.19467459493065 29.1796875 -79.013671875
618.060 378.220 -76.382 728.617
-0.9947692 -0.08941785 0.04938362 618.0604 -0.08274905 0.9888695 0.1236519 378.2196 -0.05989064 0.1189186 -0.9910961 -76.38196 0 0 0 1
DataSet: 215
-20.390625 38.056640625 26.279296875 1.494140625 -3.19467459493065 29.1796875 -79.013671875
615.452 378.572 -82.606 727.270
-0.9956349 -0.08740763 0.03272821 615.4521 -0.08274905 0.9888695 0.1236519 378.5715 -0.04317205 0.1204039 -0.9917858 -82.60616 0 0 0 1
DataSet: 216
-20.302734375 39.0234375 26.279296875 1.494140625 -3.19467459493065 29.1796875 -79.013671875
612.869 378.572 -89.576 725.912
-0.9962408 -0.08527339 0.01525467 612.8688 -0.08274905 0.9888695 0.1236519 378.5715 -0.02562909 0.1219247 -0.9922084 -89.57627 0 0 0 1
DataSet: 217
-20.302734375 39.90234375 26.630859375 1.494140625 -3.19467459493065 29.1796875 -79.013671875
609.900 379.977 -94.889 724.820
-0.9965148 -0.08341567 0.0002147827 609.8996 -0.08274905 0.9888695 0.1236519 379.9768 -0.0105269 0.1232032 -0.9923257 -94.88884 0 0 0 1
DataSet: 218
-20.302734375 41.044921875 26.54296875 1.494140625 -3.19467459493065 29.1796875 -79.013671875
606.776 379.626 -102.169 723.002
-0.9965288 -0.08097206 -0.01933663 606.7761 -0.08274905 0.9888695 0.1236519 379.6259 0.009109052 0.1248228 -0.9921373 -102.1689 0 0 0 1
DataSet: 219
-20.302734375 42.01171875 26.54296875 1.494140625 -3.19467459493065 29.1796875 -79.013671875
604.474 379.626 -107.038 721.777
-0.996317 -0.07929077 -0.03264052 604.4744 -0.08274905 0.9888695 0.1236519 379.6259 0.02247276 0.1258974 -0.9917887 -107.0385 0 0 0 1
DataSet: 220
-20.302734375 43.06640625 26.54296875 1.494140625 -3.19467459493065 29.1796875 -79.013671875
601.279 379.626 -113.532 720.099
-0.9957502 -0.07700916 -0.0505078 601.2791 -0.08274905 0.9888695 0.1236519 379.6259 0.04042329 0.1273059 -0.9910395 -113.5324 0 0 0 1
DataSet: 221
-20.390625 44.033203125 26.54296875 1.494140625 -3.19467459493065 29.1796875 -79.013671875
598.455 379.626 -118.389 718.527
-0.9950444 -0.07511995 -0.06514378 598.4552 -0.08274905 0.9888695 0.1236519 379.6259 0.05512998 0.1284297 -0.9901851 -118.3894 0 0 0 1
DataSet: 222
-20.302734375 45.087890625 26.54296875 1.494140625 -3.19467459493065 29.1796875 -79.013671875
594.830 379.626 -125.813 716.776
-0.9937603 -0.07256678 -0.08470264 594.83 -0.08274905 0.9888695 0.1236519 379.6259 0.07478683 0.1298894 -0.988704 -125.8134 0 0 0 1
DataSet: 223
-20.390625 46.23046875 26.54296875 1.494140625 -3.19467459493065 29.1796875 -79.013671875
591.303 379.626 -131.494 714.874
-0.9923078 -0.07029466 -0.1019013 591.3026 -0.08274905 0.9888695 0.1236519 379.6259 0.09207501 0.131133 -0.9870797 -131.4936 0 0 0 1
DataSet: 224
-20.390625 47.021484375 26.54296875 1.494140625 -3.19467459493065 29.1796875 -79.013671875
588.610 379.626 -136.143 713.521
-0.9909871 -0.06853393 -0.1150983 588.6099 -0.08274905 0.9888695 0.1236519 379.6259 0.1053429 0.1320617 -0.985628 -136.1435 0 0 0 1
DataSet: 225
-20.390625 48.076171875 26.54296875 1.494140625 -3.31297969730857 29.1796875 -79.013671875
584.973 379.579 -142.253 711.695
-0.9888791 -0.06474425 -0.1338893 584.973 -0.08174513 0.9887009 0.1256511 379.5789 0.1242413 0.1351986 -0.9829982 -142.2534 0 0 0 1
DataSet: 226
-20.390625 49.04296875 26.630859375 1.494140625 -3.19467459493065 29.1796875 -79.013671875
580.740 379.977 -148.681 709.751
-0.986428 -0.06361695 -0.1513694 580.7398 -0.08274905 0.9888695 0.1236519 379.9768 0.1418182 0.1344994 -0.9807128 -148.6807 0 0 0 1
DataSet: 227
-20.390625 50.009765625 26.71875 1.494140625 -3.19467459493065 29.1796875 -79.013671875
576.749 380.328 -154.521 707.931
-0.9837726 -0.06123434 -0.1686467 576.7493 -0.08274905 0.9888695 0.1236519 380.3275 0.1591978 0.1356007 -0.9778898 -154.5215 0 0 0 1
DataSet: 228
-20.302734375 50.9765625 26.630859375 1.494140625 -3.19467459493065 29.1796875 -79.013671875
573.275 379.977 -160.538 706.257
-0.981006 -0.05898396 -0.184792 573.2748 -0.08274905 0.9888695 0.1236519 379.9768 0.1754417 0.1365946 -0.9749678 -160.5379 0 0 0 1
DataSet: 229
-20.390625 52.03125 26.630859375 1.494140625 -3.19467459493065 29.1796875 -79.013671875
569.243 379.977 -165.702 704.185
-0.977883 -0.05665426 -0.2013331 569.2429 -0.08274905 0.9888695 0.1236519 379.9768 0.1920868 0.1375772 -0.9716868 -165.702 0 0 0 1
DataSet: 230
-20.302734375 53.173828125 26.71875 1.494140625 -3.19467459493065 29.1796875 -79.013671875
564.021 380.328 -173.172 701.967
-0.973411 -0.05360768 -0.2227045 564.0214 -0.08274905 0.9888695 0.1236519 380.3275 0.213597 0.1387927 -0.9670123 -173.1724 0 0 0 1
DataSet: 231
-20.302734375 54.140625 29.794921875 1.494140625 -3.19467459493065 29.1796875 -79.013671875
555.960 392.449 -174.200 702.462
-0.9700723 -0.05150436 -0.2372909 555.9601 -0.08274905 0.9888695 0.1236519 392.4487 0.2282812 0.1395869 -0.9635368 -174.2002 0 0 0 1
DataSet: 232
-20.302734375 55.107421875 30.673828125 1.494140625 -3.19467459493065 29.1796875 -79.013671875
550.522 395.854 -178.268 701.109
-0.966083 -0.0491421 -0.2535127 550.5219 -0.08274905 0.9888695 0.1236519 395.854 0.2446145 0.1404359 -0.9593964 -178.2682 0 0 0 1
DataSet: 233
-20.302734375 56.162109375 30.322265625 1.494140625 -3.19467459493065 29.1796875 -79.013671875
546.281 394.495 -184.624 698.667
-0.961209 -0.04643703 -0.271884 546.2814 -0.08274905 0.9888695 0.1236519 394.4951 0.2631157 0.1413534 -0.9543528 -184.6237 0 0 0 1
DataSet: 234
-20.302734375 57.041015625 30.673828125 1.494140625 -3.19467459493065 29.1796875 -79.013671875
541.700 395.854 -188.954 697.024
-0.9568766 -0.04416969 -0.2871171 541.6996 -0.08274905 0.9888695 0.1236519 395.854 0.2784596 0.1420783 -0.949881 -188.9541 0 0 0 1
DataSet: 235
-20.302734375 58.095703125 30.673828125 1.494140625 -3.19467459493065 29.1796875 -79.013671875
537.521 395.854 -193.759 695.105
-0.952248 -0.04186613 -0.3024417 537.5208 -0.08274905 0.9888695 0.1236519 395.854 0.2938985 0.142774 -0.9451134 -193.7588 0 0 0 1
DataSet: 236
-20.302734375 59.0625 30.673828125 1.494140625 -3.31297969730857 29.1796875 -79.013671875
533.485 395.807 -198.292 693.246
-0.9472482 -0.03787165 -0.3182557 533.485 -0.08174513 0.9887009 0.1256511 395.807 0.3099011 0.1450387 -0.9396409 -198.2924 0 0 0 1
DataSet: 237
-20.302734375 60.029296875 31.552734375 1.494140625 -3.19467459493065 29.1796875 -79.013671875
527.027 399.232 -202.522 691.490
-0.9414575 -0.03687838 -0.3351086 527.0266 -0.08274905 0.9888695 0.1236519 399.2321 0.3268186 0.1441429 -0.9340302 -202.5219 0 0 0 1
DataSet: 238
-20.302734375 60.99609375 31.552734375 1.494140625 -3.19467459493065 29.1796875 -79.013671875
522.304 399.232 -207.420 689.356
-0.9356414 -0.03437022 -0.3512746 522.304 -0.08274905 0.9888695 0.1236519 399.2321 0.3431148 0.1447615 -0.9280713 -207.4205 0 0 0 1
DataSet: 239
-20.302734375 62.05078125 32.16796875 1.494140625 -3.31297969730857 29.1796875 -79.013671875
516.860 401.533 -211.065 687.693
-0.9293787 -0.03008514 -0.3678994 516.8597 -0.08174513 0.9887009 0.1256511 401.5333 0.3599623 0.1468515 -0.9213369 -211.0652 0 0 0 1
DataSet: 240
-20.302734375 63.017578125 32.16796875 1.494140625 -3.19467459493065 29.1796875 -79.013671875
511.576 401.580 -216.144 685.343
-0.9229197 -0.0292284 -0.3838814 511.5763 -0.08274905 0.9888695 0.1236519 401.5803 0.3759944 0.1458866 -0.9150657 -216.1438 0 0 0 1
DataSet: 241
-20.302734375 64.072265625 32.255859375 1.494140625 -3.19467459493065 29.1796875 -79.013671875
506.104 401.915 -220.989 683.017
-0.9157122 -0.02648961 -0.4009607 506.1039 -0.08274905 0.9888695 0.1236519 401.9146 0.3932223 0.1464086 -0.9077118 -220.9886 0 0 0 1
DataSet: 242
-20.302734375 64.951171875 32.255859375 1.494140625 -3.31297969730857 29.1796875 -79.013671875
502.055 401.868 -224.678 681.202
-0.9096032 -0.02248082 -0.4148694 502.0546 -0.08174513 0.9887009 0.1256511 401.8676 0.407357 0.1482062 -0.9011632 -224.6776 0 0 0 1
DataSet: 243
-20.302734375 65.91796875 32.34375 1.494140625 -3.19467459493065 29.1796875 -79.013671875
496.476 402.249 -229.263 678.862
-0.9024289 -0.02171042 -0.4302915 496.4758 -0.08274905 0.9888695 0.1236519 402.2486 0.4228176 0.1471932 -0.8941809 -229.2632 0 0 0 1
DataSet: 244
-20.21484375 67.1484375 32.6953125 1.494140625 -3.19467459493065 29.1796875 -79.013671875
489.204 403.582 -234.878 676.289
-0.8923798 -0.01829077 -0.4509143 489.2043 -0.08274905 0.9888695 0.1236519 403.5819 0.4436336 0.1476572 -0.8839607 -234.8781 0 0 0 1
DataSet: 245
-20.302734375 68.291015625 32.607421875 1.494140625 -3.19467459493065 29.1796875 -79.013671875
483.677 403.249 -239.043 673.569
-0.884169 -0.01560394 -0.4669066 483.6772 -0.08274905 0.9888695 0.1236519 403.249 0.4597802 0.1479652 -0.8756189 -239.0432 0 0 0 1
DataSet: 246
-20.302734375 68.994140625 32.6953125 1.494140625 -3.19467459493065 29.1796875 -79.013671875
479.799 403.582 -241.818 671.983
-0.8784658 -0.01378878 -0.4776062 479.7992 -0.08274905 0.9888695 0.1236519 403.5819 0.4705852 0.1481454 -0.869829 -241.8179 0 0 0 1
DataSet: 247
-20.302734375 70.13671875 32.87109375 1.494140625 -3.19467459493065 29.1796875 -79.013671875
473.999 404.247 -245.711 669.675
-0.8698645 -0.01112345 -0.4931653 473.9987 -0.08274905 0.9888695 0.1236519 404.2468 0.4863007 0.1483693 -0.8611029 -245.7108 0 0 0 1
DataSet: 248
-20.302734375 71.015625 33.92578125 1.494140625 -3.19467459493065 29.1796875 -79.013671875
468.613 408.212 -246.738 668.666
-0.8634055 -0.009174745 -0.5044271 468.6131 -0.08274905 0.9888695 0.1236519 408.2115 0.4976781 0.1485026 -0.8545546 -246.7379 0 0 0 1
DataSet: 249
-20.302734375 71.982421875 34.013671875 1.494140625 -3.19467459493065 29.1796875 -79.013671875
463.104 408.540 -250.393 666.383
-0.8547576 -0.0066307 -0.5189851 463.104 -0.08274905 0.9888695 0.1236519 408.54 0.5123886 0.1486379 -0.8457924 -250.3929 0 0 0 1
DataSet: 250
-20.302734375 73.037109375 34.189453125 1.494140625 -3.19467459493065 29.1796875 -79.013671875
456.935 409.196 -254.112 663.931
-0.8450378 -0.003853186 -0.5346928 456.9347 -0.08274905 0.9888695 0.1236519 409.196 0.5282649 0.1487358 -0.8359509 -254.1124 0 0 0 1
DataSet: 251
-20.302734375 74.00390625 35.068359375 1.494140625 -3.19467459493065 29.1796875 -79.013671875
450.410 412.458 -255.969 662.201
-0.8358688 -0.001305929 -0.5489278 450.4096 -0.08274905 0.9888695 0.1236519 412.458 0.5426564 0.14878 -0.8266732 -255.9689 0 0 0 1
DataSet: 252
-20.302734375 75.05859375 35.15625 1.494140625 -3.19467459493065 29.1796875 -79.013671875
445.226 412.783 -259.005 660.075
-0.827264 0.001025265 -0.5618124 445.2257 -0.08274905 0.9888695 0.1236519 412.7825 0.5556859 0.1487822 -0.8179713 -259.0054 0 0 0 1
DataSet: 253
-20.302734375 76.025390625 35.15625 1.494140625 -3.19467459493065 29.1796875 -79.013671875
439.649 412.783 -262.407 657.676
-0.8176886 0.003556815 -0.5756498 439.6488 -0.08274905 0.9888695 0.1236519 412.7825 0.5696823 0.1487432 -0.808293 -262.407 0 0 0 1
DataSet: 254
-20.302734375 76.9921875 35.33203125 1.494140625 -3.19467459493065 29.1796875 -79.013671875
433.830 413.431 -265.344 655.394
-0.8078764 0.006087335 -0.5893205 433.8304 -0.08274905 0.9888695 0.1236519 413.4306 0.5835137 0.1486612 -0.7983806 -265.3443 0 0 0 1
DataSet: 255
-20.302734375 78.22265625 35.68359375 1.494140625 -3.19467459493065 29.1796875 -79.013671875
426.242 414.723 -268.653 652.573
-0.7950664 0.009301361 -0.6064511 426.2419 -0.08274905 0.9888695 0.1236519 414.723 0.6008511 0.1484947 -0.7854472 -268.6528 0 0 0 1
DataSet: 256
-20.302734375 79.013671875 35.771484375 1.494140625 -3.19467459493065 29.1796875 -79.013671875
421.546 415.045 -270.944 650.672
-0.7867719 0.011332 -0.6171398 421.5459 -0.08274905 0.9888695 0.1236519 415.0453 0.6116719 0.1483536 -0.777077 -270.9444 0 0 0 1
DataSet: 257
-20.302734375 80.068359375 35.947265625 1.494140625 -3.19467459493065 29.1796875 -79.013671875
415.185 415.689 -273.769 648.170
-0.7754838 0.01403616 -0.6312114 415.1846 -0.08274905 0.9888695 0.1236519 415.6891 0.6259212 0.1481222 -0.7656908 -273.7686 0 0 0 1
DataSet: 258
-20.302734375 81.2109375 36.03515625 1.494140625 -3.19467459493065 29.1796875 -79.013671875
408.627 416.010 -276.779 645.482
-0.7635052 0.01683553 -0.6455823 408.6273 -0.08274905 0.9888695 0.1236519 416.0104 0.6404783 0.1478302 -0.7536138 -276.7788 0 0 0 1
DataSet: 259
-20.302734375 82.265625 36.123046875 1.494140625 -3.19467459493065 29.1796875 -79.013671875
402.794 416.331 -279.304 643.106
-0.7527179 0.01929852 -0.6580604 402.7939 -0.08274905 0.9888695 0.1236519 416.3315 0.6531221 0.1475288 -0.7427427 -279.3044 0 0 0 1
DataSet: 260
-20.302734375 83.14453125 36.38671875 1.494140625 -3.19467459493065 29.1796875 -79.013671875
397.179 417.293 -281.154 641.040
-0.7424951 0.02158487 -0.6695036 397.179 -0.08274905 0.9888695 0.1236519 417.2927 0.6647207 0.1472117 -0.7324446 -281.1537 0 0 0 1
DataSet: 261
-20.302734375 84.287109375 36.474609375 1.494140625 -3.19467459493065 29.1796875 -79.013671875
390.055 417.613 -284.001 638.122
-0.7289388 0.02454929 -0.6841386 390.0555 -0.08274905 0.9888695 0.1236519 417.6125 0.6795594 0.1467465 -0.7187938 -284.0007 0 0 0 1
DataSet: 262
-20.302734375 84.990234375 36.5625 1.494140625 -3.19467459493065 29.1796875 -79.013671875
385.619 417.932 -285.602 636.348
-0.7204487 0.02636865 -0.6930068 385.6194 -0.08274905 0.9888695 0.1236519 417.932 0.6885538 0.1464305 -0.7102477 -285.6024 0 0 0 1
DataSet: 263
-20.302734375 85.95703125 36.650390625 1.494140625 -3.19467459493065 29.1796875 -79.013671875
381.480 418.251 -287.025 634.700
-0.7124656 0.02805443 -0.701146 381.4801 -0.08274905 0.9888695 0.1236519 418.2511 0.6968108 0.1461169 -0.702214 -287.0245 0 0 0 1
DataSet: 264
-20.302734375 87.099609375 36.73828125 1.494140625 -3.19467459493065 29.1796875 -79.013671875
374.507 418.570 -289.454 631.854
-0.6987802 0.03089062 -0.7146692 374.5067 -0.08274905 0.9888695 0.1236519 418.5699 0.7105342 0.1455437 -0.6884462 -289.4545 0 0 0 1
DataSet: 265
-20.302734375 88.154296875 36.73828125 1.494140625 -3.19467459493065 29.1796875 -79.013671875
368.086 418.570 -291.766 629.139
-0.6859128 0.0334983 -0.7269123 368.0864 -0.08274905 0.9888695 0.1236519 418.5699 0.7229635 0.1449657 -0.6755062 -291.7659 0 0 0 1
DataSet: 266
-20.302734375 89.12109375 36.650390625 1.494140625 -3.19467459493065 29.1796875 -79.013671875
362.221 418.251 -293.990 626.553
-0.6739234 0.03587921 -0.7379295 362.2208 -0.08274905 0.9888695 0.1236519 418.2511 0.7341525 0.1443949 -0.6634533 -293.9902 0 0 0 1
DataSet: 267
-20.390625 90.17578125 36.826171875 1.494140625 -3.19467459493065 29.1796875 -79.013671875
356.043 418.888 -295.071 623.940
-0.6617515 0.0382504 -0.7487469 356.0432 -0.08274905 0.9888695 0.1236519 418.8884 0.7451426 0.1437849 -0.6512207 -295.0711 0 0 0 1
DataSet: 268
-20.390625 91.318359375 36.826171875 1.494140625 -3.31297969730857 29.1796875 -79.013671875
349.156 418.841 -297.187 621.013
-0.6464453 0.04335805 -0.7617273 349.1556 -0.08174513 0.9887009 0.1256511 418.8414 0.7585685 0.1434941 -0.6355968 -297.1868 0 0 0 1
DataSet: 269
-20.390625 92.197265625 36.826171875 1.494140625 -3.19467459493065 29.1796875 -79.013671875
342.939 418.888 -298.921 618.408
-0.6345389 0.04339418 -0.7716718 342.9391 -0.08274905 0.9888695 0.1236519 418.8884 0.7684484 0.142317 -0.6238853 -298.921 0 0 0 1
DataSet: 270
-20.390625 92.98828125 36.826171875 1.494140625 -3.19467459493065 29.1796875 -79.013671875
337.865 418.888 -300.275 616.268
-0.6238564 0.04535722 -0.7802218 337.8654 -0.08274905 0.9888695 0.1236519 418.8884 0.777146 0.1417036 -0.6131592 -300.2753 0 0 0 1
