-13.974609375 2.548828125 5.361328125 3.955078125 11.0455539838501 -12.83203125 -105.556640625
1.494140625 2.548828125 -0.17578125 3.955078125 -2.5381190578215 14.765625 -73.4765625
10.283203125 -6.064453125 2.4609375 3.955078125 0.809630570513656 16.875 -69.78515625
-0.87890625 -5.9765625 2.548828125 3.955078125 -1.62110461918559 17.75390625 -97.03125
4.21875 -5.888671875 3.251953125 3.955078125 -1.38022856338138 11.6015625 -99.140625
12.216796875 -18.984375 5.80078125 3.955078125 2.07141871754147 12.216796875 -101.42578125
12.48046875 -18.984375 7.734375 3.955078125 6.77412645975661 9.66796875 -85.78125
12.83203125 -18.896484375 -9.931640625 3.955078125 -3.44055308003369 7.470703125 -93.515625
5.009765625 -19.423828125 -11.689453125 3.955078125 -2.41720698517279 12.48046875 -87.802734375
4.306640625 -19.423828125 -12.3046875 3.955078125 2.17861790916442 7.03125 -120.849609375
-4.21875 -19.423828125 -3.427734375 3.955078125 2.17861790916442 7.03125 -120.849609375
3.69140625 -11.953125 7.734375 3.955078125 -2.08653281854387 18.544921875 -96.064453125
-11.07421875 15.46875 -0.703125 3.955078125 0.807458415266049 14.58984375 -90.087890625
-15.205078125 15.556640625 7.998046875 3.955078125 13.128372628687 14.0625 -83.408203125
-9.580078125 15.556640625 5.09765625 3.955078125 -10.5825741941558 21.09375 -72.421875
-28.740234375 40.341796875 6.767578125 3.955078125 -0.458862477642377 7.822265625 -79.98046875
-20.126953125 25.83984375 5.712890625 3.955078125 -4.858719385585 17.138671875 -66.09375
-30.9375 25.83984375 2.28515625 3.955078125 -2.52352177082298 7.734375 -97.470703125
-30.849609375 25.83984375 2.28515625 3.955078125 -11.1169990280565 18.369140625 -101.6015625
7.822265625 -9.4921875 4.04296875 3.955078125 2.29317391633203 6.943359375 -103.974609375
7.294921875 -9.404296875 11.865234375 3.955078125 -2.42617820164782 15.99609375 -80.68359375
0 5.625 5.9765625 3.955078125 -1.03157409610336 6.15234375 -98.173828125
-14.150390625 5.712890625 3.251953125 3.955078125 -0.691784519254546 14.150390625 -94.306640625
-15.99609375 5.80078125 5.625 3.955078125 -3.36317984830615 18.896484375 -101.6015625
-4.658203125 5.80078125 5.80078125 3.955078125 -0.11663754014327 22.412109375 -61.435546875
-5.888671875 5.80078125 -7.822265625 3.955078125 -0.69230731857842 14.853515625 -85.166015625
4.21875 5.80078125 -4.04296875 3.955078125 -0.922292681158961 14.0625 -52.470703125
1.845703125 5.80078125 -7.91015625 3.955078125 -5.04118335484957 5.537109375 -71.455078125
-8.26171875 5.80078125 -7.3828125 3.955078125 -5.40827595900401 12.3046875 -99.931640625
2.8125 -8.701171875 10.8984375 3.955078125 -3.21828636911341 10.810546875 -86.66015625
-3.076171875 -8.701171875 7.55859375 3.955078125 -1.60665716329628 8.525390625 -111.708984375
-4.04296875 -8.701171875 -11.689453125 3.955078125 -2.29718865728028 9.84375 -111.884765625
6.240234375 -19.3359375 -2.724609375 3.955078125 -1.83541327579773 7.822265625 -96.591796875
14.501953125 -22.67578125 -1.142578125 3.955078125 -3.59283238600029 18.45703125 -86.66015625
18.720703125 -22.67578125 12.83203125 3.955078125 -2.65246942849922 14.4140625 -74.970703125
20.302734375 -31.9921875 3.779296875 3.955078125 -5.06563976234538 12.83203125 -56.337890625
23.37890625 -24.9609375 4.21875 3.955078125 4.50775475150506 16.435546875 -70.751953125
17.841796875 -25.048828125 1.58203125 3.955078125 -3.34159256022235 13.623046875 -93.603515625
16.787109375 -24.9609375 9.404296875 3.955078125 -2.40803716325808 7.119140625 -113.818359375
6.240234375 -24.43359375 10.8984375 3.955078125 -0.801948394525577 4.921875 -71.103515625
6.240234375 -33.57421875 6.15234375 3.955078125 -5.1870403384478 14.0625 -95.44921875
-6.064453125 -15.029296875 3.955078125 3.955078125 3.92503081331644 15.380859375 -95.44921875
1.0546875 -14.94140625 3.33984375 3.955078125 2.30050320420262 11.689453125 -114.169921875
5.009765625 -14.94140625 2.197265625 3.955078125 14.2600348259962 19.51171875 -106.259765625
8.61328125 -14.94140625 -8.96484375 3.955078125 -5.38986807088748 7.55859375 -86.484375
0.263671875 -15.029296875 -9.140625 3.955078125 -0.576434817317136 14.0625 -87.71484375
-1.23046875 3.33984375 -7.998046875 3.955078125 1.3750725738765 5.537109375 -107.9296875
-14.58984375 3.251953125 -3.779296875 3.955078125 2.29250553332388 6.328125 -112.1484375
-17.40234375 3.251953125 -4.921875 3.955078125 -4.52496024475389 19.248046875 -124.541015625
-15.908203125 3.33984375 -16.083984375 3.955078125 0 13.88671875 -104.765625
-6.591796875 3.251953125 -5.80078125 3.955078125 1.97525965100736 20.126953125 -66.533203125
-2.109375 3.33984375 9.66796875 3.955078125 -1.38022856338138 11.6015625 -79.27734375
-17.578125 22.060546875 6.6796875 3.955078125 2.88765846572225 15.8203125 -74.091796875
-15.029296875 21.97265625 5.537109375 3.955078125 11.9688284473683 20.7421875 -71.015625
-24.697265625 22.1484375 3.603515625 3.955078125 0 12.3046875 -73.916015625
-25.927734375 22.060546875 0.966796875 3.955078125 3.44358649078317 8.96484375 -111.09375
-18.017578125 13.359375 0.615234375 3.955078125 -1.14601998877481 5.80078125 -86.923828125
-22.587890625 24.873046875 4.5703125 3.955078125 -0.806364385694974 13.271484375 -75.849609375
-23.642578125 24.78515625 6.416015625 3.955078125 -3.3310101395925 9.931640625 -106.787109375
-28.4765625 24.873046875 4.482421875 3.955078125 -1.6056854035645 7.470703125 -78.3984375
1.93359375 -5.185546875 -5.712890625 3.955078125 -3.11962521062709 16.083984375 -80.419921875
0.087890625 -5.09765625 1.40625 3.955078125 1.8421587099154 12.744140625 -121.46484375
11.07421875 -5.09765625 4.833984375 3.955078125 -6.97632951894925 20.7421875 -70.751953125
5.361328125 -5.009765625 0.439453125 3.955078125 -7.72274401704115 14.23828125 -99.84375
-0.703125 -4.921875 2.900390625 3.955078125 -2.31864406151771 18.6328125 -53.0859375
8.61328125 -4.921875 13.53515625 3.955078125 -5.22642758232205 19.951171875 -99.66796875
9.4921875 -4.833984375 -10.1953125 3.955078125 -0.916991661123977 6.240234375 -76.904296875
9.931640625 -4.833984375 -12.041015625 3.955078125 -2.07727682823996 15.029296875 -50.09765625
0.966796875 -4.833984375 0.703125 3.955078125 -6.80375317228845 14.58984375 -68.291015625
5.09765625 -4.833984375 4.658203125 3.955078125 8.14046321936746 20.91796875 -84.990234375
-6.6796875 -4.833984375 0.439453125 3.955078125 -6.42147550409563 7.55859375 -81.474609375
4.39453125 -4.833984375 0.17578125 3.955078125 -0.230977079585759 15.64453125 -59.765625
5.9765625 -4.833984375 -11.865234375 3.955078125 -1.15635319712298 16.69921875 -94.21875
-2.548828125 -4.833984375 -12.3046875 3.955078125 -2.53715428581683 14.4140625 -83.3203125
-2.28515625 7.20703125 0.263671875 3.955078125 -1.03648757853624 13.0078125 -75.41015625
6.240234375 7.119140625 1.93359375 3.955078125 -0.932376823201284 21.97265625 -64.599609375
4.482421875 7.20703125 5.09765625 3.955078125 -4.04168196522706 15.64453125 -39.55078125
-12.744140625 7.294921875 3.603515625 3.955078125 -5.19193896974657 14.94140625 -84.55078125
-10.634765625 7.294921875 -14.23828125 3.955078125 -5.6694956630364 17.314453125 -95.625
-13.974609375 21.005859375 4.833984375 3.955078125 -3.57169724682083 13.53515625 -59.4140625
-27.0703125 21.005859375 -0.3515625 3.955078125 -2.87536042176216 11.6015625 -83.408203125
-22.32421875 21.62109375 2.548828125 3.955078125 0.458885220753353 7.91015625 -69.2578125
-23.994140625 21.533203125 5.80078125 3.955078125 -4.03006104196218 12.919921875 -76.81640625
-13.88671875 21.796875 13.0078125 3.955078125 -3.45899008464325 14.23828125 -66.09375
-22.060546875 21.796875 -17.138671875 3.955078125 -7.92143769033175 9.66796875 -96.50390625
-8.525390625 21.796875 4.921875 3.955078125 -2.98590673693793 9.66796875 -60.029296875
-8.525390625 21.796875 4.921875 3.955078125 -9.03317575210865 25.6640625 -72.94921875
-15.380859375 21.796875 2.373046875 3.955078125 -9.03150887130222 25.576171875 -72.94921875
-17.666015625 21.796875 2.8125 3.955078125 -3.6817328123802 12.041015625 -88.681640625
-9.4921875 21.796875 1.23046875 3.955078125 -5.76056306181921 13.623046875 -57.12890625
-22.5 21.62109375 -1.0546875 3.955078125 -4.02972658681777 12.83203125 -78.134765625
-26.630859375 19.86328125 0.087890625 3.955078125 -7.08272776696067 19.86328125 -110.56640625
-26.89453125 20.0390625 -2.548828125 3.955078125 1.97948055931397 21.4453125 -108.28125
-19.599609375 20.0390625 2.021484375 3.955078125 -3.56810236090534 12.48046875 -68.203125
2.548828125 -6.328125 -2.900390625 3.955078125 -4.48522589684443 11.6015625 -92.900390625
2.548828125 -6.328125 -2.900390625 3.955078125 3.69023840829813 14.4140625 -76.201171875
2.548828125 -6.328125 -2.900390625 3.955078125 -3.90752947578316 10.72265625 -102.216796875
-8.7890625 -6.328125 -3.8671875 3.955078125 -1.72381052268826 10.546875 -86.30859375
4.130859375 -6.328125 -1.494140625 3.955078125 -2.87852105041225 12.83203125 -72.158203125
0.52734375 -6.240234375 -5.185546875 3.955078125 -8.95759539149139 21.181640625 -89.208984375
0.3515625 -6.240234375 -5.185546875 3.955078125 -4.02243362284724 10.72265625 -55.1953125
0.791015625 -6.240234375 9.580078125 3.955078125 -3.5628055116496 10.72265625 -75.849609375
8.7890625 -6.240234375 5.625 3.955078125 -6.56378480813212 13.18359375 -78.134765625
5.44921875 -6.240234375 2.373046875 3.955078125 -4.94331442615481 11.162109375 -55.283203125
5.44921875 -6.240234375 2.373046875 3.955078125 0.816459398166693 22.412109375 -80.5078125
21.533203125 -23.466796875 -7.646484375 3.955078125 -4.37541442446456 12.919921875 -68.466796875
21.533203125 -23.466796875 -7.646484375 3.955078125 7.7046267810915 11.77734375 -71.015625
21.533203125 -23.37890625 -7.646484375 3.955078125 -1.15080977720459 12.216796875 -42.5390625
24.609375 -23.466796875 -9.404296875 3.955078125 2.53230295005438 12.48046875 -75.5859375
21.97265625 -23.466796875 4.5703125 3.955078125 0.230181939005597 12.3046875 -71.103515625
20.302734375 -23.37890625 -0.615234375 3.955078125 7.46076285382262 9.31640625 -59.765625
20.302734375 -23.37890625 -0.703125 3.955078125 -6.9272074756033 15.64453125 -79.189453125
13.974609375 -23.37890625 2.98828125 3.955078125 -1.73024237627497 14.58984375 -70.048828125
7.294921875 -23.73046875 3.251953125 3.955078125 -4.70388108148467 8.26171875 -54.84375
7.20703125 -23.818359375 3.427734375 3.955078125 1.8598429731751 20.390625 -122.431640625
16.69921875 -22.1484375 5.361328125 3.955078125 -5.04718427548152 7.998046875 -73.212890625
22.587890625 -22.1484375 3.779296875 3.955078125 -3.90622317183524 10.283203125 -93.427734375
11.337890625 -22.236328125 1.0546875 3.955078125 -6.00465231891668 15.732421875 -84.287109375
2.98828125 -22.236328125 -4.21875 3.955078125 -3.0998073285238 9.228515625 -104.0625
18.10546875 -21.97265625 -4.74609375 3.955078125 -5.05192824633137 9.4921875 -74.970703125
12.744140625 -21.97265625 -4.921875 3.955078125 -5.50940787909543 9.052734375 -85.25390625
14.94140625 -21.97265625 -1.40625 3.955078125 2.1823363245403 9.84375 -76.9921875
6.6796875 -21.533203125 2.373046875 3.955078125 -1.15108385472939 12.48046875 -90.263671875
6.6796875 -21.533203125 2.4609375 3.955078125 5.09354588768556 17.666015625 -96.15234375
16.083984375 -21.533203125 -8.96484375 3.955078125 -3.48002372054547 19.072265625 -63.896484375
16.083984375 -21.533203125 -8.96484375 3.955078125 -5.28446660331584 10.283203125 -98.173828125
21.97265625 -21.4453125 3.603515625 3.955078125 -5.28446660331584 10.283203125 -98.173828125
21.97265625 -21.533203125 3.603515625 3.955078125 -4.60054425741733 11.689453125 -59.765625
12.041015625 -21.533203125 -1.58203125 3.955078125 -5.51237710703732 9.84375 -81.38671875
7.03125 -21.533203125 8.96484375 3.955078125 -4.47966398243247 10.01953125 -91.40625
11.513671875 -20.91796875 6.328125 3.955078125 -5.17428005443937 11.42578125 -69.78515625
19.3359375 -23.37890625 1.7578125 3.955078125 -1.95761199157736 12.919921875 -94.130859375
23.291015625 -23.291015625 5.80078125 3.955078125 -3.10379338889763 10.986328125 -96.064453125
9.052734375 -23.291015625 8.26171875 3.955078125 3.46439394831104 15.64453125 -126.298828125
14.677734375 -23.203125 7.998046875 3.955078125 -3.23346603942284 15.64453125 -60.46875
18.28125 -22.8515625 1.142578125 3.955078125 -4.4952166597488 13.974609375 -78.3984375
7.822265625 -22.939453125 0.87890625 3.955078125 -8.04023833134034 10.37109375 -90.791015625
19.51171875 -21.62109375 0.87890625 3.955078125 -2.29869194499232 10.72265625 -63.720703125
7.822265625 -21.62109375 0.439453125 3.955078125 -3.79062156015853 10.01953125 -90
13.447265625 -21.62109375 -13.7109375 3.955078125 -3.79062156015853 10.01953125 -90
20.830078125 -21.62109375 -2.373046875 3.955078125 -4.59787763690672 10.986328125 -52.294921875
15.205078125 -21.62109375 -3.33984375 3.955078125 -4.63975446057083 19.072265625 -75.41015625
6.240234375 -21.708984375 1.845703125 3.955078125 -4.75093299826492 18.369140625 -91.7578125
18.193359375 -21.62109375 6.943359375 3.955078125 -4.72874902892463 14.58984375 -73.916015625
7.55859375 -21.62109375 2.63671875 3.955078125 -6.67663410286359 12.83203125 -90.17578125
17.666015625 -21.181640625 3.8671875 3.955078125 -6.91640784054621 14.23828125 -93.515625
14.677734375 -21.09375 7.03125 3.955078125 -3.34014484939412 13.18359375 -74.443359375
-9.66796875 13.7109375 10.1953125 3.955078125 -6.09464992229193 11.6015625 -71.54296875
-6.064453125 16.787109375 7.91015625 3.955078125 -4.94366827927533 11.25 -56.07421875
-10.107421875 16.875 -11.689453125 3.955078125 -4.25754340571587 12.216796875 -71.71875
-17.841796875 16.875 -1.142578125 3.955078125 -5.74731915815332 11.07421875 -78.3984375
-20.91796875 16.962890625 -1.669921875 3.955078125 -4.1354165139913 10.107421875 -69.9609375
-12.48046875 16.875 2.021484375 3.955078125 -5.09782603679578 18.28125 -57.744140625
-19.072265625 17.05078125 10.01953125 3.955078125 -3.57076875388128 13.271484375 -92.63671875
-12.12890625 17.05078125 -0.3515625 3.955078125 -3.70253595341773 17.2265625 -44.82421875
-14.326171875 26.279296875 3.955078125 3.955078125 -2.87370709749965 10.8984375 -68.37890625
-20.126953125 26.279296875 3.1640625 3.955078125 -3.10467871185542 11.337890625 -60.1171875
-25.927734375 26.103515625 1.0546875 3.955078125 -2.87143192415349 9.84375 -73.740234375
-15.64453125 15.556640625 1.93359375 3.955078125 -3.1075139874371 12.392578125 -72.685546875
6.416015625 -9.84375 1.318359375 3.955078125 -3.1075139874371 12.392578125 -72.59765625
0 -9.84375 -3.69140625 3.955078125 -3.9193837416937 14.0625 -97.998046875
3.1640625 -9.404296875 -5.9765625 3.955078125 -3.33610997754277 11.865234375 -74.35546875
18.10546875 -18.6328125 5.625 3.955078125 0.115215277962516 13.447265625 -77.16796875
12.041015625 -18.6328125 0.17578125 3.955078125 -3.56838986040602 12.568359375 -87.1875
10.546875 -18.6328125 -15.908203125 3.955078125 -4.27481053952443 16.083984375 -77.34375
14.677734375 -18.544921875 -0.966796875 3.955078125 -4.14483693856761 12.83203125 -68.02734375
13.271484375 -17.75390625 -0.703125 3.955078125 -5.32009318275061 16.962890625 -80.68359375
6.6796875 -17.841796875 9.228515625 3.955078125 1.26757733910925 13.623046875 -81.5625
-5.2734375 -17.841796875 4.21875 3.955078125 -0.115011914222297 11.513671875 -101.6015625
7.470703125 -17.841796875 8.525390625 3.955078125 -1.38919736987875 17.578125 -83.49609375
15.46875 -25.13671875 7.998046875 3.955078125 -2.53961488634594 15.29296875 -90.52734375
15.46875 -25.13671875 8.0859375 3.955078125 -1.04973061235574 22.412109375 -59.150390625
15.46875 -25.13671875 7.822265625 3.955078125 0.116767081366201 23.02734375 -104.326171875
21.181640625 -25.13671875 4.04296875 3.955078125 0.116767081366201 23.02734375 -104.326171875
13.7109375 -25.048828125 -0.87890625 3.955078125 -1.60911178758741 10.72265625 -83.49609375
4.833984375 -25.048828125 -1.318359375 3.955078125 -4.14622828428485 13.18359375 -100.986328125
14.677734375 -24.78515625 -7.119140625 3.955078125 -3.45501204543329 13.095703125 -76.9921875
19.3359375 -24.78515625 0.703125 3.955078125 -3.69922853372109 16.5234375 -59.23828125
13.359375 -24.78515625 8.61328125 3.955078125 -3.69922853372109 16.5234375 -59.23828125
7.3828125 -24.521484375 8.0859375 3.955078125 -1.95844257433846 13.359375 -86.396484375
13.623046875 -23.818359375 6.50390625 3.955078125 -2.7571100192997 10.107421875 -76.2890625
-7.91015625 6.943359375 3.076171875 3.955078125 -2.75728796002178 10.1953125 -76.2890625
0 7.03125 2.548828125 3.955078125 -3.91119818344814 11.865234375 -57.744140625
-13.53515625 19.599609375 -7.822265625 3.955078125 -3.91119818344814 11.865234375 -57.744140625
-23.90625 19.599609375 3.427734375 3.955078125 -3.56867954296522 12.65625 -80.947265625
-25.83984375 19.599609375 1.93359375 3.955078125 -5.51598306534434 10.72265625 -57.3046875
-22.060546875 19.51171875 2.28515625 3.955078125 -2.90672518744188 20.56640625 -76.9921875
-13.623046875 19.51171875 -1.7578125 3.955078125 -3.6898934919912 14.326171875 -54.931640625
-15.99609375 19.51171875 -9.404296875 3.955078125 -4.38893703639659 15.8203125 -70.400390625
-21.09375 19.6875 6.591796875 3.955078125 -2.91715542842363 22.67578125 -79.453125
-11.25 17.490234375 2.900390625 3.955078125 -2.66010649584565 16.875 -56.77734375
-11.162109375 9.4921875 2.197265625 3.955078125 -2.66010649584565 16.875 -56.77734375
-18.45703125 9.580078125 1.7578125 3.955078125 -5.18609996738887 13.88671875 -80.859375
-8.61328125 9.66796875 3.076171875 3.955078125 -3.34129886328067 13.53515625 -61.5234375
10.1953125 -15.556640625 3.427734375 3.955078125 -4.0328263610617 13.623046875 -78.57421875
10.1953125 -15.64453125 3.427734375 3.955078125 -4.48869220216086 12.48046875 -105.205078125
-7.822265625 -15.556640625 0.615234375 3.955078125 -1.49491533075347 11.337890625 -95.625
-7.822265625 -15.556640625 6.240234375 3.955078125 -8.84789027293323 21.62109375 -106.69921875
6.50390625 -15.556640625 12.12890625 3.955078125 -2.42275879085281 14.765625 -78.75
12.216796875 -15.46875 8.61328125 3.955078125 -4.92716576010588 25.48828125 -72.333984375
6.50390625 -15.46875 2.021484375 3.955078125 -5.15043100512541 1.318359375 -75.849609375
-12.919921875 16.5234375 12.216796875 3.955078125 -4.96125976460346 14.94140625 -63.6328125
-6.328125 16.435546875 1.318359375 3.955078125 -4.96125976460346 14.94140625 -63.6328125
-3.8671875 -31.552734375 0.703125 3.955078125 -2.7660088485077 13.798828125 -74.53125
