580.098 353.311 -45.993 680.778
534.389 369.251 -119.705 660.490
542.001 324.063 -49.433 633.424
533.565 360.330 -192.223 671.922
576.994 354.556 7.379 677.264
610.373 306.143 -19.759 683.132
591.940 349.126 -60.340 689.872
605.455 358.095 112.799 712.413
585.727 323.761 203.523 699.513
610.727 335.801 203.856 726.160
602.486 319.470 -95.831 688.646
561.734 329.867 -160.791 670.977
565.992 356.986 -22.667 669.552
521.383 314.938 -158.233 629.337
513.578 378.375 -132.984 651.624
556.092 336.127 7.535 649.828
559.118 382.837 97.062 684.542
598.370 362.955 33.071 700.626
592.620 342.474 -84.664 689.678
556.119 361.661 -31.329 664.115
599.309 331.589 45.478 686.433
577.604 326.424 1.092 663.461
584.916 318.769 -72.418 670.063
588.932 319.464 86.939 675.616
582.444 376.176 88.328 698.964
643.471 379.519 83.573 751.714
602.951 392.975 42.251 720.947
616.412 380.981 11.501 724.736
