778.585 363.838 86.203 863.714
617.972 342.547 -20.255 706.851
598.396 350.969 -78.106 698.110
596.308 349.634 52.776 693.262
635.331 362.447 -3.612 731.455
623.829 372.796 -25.995 727.197
639.485 382.090 -57.032 747.119
648.796 307.940 1.214 718.167
611.229 295.231 80.762 683.582
647.743 298.342 67.042 716.292
635.576 337.286 164.485 738.088
587.618 370.906 42.952 696.212
611.351 340.789 12.918 700.038
604.009 371.080 -17.108 709.098
583.961 348.515 67.900 683.435
617.417 382.014 37.822 727.027
589.066 363.682 79.022 696.784
621.999 361.953 176.078 740.876
557.198 341.090 223.463 690.469
661.022 370.419 -43.123 758.959
602.565 393.558 -7.507 719.742
666.455 379.743 -41.012 768.146
608.840 359.000 116.665 716.364
574.326 360.563 147.923 694.073
570.106 354.226 14.959 671.358
613.120 308.929 27.676 687.110
615.115 326.796 -80.444 701.166
672.283 317.418 -40.125 744.533
627.813 313.052 81.217 706.220
633.851 396.566 41.613 748.841
643.729 384.746 99.157 756.471
630.362 298.424 112.228 706.406
646.426 339.838 69.396 733.602
582.244 331.391 4.381 669.961
598.759 400.256 -44.094 721.569
601.268 361.913 14.152 701.929
584.395 358.509 -120.252 696.065
607.993 351.827 -14.885 702.609
644.934 393.852 -7.106 755.718
651.052 402.078 100.943 771.833
566.662 370.559 165.950 697.108
595.263 359.387 130.877 707.549
627.443 362.546 68.778 727.911
591.628 334.407 -47.656 681.265
651.670 311.174 33.422 722.924
606.246 304.382 91.731 684.542
669.252 318.298 -25.317 741.521
654.656 336.210 124.791 746.448
563.429 312.695 182.825 669.817
594.833 274.643 144.214 670.860
581.817 307.827 35.965 659.213
632.923 390.694 5.142 743.814
593.363 371.049 29.252 700.437
556.476 349.647 -41.982 658.545
607.945 363.200 118.777 718.066
626.012 354.710 111.296 728.078
658.217 356.237 112.688 756.870
605.829 366.113 83.868 712.813
624.995 377.866 109.200 738.462
629.467 372.096 150.372 746.523
607.599 315.698 27.525 685.273
628.256 352.699 17.290 720.695
581.341 351.308 -43.743 680.652
622.555 343.306 16.849 711.138
591.920 349.349 48.523 689.035
579.839 392.128 -29.824 700.619
660.347 308.290 -76.340 732.754
606.377 290.030 -66.137 675.414
617.511 344.635 57.838 709.533
575.534 349.259 -71.558 677.010
646.915 352.050 143.788 750.409
611.164 343.010 -18.091 701.074
599.237 288.117 -28.822 665.527
609.613 289.745 69.448 678.531
626.679 347.392 -19.568 716.792
565.995 338.111 -96.755 666.356
608.583 363.951 -71.609 712.714
607.099 357.939 118.399 714.639
589.645 275.163 98.145 658.049
616.907 366.262 33.638 718.230
605.983 346.142 169.007 718.048
639.230 363.303 92.642 741.071
605.363 371.218 139.758 723.739
606.675 401.026 28.498 727.798
621.140 272.159 140.099 692.469
637.849 371.669 -40.225 739.329
557.330 338.159 18.291 652.153
552.365 327.118 84.544 647.504
623.029 359.327 67.630 722.395
620.830 349.111 -7.156 712.292
610.630 340.992 123.349 710.183
555.793 332.095 193.230 675.670
548.388 319.302 141.710 650.204
617.545 355.289 99.783 719.409
635.095 334.221 36.674 718.606
617.948 330.647 -12.653 700.961
640.433 335.530 33.229 723.768
624.782 332.107 145.593 722.388
628.347 339.464 9.546 714.246
575.126 304.391 81.016 655.734
638.045 325.377 57.793 718.549
636.051 390.792 49.866 748.175
626.305 368.661 -19.790 727.022
639.112 357.897 6.573 732.529
570.596 339.039 -24.419 664.171
609.020 311.596 -58.147 686.569
613.361 310.980 -131.417 700.136
612.611 313.484 -78.313 692.602
602.805 305.159 -132.552 688.525
612.532 367.472 -90.735 720.045
633.257 345.016 -117.799 730.703
596.283 336.618 -30.407 685.412
604.900 357.024 5.296 702.423
633.006 364.936 104.070 738.042
570.289 348.141 50.980 670.098
644.210 374.311 -9.688 745.123
625.876 365.621 -81.782 729.443
596.037 344.885 50.468 690.473
624.192 331.601 130.436 718.741
635.020 328.156 -26.795 715.300
637.099 327.559 35.710 717.263
636.544 343.680 -35.860 724.286
616.005 357.449 69.911 715.625
592.503 348.209 27.669 687.805
576.615 295.691 -19.570 648.306
628.976 308.625 -6.382 700.643
627.639 364.169 -71.500 729.152
618.736 362.872 -74.522 721.154
633.358 341.536 40.158 720.696
624.620 388.491 88.168 740.843
623.157 374.934 38.493 728.273
613.032 353.992 -49.767 709.645
619.163 374.046 -86.276 728.504
599.475 378.107 24.379 709.175
596.000 377.030 4.843 705.260
607.751 348.885 -26.773 701.284
619.551 350.053 110.224 720.090
627.211 352.810 -61.374 722.243
629.325 351.162 76.713 724.741
626.657 289.010 13.631 690.226
624.612 337.247 -61.762 712.524
579.124 319.993 -3.140 661.657
576.546 344.313 89.288 677.443
603.360 373.475 -32.473 710.339
608.869 355.859 93.429 711.397
607.503 359.106 -16.503 705.896
613.600 376.538 -6.543 719.950
632.398 391.130 48.180 745.139
634.513 382.230 -19.649 741.008
624.898 294.931 21.798 691.344
628.904 341.964 114.552 724.971
627.776 341.571 137.847 727.857
593.272 345.087 56.683 688.673
608.849 389.429 113.784 731.641
598.671 337.190 43.040 688.445
627.342 366.071 -4.848 726.354
622.445 361.972 60.383 722.570
622.451 354.403 122.180 726.618
623.059 355.179 83.749 722.059
629.424 352.453 8.897 721.441
613.517 327.590 82.787 700.409
630.177 320.770 43.122 708.432
611.154 370.552 -79.885 719.166
621.669 346.990 7.774 711.993
590.276 270.918 24.946 649.957
619.809 341.332 -17.953 707.809
595.997 335.357 -1.643 683.870
613.626 386.051 30.330 725.598
605.755 366.933 169.851 728.305
589.211 376.360 35.058 700.033
596.140 377.820 4.544 705.798
555.443 364.227 -8.748 664.270
552.765 361.650 -15.724 660.748
550.182 344.989 -70.550 653.219
626.317 345.161 20.981 715.437
596.947 339.284 127.790 698.420
609.520 314.049 17.767 685.899
590.305 343.130 -31.022 683.492
587.537 378.053 30.046 699.305
602.885 381.308 84.068 718.285
629.341 378.250 20.882 734.561
642.795 363.014 53.324 740.141
635.410 358.292 -27.549 729.985
626.666 312.427 38.560 701.290
606.608 361.279 148.719 721.535
612.810 356.148 181.576 731.674
564.201 342.448 126.135 671.940
613.954 335.843 40.876 701.000
600.095 299.432 71.600 674.462
552.689 356.661 115.907 667.912
599.777 352.582 24.793 696.176
600.062 349.469 72.907 698.225
602.601 351.391 164.870 716.788
622.847 358.572 47.667 720.267
617.578 359.733 10.275 714.783
624.319 361.124 13.884 721.372
602.624 351.073 191.235 723.173
529.773 354.072 209.683 670.815
604.508 396.725 38.859 724.107
546.029 357.665 -8.107 652.792
690.627 362.831 63.676 782.730
606.842 395.847 60.804 727.083
615.464 347.941 -9.710 707.074
547.345 347.858 242.243 692.296
