30.322265625 -41.1328125 1.93359375 3.955078125 -2.7660088485077 13.798828125 -74.53125
41.1328125 -42.1875 7.734375 3.955078125 -7.29612172392086 18.10546875 -81.73828125
35.5078125 -44.736328125 -2.4609375 3.955078125 -7.64238258482683 18.017578125 -82.177734375
48.33984375 -44.6484375 3.955078125 3.955078125 -4.03766448393941 14.765625 -69.08203125
24.609375 -39.287109375 2.724609375 3.955078125 -4.15380653648036 14.94140625 -62.40234375
26.630859375 -39.287109375 -10.107421875 3.955078125 -2.1811603611894 9.052734375 -106.875
20.126953125 -25.13671875 1.7578125 3.955078125 0.231122061640351 16.171875 -77.431640625
-22.587890625 22.67578125 2.98828125 3.955078125 -3.22638068919865 13.623046875 -78.662109375
-40.078125 36.03515625 -5.888671875 3.955078125 -2.87125331303061 9.755859375 -55.546875
-26.89453125 15.64453125 -3.1640625 3.955078125 -2.87125331303061 9.755859375 -55.546875
31.376953125 -35.419921875 -6.6796875 3.955078125 -2.29853550901045 10.634765625 -79.27734375
39.0234375 -35.68359375 -2.900390625 3.955078125 -3.9227043846649 14.853515625 -62.75390625
35.68359375 -50.625 2.548828125 3.955078125 -5.40827595900401 12.3046875 -97.03125
49.5703125 -50.009765625 -5.625 3.955078125 -5.89107089257591 15.99609375 -61.5234375
48.603515625 -50.80078125 9.580078125 3.955078125 -7.86638691526462 17.314453125 -67.412109375
33.046875 -51.328125 -1.669921875 3.955078125 -5.76107279457459 13.7109375 -89.208984375
22.32421875 -52.646484375 7.998046875 3.955078125 -1.26569138934445 12.041015625 -110.91796875
18.896484375 -37.79296875 3.603515625 3.955078125 0.460436784600607 12.48046875 -94.04296875
31.552734375 -37.705078125 -1.0546875 3.955078125 -1.95634563759312 12.216796875 -76.9921875
38.408203125 -52.734375 3.8671875 3.955078125 -6.33094966061896 12.744140625 -90.263671875
21.4453125 -40.341796875 -3.8671875 3.955078125 -2.9882306181271 10.72265625 -104.326171875
20.56640625 -33.92578125 -3.076171875 3.955078125 -1.96598665803502 16.787109375 -92.8125
27.7734375 -34.013671875 -5.625 3.955078125 -1.61505084150145 14.677734375 -74.794921875
12.3046875 -33.837890625 -5.80078125 3.955078125 -1.61341289621198 13.7109375 -101.6015625
16.171875 -39.814453125 6.767578125 3.955078125 -2.30286031599146 12.83203125 -103.88671875
-26.3671875 27.685546875 5.888671875 3.955078125 2.06265010420208 5.625 -83.583984375
-34.365234375 47.197265625 9.140625 3.955078125 0.802705199437102 7.119140625 -66.357421875
-28.828125 46.93359375 6.591796875 3.955078125 -3.78402500199232 7.20703125 -47.197265625
