-0.332672 -0.1391313 0.9327228 639.6186 -0.03952001 0.9902449 0.1336162 273.3686 -0.9422141 0.00758916 -0.3349252 -62.25208 0 0 0 1
-0.3312263 -0.1391428 0.9332355 642.3082 -0.03952001 0.9902449 0.1336162 281.9378 -0.9427233 0.007375726 -0.333494 -61.63951 0 0 0 1
-0.3312263 -0.1391428 0.9332355 643.5428 -0.03952001 0.9902449 0.1336162 286.4439 -0.9427233 0.007375726 -0.333494 -61.81491 0 0 0 1
-0.3312263 -0.1391428 0.9332355 645.1509 -0.03952001 0.9902449 0.1336162 292.8652 -0.9427233 0.007375726 -0.333494 -62.04336 0 0 0 1
-0.3297521 -0.1406395 0.9335331 645.5858 -0.03971627 0.9900326 0.1351223 296.5861 -0.9432318 0.007480428 -0.3320511 -61.06259 0 0 0 1
-0.3297521 -0.1406395 0.9335331 646.1594 -0.03971627 0.9900326 0.1351223 299.2513 -0.9432318 0.007480428 -0.3320511 -61.14318 0 0 0 1
-0.3297797 -0.139154 0.9337459 647.7493 -0.03952001 0.9902449 0.1336162 304.675 -0.9432303 0.007162275 -0.3320621 -61.40546 0 0 0 1
-0.3312263 -0.1391428 0.9332355 648.6021 -0.03952001 0.9902449 0.1336162 310.0451 -0.9427233 0.007375726 -0.333494 -62.53367 0 0 0 1
-0.3312263 -0.1391428 0.9332355 649.209 -0.03952001 0.9902449 0.1336162 313.8928 -0.9427233 0.007375726 -0.333494 -62.6199 0 0 0 1
-0.3297797 -0.139154 0.9337459 649.7479 -0.03952001 0.9902449 0.1336162 316.9775 -0.9432303 0.007162275 -0.3320621 -61.68628 0 0 0 1
-0.3312263 -0.1391428 0.9332355 650.0584 -0.03952001 0.9902449 0.1336162 320.0674 -0.9427233 0.007375726 -0.333494 -62.74058 0 0 0 1
-0.3312263 -0.1391428 0.9332355 650.3382 -0.03952001 0.9902449 0.1336162 322.3881 -0.9427233 0.007375726 -0.333494 -62.78033 0 0 0 1
-0.3312263 -0.1391428 0.9332355 650.6379 -0.03952001 0.9902449 0.1336162 325.0986 -0.9427233 0.007375726 -0.333494 -62.8229 0 0 0 1
-0.3312263 -0.1391428 0.9332355 651.0505 -0.03952001 0.9902449 0.1336162 329.3642 -0.9427233 0.007375726 -0.333494 -62.88153 0 0 0 1
-0.3312263 -0.1391428 0.9332355 651.4194 -0.03952001 0.9902449 0.1336162 334.0249 -0.9427233 0.007375726 -0.333494 -62.93394 0 0 0 1
-0.3312263 -0.1391428 0.9332355 651.7032 -0.03952001 0.9902449 0.1336162 338.6916 -0.9427233 0.007375726 -0.333494 -62.97426 0 0 0 1
-0.3312263 -0.1391428 0.9332355 651.8748 -0.03952001 0.9902449 0.1336162 342.584 -0.9427233 0.007375726 -0.333494 -62.99863 0 0 0 1
-0.3312263 -0.1391428 0.9332355 651.9493 -0.03952001 0.9902449 0.1336162 344.9206 -0.9427233 0.007375726 -0.333494 -63.00923 0 0 0 1
-0.3312263 -0.1391428 0.9332355 652.0452 -0.03952001 0.9902449 0.1336162 351.933 -0.9427233 0.007375726 -0.333494 -63.02285 0 0 0 1
-0.3312263 -0.1391428 0.9332355 652.0212 -0.03952001 0.9902449 0.1336162 355.4396 -0.9427233 0.007375726 -0.333494 -63.01944 0 0 0 1
-0.3312263 -0.1391428 0.9332355 651.9597 -0.03952001 0.9902449 0.1336162 358.556 -0.9427233 0.007375726 -0.333494 -63.0107 0 0 0 1
-0.3312263 -0.1391428 0.9332355 651.779 -0.03952001 0.9902449 0.1336162 363.6178 -0.9427233 0.007375726 -0.333494 -62.98502 0 0 0 1
-0.3312263 -0.1391428 0.9332355 651.6829 -0.03952001 0.9902449 0.1336162 365.5636 -0.9427233 0.007375726 -0.333494 -62.97137 0 0 0 1
-0.3312263 -0.1391428 0.9332355 651.4726 -0.03952001 0.9902449 0.1336162 369.0638 -0.9427233 0.007375726 -0.333494 -62.9415 0 0 0 1
-0.3312263 -0.1391428 0.9332355 651.1829 -0.03952001 0.9902449 0.1336162 372.949 -0.9427233 0.007375726 -0.333494 -62.90034 0 0 0 1
-0.3312263 -0.1391428 0.9332355 650.8718 -0.03952001 0.9902449 0.1336162 376.4416 -0.9427233 0.007375726 -0.333494 -62.85614 0 0 0 1
-0.3312263 -0.1391428 0.9332355 650.4268 -0.03952001 0.9902449 0.1336162 380.7039 -0.9427233 0.007375726 -0.333494 -62.79291 0 0 0 1
-0.3312263 -0.1391428 0.9332355 650.0584 -0.03952001 0.9902449 0.1336162 383.7986 -0.9427233 0.007375726 -0.333494 -62.74058 0 0 0 1
-0.3312263 -0.1391428 0.9332355 649.0923 -0.03952001 0.9902449 0.1336162 390.7435 -0.9427233 0.007375726 -0.333494 -62.60332 0 0 0 1
-0.3312263 -0.1391428 0.9332355 648.4736 -0.03952001 0.9902449 0.1336162 394.5894 -0.9427233 0.007375726 -0.333494 -62.51543 0 0 0 1
-0.3312263 -0.1391428 0.9332355 647.6543 -0.03952001 0.9902449 0.1336162 399.191 -0.9427233 0.007375726 -0.333494 -62.39902 0 0 0 1
-0.3312263 -0.1391428 0.9332355 647.1376 -0.03952001 0.9902449 0.1336162 401.868 -0.9427233 0.007375726 -0.333494 -62.32562 0 0 0 1
-0.3312263 -0.1391428 0.9332355 646.5124 -0.03952001 0.9902449 0.1336162 404.9204 -0.9427233 0.007375726 -0.333494 -62.23679 0 0 0 1
-0.3312263 -0.1391428 0.9332355 645.3292 -0.03952001 0.9902449 0.1336162 410.2426 -0.9427233 0.007375726 -0.333494 -62.06869 0 0 0 1
-0.3312263 -0.1391428 0.9332355 644.4148 -0.03952001 0.9902449 0.1336162 414.0279 -0.9427233 0.007375726 -0.333494 -61.93879 0 0 0 1
-0.3312263 -0.1391428 0.9332355 643.4431 -0.03952001 0.9902449 0.1336162 417.7985 -0.9427233 0.007375726 -0.333494 -61.80074 0 0 0 1
-0.3312263 -0.1391428 0.9332355 642.2017 -0.03952001 0.9902449 0.1336162 422.3027 -0.9427233 0.007375726 -0.333494 -61.62436 0 0 0 1
-0.3311987 -0.1406279 0.9330226 640.5767 -0.03971627 0.9900326 0.1351223 425.9627 -0.9427248 0.007696157 -0.3334827 -61.35461 0 0 0 1
-0.3312263 -0.1391428 0.9332355 639.8323 -0.03952001 0.9902449 0.1336162 430.1268 -0.9427233 0.007375726 -0.333494 -61.28775 0 0 0 1
-0.3311987 -0.1406279 0.9330226 637.5869 -0.03971627 0.9900326 0.1351223 435.2229 -0.9427248 0.007696157 -0.3334827 -60.92985 0 0 0 1
-0.3312263 -0.1391428 0.9332355 637.084 -0.03952001 0.9902449 0.1336162 438.2364 -0.9427233 0.007375726 -0.333494 -60.89729 0 0 0 1
-0.3312263 -0.1391428 0.9332355 635.1946 -0.03952001 0.9902449 0.1336162 443.3464 -0.9427233 0.007375726 -0.333494 -60.62886 0 0 0 1
-0.3312263 -0.1391428 0.9332355 633.7787 -0.03952001 0.9902449 0.1336162 446.9707 -0.9427233 0.007375726 -0.333494 -60.42771 0 0 0 1
-0.3312263 -0.1391428 0.9332355 631.8561 -0.03952001 0.9902449 0.1336162 451.6488 -0.9427233 0.007375726 -0.333494 -60.15456 0 0 0 1
-0.3312263 -0.1391428 0.9332355 630.1574 -0.03952001 0.9902449 0.1336162 455.5762 -0.9427233 0.007375726 -0.333494 -59.91323 0 0 0 1
-0.3312263 -0.1391428 0.9332355 628.2297 -0.03952001 0.9902449 0.1336162 459.8271 -0.9427233 0.007375726 -0.333494 -59.63936 0 0 0 1
-0.3312263 -0.1391428 0.9332355 625.5396 -0.03952001 0.9902449 0.1336162 465.4377 -0.9427233 0.007375726 -0.333494 -59.25718 0 0 0 1
-0.3312263 -0.1391428 0.9332355 624.1437 -0.03952001 0.9902449 0.1336162 468.2176 -0.9427233 0.007375726 -0.333494 -59.05885 0 0 0 1
-0.3312263 -0.1391428 0.9332355 622.3514 -0.03952001 0.9902449 0.1336162 471.6678 -0.9427233 0.007375726 -0.333494 -58.80422 0 0 0 1
-0.3312263 -0.1391428 0.9332355 620.3196 -0.03952001 0.9902449 0.1336162 475.4305 -0.9427233 0.007375726 -0.333494 -58.51557 0 0 0 1
-0.3312263 -0.1391428 0.9332355 618.6107 -0.03952001 0.9902449 0.1336162 478.4828 -0.9427233 0.007375726 -0.333494 -58.27278 0 0 0 1
-0.3312263 -0.1391428 0.9332355 616.8602 -0.03952001 0.9902449 0.1336162 481.5111 -0.9427233 0.007375726 -0.333494 -58.02409 0 0 0 1
-0.3312263 -0.1391428 0.9332355 614.6648 -0.03952001 0.9902449 0.1336162 485.1788 -0.9427233 0.007375726 -0.333494 -57.71218 0 0 0 1
-0.3311987 -0.1406279 0.9330226 612.2953 -0.03971627 0.9900326 0.1351223 488.076 -0.9427248 0.007696157 -0.3334827 -57.33666 0 0 0 1
-0.3311987 -0.1406279 0.9330226 610.2017 -0.03971627 0.9900326 0.1351223 491.3485 -0.9427248 0.007696157 -0.3334827 -57.03921 0 0 0 1
-0.3311987 -0.1406279 0.9330226 608.2751 -0.03971627 0.9900326 0.1351223 494.2656 -0.9427248 0.007696157 -0.3334827 -56.7655 0 0 0 1
-0.3311987 -0.1406279 0.9330226 606.5292 -0.03971627 0.9900326 0.1351223 496.8359 -0.9427248 0.007696157 -0.3334827 -56.51746 0 0 0 1
-0.3312263 -0.1391428 0.9332355 605.0557 -0.03952001 0.9902449 0.1336162 499.7768 -0.9427233 0.007375726 -0.333494 -56.34702 0 0 0 1
-0.3312263 -0.1391428 0.9332355 602.3268 -0.03952001 0.9902449 0.1336162 503.5534 -0.9427233 0.007375726 -0.333494 -55.95932 0 0 0 1
-0.3312263 -0.1391428 0.9332355 601.1696 -0.03952001 0.9902449 0.1336162 505.1119 -0.9427233 0.007375726 -0.333494 -55.79491 0 0 0 1
-0.3297797 -0.139154 0.9337459 603.5576 -0.03952001 0.9902449 0.1336162 501.986 -0.9432303 0.007162275 -0.3320621 -55.19627 0 0 0 1
-0.3312263 -0.1391428 0.9332355 609.0189 -0.03952001 0.9902449 0.1336162 494.0183 -0.9427233 0.007375726 -0.333494 -56.91007 0 0 0 1
-0.3312263 -0.1391428 0.9332355 610.9411 -0.03952001 0.9902449 0.1336162 491.0981 -0.9427233 0.007375726 -0.333494 -57.18316 0 0 0 1
-0.3297797 -0.139154 0.9337459 612.7034 -0.03952001 0.9902449 0.1336162 488.4801 -0.9432303 0.007162275 -0.3320621 -56.48131 0 0 0 1
-0.3297797 -0.139154 0.9337459 615.5582 -0.03952001 0.9902449 0.1336162 483.8495 -0.9432303 0.007162275 -0.3320621 -56.88242 0 0 0 1
-0.3297521 -0.1406395 0.9335331 618.1714 -0.03971627 0.9900326 0.1351223 478.4074 -0.9432318 0.007480428 -0.3320511 -57.2107 0 0 0 1
-0.3297797 -0.139154 0.9337459 621.3401 -0.03952001 0.9902449 0.1336162 473.7244 -0.9432303 0.007162275 -0.3320621 -57.69483 0 0 0 1
-0.3311987 -0.1406279 0.9330226 622.3668 -0.03971627 0.9900326 0.1351223 470.5602 -0.9427248 0.007696157 -0.3334827 -58.76751 0 0 0 1
-0.3312263 -0.1391428 0.9332355 626.7333 -0.03952001 0.9902449 0.1336162 462.9913 -0.9427233 0.007375726 -0.333494 -59.42677 0 0 0 1
-0.3312263 -0.1391428 0.9332355 629.0424 -0.03952001 0.9902449 0.1336162 458.0602 -0.9427233 0.007375726 -0.333494 -59.75481 0 0 0 1
-0.3312263 -0.1391428 0.9332355 632.0073 -0.03952001 0.9902449 0.1336162 451.2903 -0.9427233 0.007375726 -0.333494 -60.17604 0 0 0 1
-0.3312263 -0.1391428 0.9332355 633.6341 -0.03952001 0.9902449 0.1336162 447.3319 -0.9427233 0.007375726 -0.333494 -60.40717 0 0 0 1
-0.3312263 -0.1391428 0.9332355 634.7756 -0.03952001 0.9902449 0.1336162 444.436 -0.9427233 0.007375726 -0.333494 -60.56934 0 0 0 1
-0.3312263 -0.1391428 0.9332355 636.0176 -0.03952001 0.9902449 0.1336162 441.1614 -0.9427233 0.007375726 -0.333494 -60.7458 0 0 0 1
-0.3311987 -0.1406279 0.9330226 637.7133 -0.03971627 0.9900326 0.1351223 434.8547 -0.9427248 0.007696157 -0.3334827 -60.9478 0 0 0 1
-0.3312263 -0.1391428 0.9332355 639.8323 -0.03952001 0.9902449 0.1336162 430.1268 -0.9427233 0.007375726 -0.333494 -61.28775 0 0 0 1
-0.3312263 -0.1391428 0.9332355 641.6602 -0.03952001 0.9902449 0.1336162 424.1725 -0.9427233 0.007375726 -0.333494 -61.54744 0 0 0 1
-0.3312263 -0.1391428 0.9332355 643.0384 -0.03952001 0.9902449 0.1336162 419.3025 -0.9427233 0.007375726 -0.333494 -61.74324 0 0 0 1
-0.3312263 -0.1391428 0.9332355 644.3202 -0.03952001 0.9902449 0.1336162 414.4056 -0.9427233 0.007375726 -0.333494 -61.92535 0 0 0 1
-0.3311987 -0.1406279 0.9330226 644.5331 -0.03971627 0.9900326 0.1351223 411.3043 -0.9427248 0.007696157 -0.3334827 -61.91669 0 0 0 1
-0.3312263 -0.1391428 0.9332355 645.9349 -0.03952001 0.9902449 0.1336162 407.5847 -0.9427233 0.007375726 -0.333494 -62.15475 0 0 0 1
-0.3311987 -0.1406279 0.9330226 646.3019 -0.03971627 0.9900326 0.1351223 403.3198 -0.9427248 0.007696157 -0.3334827 -62.16799 0 0 0 1
-0.3312263 -0.1391428 0.9332355 648.0745 -0.03952001 0.9902449 0.1336162 396.8921 -0.9427233 0.007375726 -0.333494 -62.45872 0 0 0 1
-0.3312263 -0.1391428 0.9332355 648.6021 -0.03952001 0.9902449 0.1336162 393.821 -0.9427233 0.007375726 -0.333494 -62.53367 0 0 0 1
-0.3312263 -0.1391428 0.9332355 649.7053 -0.03952001 0.9902449 0.1336162 386.5026 -0.9427233 0.007375726 -0.333494 -62.6904 0 0 0 1
-0.3312263 -0.1391428 0.9332355 650.2009 -0.03952001 0.9902449 0.1336162 382.6386 -0.9427233 0.007375726 -0.333494 -62.76083 0 0 0 1
-0.3312263 -0.1391428 0.9332355 650.8343 -0.03952001 0.9902449 0.1336162 376.8294 -0.9427233 0.007375726 -0.333494 -62.85081 0 0 0 1
-0.3312263 -0.1391428 0.9332355 651.3059 -0.03952001 0.9902449 0.1336162 371.3955 -0.9427233 0.007375726 -0.333494 -62.91781 0 0 0 1
-0.3312263 -0.1391428 0.9332355 651.572 -0.03952001 0.9902449 0.1336162 367.5085 -0.9427233 0.007375726 -0.333494 -62.95561 0 0 0 1
-0.3312263 -0.1391428 0.9332355 651.8748 -0.03952001 0.9902449 0.1336162 361.282 -0.9427233 0.007375726 -0.333494 -62.99863 0 0 0 1
-0.3312263 -0.1391428 0.9332355 651.9695 -0.03952001 0.9902449 0.1336162 358.1665 -0.9427233 0.007375726 -0.333494 -63.01208 0 0 0 1
-0.3326574 -0.1391428 0.9327263 652.0405 -0.03972492 0.9902449 0.1335554 350.3745 -0.9422107 0.007375726 -0.3349397 -63.02217 0 0 0 1
-0.3312263 -0.1391428 0.9332355 651.9147 -0.03952001 0.9902449 0.1336162 343.7522 -0.9427233 0.007375726 -0.333494 -63.00431 0 0 0 1
-0.3311987 -0.1406279 0.9330226 651.3174 -0.03971627 0.9900326 0.1351223 341.7299 -0.9427248 0.007696157 -0.3334827 -62.88055 0 0 0 1
-0.3312263 -0.1391428 0.9332355 651.5953 -0.03952001 0.9902449 0.1336162 336.7465 -0.9427233 0.007375726 -0.333494 -62.95893 0 0 0 1
-0.3311987 -0.1406279 0.9330226 650.9706 -0.03971627 0.9900326 0.1351223 335.1156 -0.9427248 0.007696157 -0.3334827 -62.83127 0 0 0 1
-0.3312263 -0.1391428 0.9332355 650.8718 -0.03952001 0.9902449 0.1336162 327.4244 -0.9427233 0.007375726 -0.333494 -62.85614 0 0 0 1
-0.3312263 -0.1391428 0.9332355 650.4268 -0.03952001 0.9902449 0.1336162 323.1622 -0.9427233 0.007375726 -0.333494 -62.79291 0 0 0 1
-0.3312263 -0.1391428 0.9332355 649.7574 -0.03952001 0.9902449 0.1336162 317.7495 -0.9427233 0.007375726 -0.333494 -62.69782 0 0 0 1
-0.3312263 -0.1391428 0.9332355 649.209 -0.03952001 0.9902449 0.1336162 313.8928 -0.9427233 0.007375726 -0.333494 -62.6199 0 0 0 1
-0.3312263 -0.1391428 0.9332355 648.6021 -0.03952001 0.9902449 0.1336162 310.0451 -0.9427233 0.007375726 -0.333494 -62.53367 0 0 0 1
-0.3311987 -0.1406279 0.9330226 646.9818 -0.03971627 0.9900326 0.1351223 303.8341 -0.9427248 0.007696157 -0.3334827 -62.26458 0 0 0 1
-0.3312263 -0.1391428 0.9332355 646.4316 -0.03952001 0.9902449 0.1336162 298.5646 -0.9427233 0.007375726 -0.333494 -62.22532 0 0 0 1
-0.3312263 -0.1391428 0.9332355 644.9703 -0.03952001 0.9902449 0.1336162 292.1076 -0.9427233 0.007375726 -0.333494 -62.01771 0 0 0 1
-0.3312263 -0.1391428 0.9332355 644.6023 -0.03952001 0.9902449 0.1336162 290.5941 -0.9427233 0.007375726 -0.333494 -61.96542 0 0 0 1
