639.619 273.369 -62.252 698.368
642.308 281.938 -61.640 704.165
643.543 286.444 -61.815 707.120
645.151 292.865 -62.043 711.224
645.586 296.586 -61.063 713.073
646.159 299.251 -61.143 714.711
647.749 304.675 -61.405 718.454
648.602 310.045 -62.534 721.611
649.209 313.893 -62.620 723.825
649.748 316.978 -61.686 725.570
650.058 320.067 -62.741 727.293
650.338 322.388 -62.780 728.571
650.638 325.099 -62.823 730.045
651.051 329.364 -62.882 732.326
651.419 334.025 -62.934 734.766
651.703 338.692 -62.974 737.153
651.875 342.584 -62.999 739.103
651.949 344.921 -63.009 740.256
652.045 351.933 -63.023 743.634
652.021 355.440 -63.019 745.279
651.960 358.556 -63.011 746.716
651.779 363.618 -62.985 749.000
651.683 365.564 -62.971 749.862
651.473 369.064 -62.941 751.390
651.183 372.949 -62.900 753.052
650.872 376.442 -62.856 754.515
650.427 380.704 -62.793 756.263
650.058 383.799 -62.741 757.505
649.092 390.743 -62.603 760.211
648.474 394.589 -62.515 761.661
647.654 399.191 -62.399 763.350
647.138 401.868 -62.326 764.310
646.512 404.920 -62.237 765.384
645.329 410.243 -62.069 767.204
644.415 414.028 -61.939 768.457
643.443 417.798 -61.801 769.671
642.202 422.303 -61.624 771.077
640.577 425.963 -61.355 771.717
639.832 430.127 -61.288 773.402
637.587 435.223 -60.930 774.370
637.084 438.236 -60.897 775.652
635.195 443.346 -60.629 776.984
633.779 446.971 -60.428 777.888
631.856 451.649 -60.155 779.004
630.157 455.576 -59.913 779.896
628.230 459.827 -59.639 780.814
625.540 465.438 -59.257 781.949
624.144 468.218 -59.059 782.477
622.351 471.668 -58.804 783.103
620.320 475.430 -58.516 783.744
618.611 478.483 -58.273 784.233
616.860 481.511 -58.024 784.689
614.665 485.179 -57.712 785.202
612.295 488.076 -57.337 785.119
610.202 491.348 -57.039 785.508
608.275 494.266 -56.765 785.824
606.529 496.836 -56.517 786.078
605.056 499.777 -56.347 786.794
602.327 503.553 -55.959 787.080
601.170 505.112 -55.795 787.182
603.558 501.986 -55.196 786.968
609.019 494.018 -56.910 786.255
610.941 491.098 -57.183 785.937
612.703 488.480 -56.481 785.626
615.558 483.849 -56.882 785.021
618.171 478.407 -57.211 783.762
621.340 473.724 -57.695 783.458
622.367 470.560 -58.768 782.445
626.733 462.991 -59.427 781.465
629.042 458.060 -59.755 780.438
632.007 451.290 -60.176 778.921
633.634 447.332 -60.407 777.976
634.776 444.436 -60.569 777.259
636.018 441.161 -60.746 776.422
637.713 434.855 -60.948 774.268
639.832 430.127 -61.288 773.402
641.660 424.173 -61.547 771.646
643.038 419.302 -61.743 770.146
644.320 414.406 -61.925 768.580
644.533 411.304 -61.917 767.090
645.935 407.585 -62.155 766.303
646.302 403.320 -62.168 764.354
648.074 396.892 -62.459 762.512
648.602 393.821 -62.534 761.374
649.705 386.503 -62.690 758.572
650.201 382.639 -62.761 757.042
650.834 376.829 -62.851 754.676
651.306 371.395 -62.918 752.391
651.572 367.508 -62.956 750.714
651.875 361.282 -62.999 747.953
651.969 358.167 -63.012 746.537
652.040 350.375 -63.022 742.894
651.915 343.752 -63.004 739.681
651.317 341.730 -62.881 738.206
651.595 336.746 -62.959 736.165
650.971 335.116 -62.831 734.856
650.872 327.424 -62.856 731.295
650.427 323.162 -62.793 728.994
649.757 317.750 -62.698 726.003
649.209 313.893 -62.620 723.825
648.602 310.045 -62.534 721.611
646.982 303.834 -62.265 717.480
646.432 298.565 -62.225 714.763
644.970 292.108 -62.018 710.746
644.602 290.594 -61.965 709.786
