-1.58203125 9.755859375 -18.017578125 3.955078125 1.26192333613531 7.91015625 -97.3828125
-1.669921875 9.755859375 -15.99609375 3.955078125 1.26192333613531 7.91015625 -97.3828125
-1.669921875 9.755859375 -14.94140625 3.955078125 1.26192333613531 7.91015625 -97.3828125
-1.669921875 9.755859375 -13.447265625 3.955078125 1.26192333613531 7.91015625 -97.3828125
-1.7578125 9.755859375 -12.568359375 3.955078125 1.26198659911661 7.998046875 -97.3828125
-1.7578125 9.755859375 -11.953125 3.955078125 1.26198659911661 7.998046875 -97.3828125
-1.7578125 9.755859375 -10.72265625 3.955078125 1.26192333613531 7.91015625 -97.3828125
-1.669921875 9.755859375 -9.4921875 3.955078125 1.26192333613531 7.91015625 -97.3828125
-1.669921875 9.755859375 -8.61328125 3.955078125 1.26192333613531 7.91015625 -97.3828125
-1.7578125 9.755859375 -7.91015625 3.955078125 1.26192333613531 7.91015625 -97.3828125
-1.669921875 9.755859375 -7.20703125 3.955078125 1.26192333613531 7.91015625 -97.3828125
-1.669921875 9.755859375 -6.6796875 3.955078125 1.26192333613531 7.91015625 -97.3828125
-1.669921875 9.755859375 -6.064453125 3.955078125 1.26192333613531 7.91015625 -97.3828125
-1.669921875 9.755859375 -5.09765625 3.955078125 1.26192333613531 7.91015625 -97.3828125
-1.669921875 9.755859375 -4.04296875 3.955078125 1.26192333613531 7.91015625 -97.3828125
-1.669921875 9.755859375 -2.98828125 3.955078125 1.26192333613531 7.91015625 -97.3828125
-1.669921875 9.755859375 -2.109375 3.955078125 1.26192333613531 7.91015625 -97.3828125
-1.669921875 9.755859375 -1.58203125 3.955078125 1.26192333613531 7.91015625 -97.3828125
-1.669921875 9.755859375 0 3.955078125 1.26192333613531 7.91015625 -97.3828125
-1.669921875 9.755859375 0.791015625 3.955078125 1.26192333613531 7.91015625 -97.3828125
-1.669921875 9.755859375 1.494140625 3.955078125 1.26192333613531 7.91015625 -97.3828125
-1.669921875 9.755859375 2.63671875 3.955078125 1.26192333613531 7.91015625 -97.3828125
-1.669921875 9.755859375 3.076171875 3.955078125 1.26192333613531 7.91015625 -97.3828125
-1.669921875 9.755859375 3.8671875 3.955078125 1.26192333613531 7.91015625 -97.3828125
-1.669921875 9.755859375 4.74609375 3.955078125 1.26192333613531 7.91015625 -97.3828125
-1.669921875 9.755859375 5.537109375 3.955078125 1.26192333613531 7.91015625 -97.3828125
-1.669921875 9.755859375 6.50390625 3.955078125 1.26192333613531 7.91015625 -97.3828125
-1.669921875 9.755859375 7.20703125 3.955078125 1.26192333613531 7.91015625 -97.3828125
-1.669921875 9.755859375 8.7890625 3.955078125 1.26192333613531 7.91015625 -97.3828125
-1.669921875 9.755859375 9.66796875 3.955078125 1.26192333613531 7.91015625 -97.3828125
-1.669921875 9.755859375 10.72265625 3.955078125 1.26192333613531 7.91015625 -97.3828125
-1.669921875 9.755859375 11.337890625 3.955078125 1.26192333613531 7.91015625 -97.3828125
-1.669921875 9.755859375 12.041015625 3.955078125 1.26192333613531 7.91015625 -97.3828125
-1.669921875 9.755859375 13.271484375 3.955078125 1.26192333613531 7.91015625 -97.3828125
-1.669921875 9.755859375 14.150390625 3.955078125 1.26192333613531 7.91015625 -97.3828125
-1.669921875 9.755859375 15.029296875 3.955078125 1.26192333613531 7.91015625 -97.3828125
-1.669921875 9.755859375 16.083984375 3.955078125 1.26192333613531 7.91015625 -97.3828125
-1.669921875 9.755859375 16.962890625 3.955078125 1.26198659911661 7.998046875 -97.3828125
-1.669921875 9.755859375 17.9296875 3.955078125 1.26192333613531 7.91015625 -97.3828125
-1.669921875 9.755859375 19.16015625 3.955078125 1.26198659911661 7.998046875 -97.3828125
-1.669921875 9.755859375 19.86328125 3.955078125 1.26192333613531 7.91015625 -97.3828125
-1.669921875 9.755859375 21.09375 3.955078125 1.26192333613531 7.91015625 -97.3828125
-1.669921875 9.755859375 21.97265625 3.955078125 1.26192333613531 7.91015625 -97.3828125
-1.669921875 9.755859375 23.115234375 3.955078125 1.26192333613531 7.91015625 -97.3828125
-1.669921875 9.755859375 24.08203125 3.955078125 1.26192333613531 7.91015625 -97.3828125
-1.669921875 9.755859375 25.13671875 3.955078125 1.26192333613531 7.91015625 -97.3828125
-1.669921875 9.755859375 26.54296875 3.955078125 1.26192333613531 7.91015625 -97.3828125
-1.669921875 9.755859375 27.24609375 3.955078125 1.26192333613531 7.91015625 -97.3828125
-1.669921875 9.755859375 28.125 3.955078125 1.26192333613531 7.91015625 -97.3828125
-1.669921875 9.755859375 29.091796875 3.955078125 1.26192333613531 7.91015625 -97.3828125
-1.669921875 9.755859375 29.8828125 3.955078125 1.26192333613531 7.91015625 -97.3828125
-1.669921875 9.755859375 30.673828125 3.955078125 1.26192333613531 7.91015625 -97.3828125
-1.669921875 9.755859375 31.640625 3.955078125 1.26192333613531 7.91015625 -97.3828125
-1.669921875 9.755859375 32.431640625 3.955078125 1.26198659911661 7.998046875 -97.3828125
-1.669921875 9.755859375 33.310546875 3.955078125 1.26198659911661 7.998046875 -97.3828125
-1.669921875 9.755859375 34.1015625 3.955078125 1.26198659911661 7.998046875 -97.3828125
-1.669921875 9.755859375 34.8046875 3.955078125 1.26198659911661 7.998046875 -97.3828125
-1.669921875 9.755859375 35.595703125 3.955078125 1.26192333613531 7.91015625 -97.3828125
-1.669921875 9.755859375 36.650390625 3.955078125 1.26192333613531 7.91015625 -97.3828125
-1.669921875 9.755859375 37.08984375 3.955078125 1.26192333613531 7.91015625 -97.3828125
-1.7578125 9.755859375 36.2109375 3.955078125 1.26192333613531 7.91015625 -97.3828125
-1.669921875 9.755859375 34.013671875 3.955078125 1.26192333613531 7.91015625 -97.3828125
-1.669921875 9.755859375 33.22265625 3.955078125 1.26192333613531 7.91015625 -97.3828125
-1.7578125 9.755859375 32.51953125 3.955078125 1.26192333613531 7.91015625 -97.3828125
-1.7578125 9.755859375 31.2890625 3.955078125 1.26192333613531 7.91015625 -97.3828125
-1.7578125 9.755859375 29.8828125 3.955078125 1.26198659911661 7.998046875 -97.3828125
-1.7578125 9.755859375 28.65234375 3.955078125 1.26192333613531 7.91015625 -97.3828125
-1.669921875 9.755859375 27.861328125 3.955078125 1.26198659911661 7.998046875 -97.3828125
-1.669921875 9.755859375 25.927734375 3.955078125 1.26192333613531 7.91015625 -97.3828125
-1.669921875 9.755859375 24.697265625 3.955078125 1.26192333613531 7.91015625 -97.3828125
-1.669921875 9.755859375 23.02734375 3.955078125 1.26192333613531 7.91015625 -97.3828125
-1.669921875 9.755859375 22.060546875 3.955078125 1.26192333613531 7.91015625 -97.3828125
-1.669921875 9.755859375 21.357421875 3.955078125 1.26192333613531 7.91015625 -97.3828125
-1.669921875 9.755859375 20.56640625 3.955078125 1.26192333613531 7.91015625 -97.3828125
-1.669921875 9.755859375 19.072265625 3.955078125 1.26198659911661 7.998046875 -97.3828125
-1.669921875 9.755859375 17.9296875 3.955078125 1.26192333613531 7.91015625 -97.3828125
-1.669921875 9.755859375 16.5234375 3.955078125 1.26192333613531 7.91015625 -97.3828125
-1.669921875 9.755859375 15.380859375 3.955078125 1.26192333613531 7.91015625 -97.3828125
-1.669921875 9.755859375 14.23828125 3.955078125 1.26192333613531 7.91015625 -97.3828125
-1.669921875 9.755859375 13.53515625 3.955078125 1.26198659911661 7.998046875 -97.3828125
-1.669921875 9.755859375 12.65625 3.955078125 1.26192333613531 7.91015625 -97.3828125
-1.669921875 9.755859375 11.689453125 3.955078125 1.26198659911661 7.998046875 -97.3828125
-1.669921875 9.755859375 10.1953125 3.955078125 1.26192333613531 7.91015625 -97.3828125
-1.669921875 9.755859375 9.4921875 3.955078125 1.26192333613531 7.91015625 -97.3828125
-1.669921875 9.755859375 7.822265625 3.955078125 1.26192333613531 7.91015625 -97.3828125
-1.669921875 9.755859375 6.943359375 3.955078125 1.26192333613531 7.91015625 -97.3828125
-1.669921875 9.755859375 5.625 3.955078125 1.26192333613531 7.91015625 -97.3828125
-1.669921875 9.755859375 4.39453125 3.955078125 1.26192333613531 7.91015625 -97.3828125
-1.669921875 9.755859375 3.515625 3.955078125 1.26192333613531 7.91015625 -97.3828125
-1.669921875 9.755859375 2.109375 3.955078125 1.26192333613531 7.91015625 -97.3828125
-1.669921875 9.755859375 1.40625 3.955078125 1.26192333613531 7.91015625 -97.3828125
-1.669921875 9.755859375 -0.3515625 3.955078125 1.26192333613531 7.91015625 -97.470703125
-1.669921875 9.755859375 -1.845703125 3.955078125 1.26192333613531 7.91015625 -97.3828125
-1.669921875 9.755859375 -2.28515625 3.955078125 1.26198659911661 7.998046875 -97.3828125
-1.669921875 9.755859375 -3.427734375 3.955078125 1.26192333613531 7.91015625 -97.3828125
-1.669921875 9.755859375 -3.779296875 3.955078125 1.26198659911661 7.998046875 -97.3828125
-1.669921875 9.755859375 -5.537109375 3.955078125 1.26192333613531 7.91015625 -97.3828125
-1.669921875 9.755859375 -6.50390625 3.955078125 1.26192333613531 7.91015625 -97.3828125
-1.669921875 9.755859375 -7.734375 3.955078125 1.26192333613531 7.91015625 -97.3828125
-1.669921875 9.755859375 -8.61328125 3.955078125 1.26192333613531 7.91015625 -97.3828125
-1.669921875 9.755859375 -9.4921875 3.955078125 1.26192333613531 7.91015625 -97.3828125
-1.669921875 9.755859375 -10.8984375 3.955078125 1.26198659911661 7.998046875 -97.3828125
-1.669921875 9.755859375 -12.12890625 3.955078125 1.26192333613531 7.91015625 -97.3828125
-1.669921875 9.755859375 -13.623046875 3.955078125 1.26192333613531 7.91015625 -97.3828125
-1.669921875 9.755859375 -13.974609375 3.955078125 1.26192333613531 7.91015625 -97.3828125
