-47.5
-46.6
-45.5
-44.7
-43.6
-42.6
-41.0
-40.0
-38.9
-38.0
-37.0
-35.9
-34.8
-33.9
-32.8
-31.8
-31.0
-29.9
-28.8
-27.8
-26.8
-25.9
-24.8
-23.8
-22.8
-21.8
-20.8
-19.9
-19.0
-17.8
-16.9
-15.8
-14.0
-13.0
-11.9
-10.8
-10.0
-8.8
-7.8
-6.8
-5.6
-4.7
-3.7
-2.7
-1.6
-0.6
0.5
1.5
1.6
2.5
3.4
4.5
5.5
6.6
7.5
8.7
9.6
10.6
11.7
12.6
13.6
14.8
15.9
16.7
17.8
18.8
19.9
20.9
21.8
22.9
23.7
24.7
25.9
26.9
27.9
28.9
29.9
31.0
32.0
32.9
33.9
34.9
35.8
36.7
37.7
38.6
39.5
40.5
41.5
42.5
43.4
44.6
45.6
46.7
47.7
48.7
49.5
50.7
51.5
52.6
53.4
54.7
55.5
56.3
57.3
58.2
59.4
60.0
58.9
58.0
56.7
55.9
55.2
54.2
53.3
52.4
51.3
50.3
49.4
48.4
47.3
46.4
45.2
44.3
43.2
42.2
41.1
40.2
39.05
38.3
37.1
36.3
35.4
34.4
33.25
31.2
30.3
29.1
28.2
27.1
26.2
25.2
24.2
23.1
22.1
21.1
20.2
19.1
18.3
17.3
16.2
15.2
14.1
13.3
12.2
11.2
10.2
9.2
8.1
7.2
6.4
5.2
4.2
3.2
2.3
1.3
0.3
-0.8
-0.9
-1.8
-2.8
-3.7
-4.8
-5.9
-6.7
-7.9
-9.0
-10.0
-10.9
-11.9
-12.9
-14.1
-15.0
-16.2
-17.1
-18.0
-19.1
-20.0
-21.0
-22.0
-22.9
-24.0
-25.0
-26.0
-27.2
-28.0
-29.1
-30.1
-31.0
-31.9
-33.0
-34.0
-35.0
-35.9
-37.0
-37.9
-38.9
-39.8
-40.9
-41.8
-42.8
-43.7
-45.1
-45.8
-46.8
-48.0
-48.75
-49.9
-50.8
-51.7
-52.6
-53.5
-55.5
-56.5
-57.3
-58.3
-59.15
-60.1