8.173828125 -0.966796875 -0.615234375 1.58203125 -45.1423641118974 21.26953125 -71.89453125
8.173828125 -0.966796875 -0.615234375 1.58203125 -44.0565054513599 20.126953125 -69.9609375
8.173828125 -0.966796875 -0.615234375 1.58203125 -42.9035130676435 19.599609375 -70.224609375
8.173828125 -0.966796875 -0.615234375 1.58203125 -42.0715239708379 18.80859375 -71.015625
8.173828125 -0.966796875 -0.615234375 1.58203125 -41.0231880081156 18.10546875 -72.0703125
8.173828125 -0.966796875 -0.615234375 1.58203125 -40.0184088940654 18.193359375 -72.59765625
8.173828125 -0.966796875 -0.615234375 1.58203125 -38.9662043794849 24.609375 -62.05078125
8.173828125 -0.966796875 -0.615234375 1.58203125 -38.0892680248435 25.048828125 -60.732421875
8.173828125 -0.966796875 -0.615234375 1.58203125 -36.9424938177439 24.9609375 -62.841796875
8.173828125 -0.966796875 -0.615234375 1.58203125 -36.0164354768715 24.78515625 -63.017578125
8.173828125 -0.966796875 -0.615234375 1.58203125 -34.9876723000007 24.78515625 -63.896484375
8.173828125 -0.966796875 -0.615234375 1.58203125 -33.9456443662708 24.609375 -66.4453125
8.173828125 -0.966796875 -0.615234375 1.58203125 -32.9430698907833 25.048828125 -68.37890625
8.173828125 -0.966796875 -0.615234375 1.58203125 -32.0530266576137 25.48828125 -68.37890625
8.173828125 -0.966796875 -0.615234375 1.58203125 -31.0116821813005 25.400390625 -69.345703125
8.173828125 -0.966796875 -0.615234375 1.58203125 -29.974802719084 25.400390625 -69.78515625
8.173828125 -0.966796875 -0.615234375 1.58203125 -29.1727356756477 25.48828125 -71.54296875
8.173828125 -0.966796875 -0.615234375 1.58203125 -28.0884123612104 24.697265625 -72.94921875
8.173828125 -0.966796875 -0.615234375 1.58203125 -26.9482342204393 24.9609375 -74.8828125
8.173828125 -0.966796875 -0.615234375 1.58203125 -26.0607864667502 25.6640625 -76.376953125
8.173828125 -0.966796875 -0.615234375 1.58203125 -24.9860025219529 25.048828125 -76.9921875
8.173828125 -0.966796875 -0.615234375 1.58203125 -24.0462609520372 24.78515625 -77.87109375
8.173828125 -0.966796875 -0.615234375 1.58203125 -22.8870069404494 24.78515625 -78.310546875
8.173828125 -0.966796875 -0.615234375 1.58203125 -21.9587369764736 24.78515625 -78.92578125
8.173828125 -0.966796875 -0.615234375 1.58203125 -20.9098832210279 24.697265625 -80.15625
8.173828125 -0.966796875 -0.615234375 1.58203125 -19.9837566988331 24.78515625 -80.5078125
8.173828125 -0.966796875 -0.615234375 1.58203125 -18.9336072227953 24.697265625 -81.474609375
8.173828125 -0.966796875 -0.615234375 1.58203125 -18.0025853248228 24.697265625 -82.79296875
8.173828125 -0.966796875 -0.615234375 1.58203125 -17.0532395997061 24.169921875 -84.0234375
8.0859375 -0.966796875 -0.615234375 1.58203125 -15.8891091519053 24.169921875 -85.166015625
8.173828125 -0.966796875 -0.615234375 1.58203125 -14.9495923681295 23.90625 -85.869140625
8.173828125 -0.966796875 -0.615234375 1.58203125 -13.9034839027384 23.994140625 -86.1328125
8.173828125 -0.966796875 -0.615234375 1.58203125 -12.0277463252403 23.5546875 -86.8359375
8.173828125 -0.966796875 -0.615234375 1.58203125 -11.0914201379321 23.37890625 -87.01171875
8.173828125 -0.966796875 -0.615234375 1.58203125 -9.93203006018751 23.73046875 -87.451171875
8.173828125 -0.966796875 -0.615234375 1.58203125 -8.89673861897781 24.609375 -87.978515625
8.173828125 -0.966796875 -0.615234375 1.58203125 -8.08517749645754 25.048828125 -87.626953125
8.0859375 -0.966796875 -0.615234375 1.58203125 -6.91418467822344 25.048828125 -87.71484375
8.173828125 -0.966796875 -0.615234375 1.58203125 -5.9803651259148 25.3125 -90.615234375
8.173828125 -0.966796875 -0.615234375 1.58203125 -4.92447323460952 25.224609375 -91.142578125
8.173828125 -0.966796875 -0.615234375 1.58203125 -3.87371870913777 25.751953125 -91.7578125
8.173828125 -0.966796875 -0.615234375 1.58203125 -2.93205736512575 25.3125 -92.548828125
8.173828125 -0.966796875 -0.615234375 1.58203125 -1.99606370896037 25.83984375 -91.93359375
8.0859375 -0.966796875 -0.615234375 1.58203125 -1.05795997311358 26.3671875 -92.548828125
8.173828125 -0.966796875 -0.615234375 1.58203125 0 26.19140625 -93.076171875
8.173828125 -0.966796875 -0.615234375 1.58203125 1.05816342267949 26.455078125 -92.109375
8.173828125 -0.966796875 -0.615234375 1.58203125 2.23341621685908 26.3671875 -92.109375
8.173828125 -0.966796875 -0.615234375 1.58203125 3.05384570982748 26.015625 -91.669921875
8.173828125 -0.966796875 -0.615234375 1.58203125 3.04767440035893 25.048828125 -90.966796875
8.173828125 -0.966796875 -0.615234375 1.58203125 3.98813981834799 25.400390625 -91.845703125
8.173828125 -0.966796875 -0.615234375 1.58203125 5.04077493300222 25.13671875 -91.494140625
8.0859375 -0.966796875 -0.615234375 1.58203125 6.09427073023911 25.048828125 -91.58203125
8.0859375 -0.966796875 -0.615234375 1.58203125 7.14586306830365 24.873046875 -91.40625
8.173828125 -0.966796875 -0.615234375 1.58203125 8.20969269323572 25.48828125 -91.494140625
8.173828125 -0.966796875 -0.615234375 1.58203125 9.01845161045251 24.873046875 -90.615234375
8.0859375 -0.966796875 -0.615234375 1.58203125 10.0877068070492 25.6640625 -90.087890625
8.0859375 -0.966796875 -0.615234375 1.58203125 11.0520197962281 26.806640625 -90.791015625
8.173828125 -0.966796875 -0.615234375 1.58203125 12.0076637833183 27.421875 -90.87890625
8.0859375 -0.966796875 -0.615234375 1.58203125 13.0623241357129 27.333984375 -90.703125
8.173828125 -0.966796875 -0.615234375 1.58203125 13.9986753091858 27.24609375 -90.791015625
8.173828125 -0.966796875 -0.615234375 1.58203125 15.0514456224401 27.158203125 -90.791015625
8.173828125 -0.966796875 -0.615234375 1.58203125 16.0842882685575 26.54296875 -90.263671875
8.173828125 -0.966796875 -0.615234375 1.58203125 17.1143180185966 25.927734375 -91.0546875
8.0859375 -0.966796875 -0.615234375 1.58203125 18.0482896601892 25.927734375 -91.318359375
8.173828125 -0.966796875 -0.615234375 1.58203125 19.0947207073195 25.83984375 -91.669921875
8.173828125 -0.966796875 -0.615234375 1.58203125 20.0087953163853 25.400390625 -91.494140625
8.173828125 -0.966796875 -0.615234375 1.58203125 21.1384900910885 24.609375 -91.40625
8.173828125 -0.966796875 -0.615234375 1.58203125 22.1987154212213 24.9609375 -91.494140625
8.0859375 -0.966796875 -0.615234375 1.58203125 23.0070395153604 24.873046875 -91.669921875
8.173828125 -0.966796875 -0.615234375 1.58203125 24.0378547458776 24.609375 -91.58203125
8.0859375 -0.966796875 -0.615234375 1.58203125 24.964034604271 24.609375 -91.58203125
8.0859375 -0.966796875 -0.615234375 1.58203125 26.004984583828 24.609375 -91.669921875
8.0859375 -0.966796875 -0.615234375 1.58203125 27.1602987907456 24.609375 -91.669921875
8.0859375 -0.966796875 -0.615234375 1.58203125 28.0594516909515 24.169921875 -92.900390625
8.0859375 -0.966796875 -0.615234375 1.58203125 29.0960874870685 24.169921875 -93.1640625
8.0859375 -0.966796875 -0.615234375 1.58203125 30.0165070923874 24.169921875 -93.515625
8.0859375 -0.966796875 -0.615234375 1.58203125 31.1656134060594 24.169921875 -93.779296875
8.173828125 -0.966796875 -0.615234375 1.58203125 32.1349938749965 23.115234375 -95.44921875
8.173828125 -0.966796875 -0.615234375 1.58203125 33.1591842819805 23.02734375 -95.80078125
8.173828125 -0.966796875 -0.615234375 1.58203125 34.1170529800908 23.73046875 -96.328125
8.0859375 -0.966796875 -0.615234375 1.58203125 35.1683233929304 24.08203125 -97.294921875
8.173828125 -0.966796875 -0.615234375 1.58203125 36.2323039458576 24.609375 -97.03125
8.0859375 -0.966796875 -0.615234375 1.58203125 37.0696411343115 25.13671875 -97.20703125
8.173828125 -0.966796875 -0.615234375 1.58203125 38.0959816369906 25.13671875 -97.20703125
8.0859375 -0.966796875 -0.615234375 1.58203125 39.1138107504478 25.048828125 -98.26171875
8.0859375 -0.966796875 -0.615234375 1.58203125 39.9959792318008 26.103515625 -98.173828125
8.173828125 -0.966796875 -0.615234375 1.58203125 40.9442622016753 26.54296875 -97.822265625
8.173828125 -0.966796875 -0.615234375 1.58203125 41.9593433456834 26.455078125 -98.525390625
8.0859375 -0.966796875 -0.703125 1.58203125 43.0936821491344 26.455078125 -98.61328125
8.173828125 -0.966796875 -0.703125 1.58203125 43.894616596306 26.54296875 -99.580078125
8.0859375 -0.966796875 -0.703125 1.58203125 45.0252317949981 26.54296875 -100.1953125
8.0859375 -0.966796875 -0.703125 1.58203125 46.0668794723225 26.806640625 -100.458984375
8.0859375 -0.966796875 -0.703125 1.58203125 47.1934958816246 26.806640625 -100.458984375
8.173828125 -0.966796875 -0.703125 1.58203125 48.1690409739575 26.455078125 -100.37109375
8.0859375 -0.966796875 -0.703125 1.58203125 49.150796355067 26.19140625 -101.42578125
8.0859375 -0.966796875 -0.703125 1.58203125 50.1572025659626 26.19140625 -101.689453125
8.173828125 -0.966796875 -0.615234375 1.58203125 51.073429930492 27.421875 -100.810546875
8.0859375 -0.966796875 -0.615234375 1.58203125 52.2912713684498 27.333984375 -100.810546875
8.0859375 -0.966796875 -0.615234375 1.58203125 53.1820819518769 27.333984375 -100.986328125
8.0859375 -0.966796875 -0.615234375 1.58203125 54.1820728392633 27.333984375 -101.25
8.0859375 -0.966796875 -0.615234375 1.58203125 55.0584052935165 27.24609375 -101.42578125
8.0859375 -0.966796875 -0.615234375 1.58203125 56.3958349714173 27.333984375 -101.42578125
8.0859375 -0.966796875 -0.615234375 1.58203125 57.1678353859705 27.333984375 -102.568359375
8.0859375 -0.966796875 -0.615234375 1.58203125 58.026159388064 27.158203125 -102.65625
8.173828125 -0.966796875 -0.615234375 1.58203125 59.0139772846062 27.158203125 -102.744140625
8.173828125 -0.966796875 -0.615234375 1.58203125 60.114718367219 28.828125 -104.23828125
8.0859375 -0.966796875 -0.615234375 1.58203125 61.2453041287855 28.30078125 -104.94140625
8.173828125 -0.966796875 -0.615234375 1.58203125 61.8534487377752 28.740234375 -104.0625
8.173828125 -0.966796875 -0.615234375 1.58203125 60.4708062681 27.421875 -104.765625
8.0859375 -0.966796875 -0.615234375 1.58203125 59.6770052542637 28.037109375 -104.0625
8.0859375 -0.966796875 -0.615234375 1.58203125 58.5635002457663 29.53125 -101.42578125
8.173828125 -0.966796875 -0.615234375 1.58203125 57.3337316760128 26.89453125 -108.720703125
8.173828125 -0.966796875 -0.615234375 1.58203125 56.5734555776251 26.982421875 -108.720703125
8.173828125 -0.966796875 -0.615234375 1.58203125 55.5799342253118 26.982421875 -108.6328125
8.173828125 -0.966796875 -0.615234375 1.58203125 54.5737013886385 26.89453125 -108.6328125
8.173828125 -0.966796875 -0.615234375 1.58203125 53.6967835011767 26.982421875 -103.359375
8.0859375 -0.966796875 -0.615234375 1.58203125 52.4638998305024 26.89453125 -103.447265625
8.0859375 -0.966796875 -0.703125 1.58203125 51.5103469792505 27.333984375 -101.953125
8.0859375 -0.966796875 -0.703125 1.58203125 50.6162147857486 27.333984375 -101.689453125
8.173828125 -0.966796875 -0.703125 1.58203125 49.5986254381988 27.24609375 -101.953125
8.0859375 -0.966796875 -0.703125 1.58203125 48.5239199541856 27.685546875 -100.8984375
8.0859375 -0.966796875 -0.703125 1.58203125 47.6139878239071 27.59765625 -100.283203125
8.0859375 -0.966796875 -0.703125 1.58203125 46.551765057488 28.212890625 -99.580078125
8.173828125 -0.966796875 -0.703125 1.58203125 45.5427002177275 28.30078125 -99.931640625
8.0859375 -0.966796875 -0.703125 1.58203125 44.4547993040146 28.740234375 -100.107421875
8.0859375 -0.966796875 -0.703125 1.58203125 43.5055227358984 29.443359375 -97.3828125
8.0859375 -0.966796875 -0.703125 1.58203125 42.4875343510427 29.53125 -97.734375
8.173828125 -0.966796875 -0.703125 1.58203125 41.5909630024087 29.70703125 -97.3828125
8.173828125 -0.966796875 -0.703125 1.58203125 40.4810032414086 30.05859375 -97.3828125
8.0859375 -0.966796875 -0.703125 1.58203125 39.6501056294662 29.794921875 -97.3828125
8.0859375 -0.966796875 -0.703125 1.58203125 38.3594928847079 29.53125 -97.294921875
8.0859375 -0.966796875 -0.703125 1.58203125 37.496637160921 28.916015625 -97.3828125
8.0859375 -0.966796875 -0.703125 1.58203125 36.6521507736992 28.4765625 -97.646484375
8.0859375 -0.966796875 -0.703125 1.58203125 35.4858608163016 28.30078125 -97.55859375
8.0859375 -0.966796875 -0.703125 1.58203125 34.4699633944134 28.564453125 -96.064453125
8.0859375 -0.966796875 -0.703125 1.58203125 32.5537267647034 29.1796875 -95.712890625
8.0859375 -0.966796875 -0.703125 1.58203125 31.7474601837277 30.673828125 -95.888671875
8.173828125 -0.966796875 -0.703125 1.58203125 30.4651398628998 30.673828125 -95.625
8.173828125 -0.966796875 -0.703125 1.58203125 29.5592029781009 31.025390625 -96.064453125
8.0859375 -0.966796875 -0.703125 1.58203125 28.4861745686535 30.76171875 -95.44921875
8.0859375 -0.966796875 -0.703125 1.58203125 27.5434999516024 30.673828125 -95.2734375
8.0859375 -0.966796875 -0.703125 1.58203125 26.5271890313871 31.201171875 -95.2734375
8.0859375 -0.966796875 -0.703125 1.58203125 25.476579744079 31.2890625 -95.44921875
8.0859375 -0.966796875 -0.703125 1.58203125 24.4184549102585 31.2890625 -95.2734375
8.0859375 -0.966796875 -0.703125 1.58203125 23.4488876969363 30.849609375 -94.482421875
8.0859375 -0.966796875 -0.703125 1.58203125 22.5024062637079 30.76171875 -94.74609375
8.0859375 -0.966796875 -0.703125 1.58203125 21.5709356591874 30.9375 -94.74609375
8.0859375 -0.966796875 -0.703125 1.494140625 20.4118308365819 31.2890625 -95.09765625
8.0859375 -0.966796875 -0.703125 1.58203125 19.5711118289345 31.025390625 -94.833984375
8.0859375 -0.966796875 -0.703125 1.58203125 18.5083986891772 31.025390625 -95.009765625
8.0859375 -0.966796875 -0.703125 1.58203125 17.4660270286631 31.46484375 -95.44921875
8.0859375 -0.966796875 -0.703125 1.58203125 16.5476565855944 32.080078125 -95.09765625
8.0859375 -0.966796875 -0.703125 1.58203125 15.4796059182256 32.080078125 -95.009765625
8.0859375 -0.966796875 -0.703125 1.58203125 14.6337738749392 31.728515625 -94.39453125
8.0859375 -0.966796875 -0.703125 1.58203125 13.4603629309326 32.080078125 -94.21875
8.0859375 -0.966796875 -0.703125 1.58203125 12.5125482907808 32.16796875 -93.69140625
8.0859375 -0.966796875 -0.703125 1.58203125 11.5697477196629 32.431640625 -92.8125
8.0859375 -0.966796875 -0.703125 1.58203125 10.4978435384254 32.431640625 -92.4609375
8.0859375 -0.966796875 -0.703125 1.58203125 9.43524697819 32.783203125 -92.021484375
8.0859375 -0.966796875 -0.703125 1.58203125 8.48291814853154 32.87109375 -92.021484375
8.0859375 -0.966796875 -0.703125 1.58203125 7.64722746144991 32.87109375 -91.93359375
8.0859375 -0.966796875 -0.703125 1.58203125 6.45473274989698 32.958984375 -92.021484375
8.0859375 -0.966796875 -0.703125 1.58203125 5.51066498786119 33.662109375 -91.93359375
8.0859375 -0.966796875 -0.703125 1.58203125 4.43400095936055 33.75 -92.109375
8.0859375 -0.966796875 -0.703125 1.58203125 3.48026587410806 34.189453125 -92.28515625
8.0859375 -0.966796875 -0.703125 1.58203125 2.5202842294571 34.189453125 -92.197265625
8.0859375 -0.966796875 -0.703125 1.58203125 1.55806192038441 33.75 -90.966796875
8.0859375 -0.966796875 -0.703125 1.58203125 -1.54835706751584 31.640625 -90.615234375
8.0859375 -0.966796875 -0.703125 1.58203125 0.593665511907632 30.498046875 -90.3515625
8.173828125 -0.966796875 -0.703125 1.58203125 -0.474164465520605 29.8828125 -90.17578125
8.0859375 -0.966796875 -0.703125 1.58203125 -1.54314902007317 30.41015625 -89.736328125
8.0859375 -0.966796875 -0.703125 1.58203125 -2.49447794673901 30.673828125 -89.296875
8.0859375 -0.966796875 -0.703125 1.58203125 -3.56339368050538 30.673828125 -89.12109375
8.0859375 -0.966796875 -0.703125 1.58203125 -4.63106095665651 30.5859375 -88.857421875
8.0859375 -0.966796875 -0.703125 1.58203125 -5.46070249282473 30.498046875 -88.76953125
8.0859375 -0.966796875 -0.703125 1.58203125 -6.51801392286308 29.8828125 -88.41796875
8.0859375 -0.966796875 -0.703125 1.58203125 -7.5508221071978 28.125 -85.166015625
8.0859375 -0.966796875 -0.703125 1.58203125 -8.49208528326767 28.037109375 -83.671875
8.0859375 -0.966796875 -0.703125 1.58203125 -9.43463634367542 28.037109375 -83.232421875
8.0859375 -0.966796875 -0.703125 1.58203125 -10.4968115184924 28.125 -82.353515625
8.0859375 -0.966796875 -0.703125 1.58203125 -11.4388397336069 28.125 -81.650390625
8.0859375 -0.966796875 -0.703125 1.58203125 -12.5925777109719 27.333984375 -80.15625
8.173828125 -0.966796875 -0.703125 1.58203125 -13.5319600058714 27.333984375 -79.892578125
8.0859375 -0.966796875 -0.703125 1.58203125 -14.5852928519905 27.24609375 -76.46484375
8.0859375 -0.966796875 -0.703125 1.58203125 -15.4814024482122 26.015625 -75.146484375
8.0859375 -0.966796875 -0.703125 1.58203125 -16.527207078765 25.83984375 -74.267578125
8.0859375 -0.966796875 -0.703125 1.58203125 -17.584671729798 26.015625 -74.443359375
8.0859375 -0.966796875 -0.703125 1.58203125 -18.51851680184 26.015625 -74.00390625
8.0859375 -0.966796875 -0.703125 1.58203125 -19.5794334705323 26.279296875 -73.30078125
8.0859375 -0.966796875 -0.703125 1.58203125 -20.5124375485219 26.279296875 -72.7734375
8.0859375 -0.966796875 -0.703125 1.58203125 -21.4167007255603 25.6640625 -72.509765625
8.0859375 -0.966796875 -0.703125 1.58203125 -22.5712980793043 25.48828125 -71.982421875
8.0859375 -0.966796875 -0.703125 1.58203125 -23.487648008134 25.224609375 -71.630859375
8.0859375 -0.966796875 -0.703125 1.58203125 -24.437652986487 25.6640625 -71.19140625
8.0859375 -0.966796875 -0.703125 1.58203125 -25.5879468074961 25.48828125 -69.521484375
8.0859375 -0.966796875 -0.703125 1.58203125 -26.44774957467 26.3671875 -68.642578125
8.0859375 -0.966796875 -0.703125 1.58203125 -27.4909286945195 26.3671875 -68.818359375
8.0859375 -0.966796875 -0.703125 1.58203125 -28.5492949683232 26.630859375 -68.02734375
8.0859375 -0.966796875 -0.703125 1.58203125 -29.4863985005158 26.806640625 -67.236328125
8.0859375 -0.966796875 -0.703125 1.58203125 -30.4233083861497 26.982421875 -66.796875
8.0859375 -0.966796875 -0.703125 1.58203125 -31.4388089589755 26.630859375 -66.26953125
8.0859375 -0.966796875 -0.703125 1.58203125 -32.5016773295567 26.982421875 -66.181640625
8.0859375 -0.966796875 -0.703125 1.58203125 -33.4367194917574 27.158203125 -66.005859375
8.0859375 -0.966796875 -0.703125 1.58203125 -34.4661838052781 27.0703125 -64.951171875
8.0859375 -0.966796875 -0.703125 1.58203125 -35.5076827805366 27.158203125 -64.16015625
8.0859375 -0.966796875 -0.703125 1.58203125 -36.4843851179408 27.861328125 -64.16015625
8.0859375 -0.966796875 -0.703125 1.58203125 -37.5101878321015 27.7734375 -63.80859375
8.0859375 -0.966796875 -0.703125 1.58203125 -38.4743957171026 28.30078125 -63.193359375
8.0859375 -0.966796875 -0.703125 1.58203125 -39.4575931719302 29.00390625 -62.314453125
8.0859375 -0.966796875 -0.703125 1.58203125 -40.453843269127 29.794921875 -61.69921875
8.0859375 -0.966796875 -0.703125 1.58203125 -41.5416582353739 30.322265625 -61.69921875
8.0859375 -0.966796875 -0.703125 1.58203125 -42.487638522971 30.5859375 -61.083984375
8.0859375 -0.966796875 -0.703125 1.58203125 -43.652485345923 30.76171875 -60.908203125
8.0859375 -0.966796875 -0.703125 1.58203125 -44.4857494811904 30.05859375 -61.435546875
8.0859375 -0.966796875 -0.703125 1.58203125 -45.4705080735104 29.70703125 -61.259765625
8.0859375 -0.966796875 -0.703125 1.58203125 -46.7611008918372 30.05859375 -61.34765625
8.0859375 -0.966796875 -0.703125 1.58203125 -47.6472580857528 29.8828125 -60.99609375
8.0859375 -0.966796875 -0.703125 1.58203125 -48.6442054610261 29.70703125 -61.69921875
8.0859375 -0.966796875 -0.703125 1.58203125 -49.5256715329155 29.53125 -60.556640625
8.0859375 -0.966796875 -0.703125 1.58203125 -50.6282583753857 30.234375 -60.380859375
8.0859375 -0.966796875 -0.703125 1.58203125 -51.5518694928279 30.41015625 -60.46875
8.0859375 -0.966796875 -0.703125 1.58203125 -52.3862145284724 30.76171875 -60.99609375
8.0859375 -0.966796875 -0.703125 1.58203125 -54.4673292839264 31.201171875 -61.962890625
8.0859375 -0.966796875 -0.703125 1.58203125 -55.5657747548935 31.81640625 -59.677734375
8.0859375 -0.966796875 -0.703125 1.58203125 -56.5574123303752 33.134765625 -60.29296875
8.0859375 -0.966796875 -0.703125 1.58203125 -57.5938793932054 33.310546875 -60.29296875
8.0859375 -0.966796875 -0.703125 1.58203125 -58.5325136538709 33.57421875 -60.29296875
8.0859375 -0.966796875 -0.703125 1.58203125 -59.4222746246833 34.189453125 -60.029296875
