DataSet: 1
8.173828125 -0.966796875 -0.615234375 1.58203125 -45.1423641118974 21.26953125 -71.89453125
737.911 176.113 76.035 762.437
-0.8873453 0.1385932 0.4397844 737.911 0.4103059 0.6725163 0.6159309 176.1131 -0.2103984 0.7269895 -0.6536197 76.03523 0 0 0 1
DataSet: 2
8.173828125 -0.966796875 -0.615234375 1.58203125 -44.0565054513599 20.126953125 -69.9609375
742.783 179.878 71.536 767.593
-0.8709912 0.1559895 0.4658773 742.7827 0.4349795 0.6856809 0.5836391 179.8778 -0.2284016 0.7109916 -0.6650742 71.53633 0 0 0 1
DataSet: 3
8.173828125 -0.966796875 -0.615234375 1.58203125 -42.9035130676435 19.599609375 -70.224609375
744.642 183.749 67.323 769.927
-0.8734013 0.1626322 0.4590435 744.6415 0.430171 0.6995175 0.5706384 183.7489 -0.2283048 0.6958635 -0.6809191 67.32311 0 0 0 1
DataSet: 4
8.173828125 -0.966796875 -0.615234375 1.58203125 -42.0715239708379 18.80859375 -71.015625
747.930 186.422 63.828 773.451
-0.8787808 0.1743837 0.4442237 747.9304 0.4250922 0.7090876 0.5625757 186.4218 -0.2168895 0.6832167 -0.6972617 63.82787 0 0 0 1
DataSet: 5
8.173828125 -0.966796875 -0.615234375 1.58203125 -41.0231880081156 18.10546875 -72.0703125
750.654 189.746 59.620 776.556
-0.8862681 0.1841123 0.4250077 750.6537 0.4156478 0.7210215 0.5544051 189.7464 -0.2043669 0.668005 -0.7155442 59.61986 0 0 0 1
DataSet: 6
8.173828125 -0.966796875 -0.615234375 1.58203125 -40.0184088940654 18.193359375 -72.59765625
749.620 193.032 56.283 776.118
-0.8916077 0.1804206 0.4153121 749.6201 0.4034843 0.7328425 0.5478525 193.0322 -0.2055145 0.6560414 -0.7262048 56.28349 0 0 0 1
DataSet: 7
8.173828125 -0.966796875 -0.615234375 1.58203125 -38.9662043794849 24.609375 -62.05078125
718.188 196.655 57.744 746.861
-0.8121662 0.0679795 0.5794522 718.188 0.4273329 0.7454925 0.5114954 196.6553 -0.3972061 0.6630383 -0.6345137 57.74435 0 0 0 1
DataSet: 8
8.173828125 -0.966796875 -0.615234375 1.58203125 -38.0892680248435 25.048828125 -60.732421875
715.517 199.365 54.868 744.797
-0.8001158 0.05839837 0.5969961 715.5173 0.4265497 0.7551433 0.497809 199.3654 -0.4217464 0.6529534 -0.6291119 54.8679 0 0 0 1
DataSet: 9
8.173828125 -0.966796875 -0.615234375 1.58203125 -36.9424938177439 24.9609375 -62.841796875
715.182 202.902 50.708 745.135
-0.8228878 0.05725874 0.5653114 715.1825 0.3980823 0.7680203 0.5016725 202.9016 -0.4054455 0.6378607 -0.6547883 50.7085 0 0 0 1
DataSet: 10
8.173828125 -0.966796875 -0.615234375 1.58203125 -36.0164354768715 24.78515625 -63.017578125
715.418 205.771 47.168 745.915
-0.8255989 0.05810575 0.5612577 715.4177 0.3895388 0.7783159 0.4924265 205.7712 -0.408223 0.6251784 -0.6652112 47.16756 0 0 0 1
DataSet: 11
8.173828125 -0.966796875 -0.615234375 1.58203125 -34.9876723000007 24.78515625 -63.896484375
714.720 208.842 43.319 745.866
-0.8353006 0.05563287 0.5469716 714.7202 0.3722174 0.7894167 0.4881348 208.8425 -0.4046322 0.6113316 -0.6801077 43.31893 0 0 0 1
DataSet: 12
8.173828125 -0.966796875 -0.615234375 1.58203125 -33.9456443662708 24.609375 -66.4453125
714.843 211.895 39.284 746.621
-0.8597757 0.05611519 0.5075793 714.843 0.3425274 0.8005712 0.4916917 211.8948 -0.378762 0.5966045 -0.7075327 39.28363 0 0 0 1
DataSet: 13
8.173828125 -0.966796875 -0.615234375 1.58203125 -32.9430698907833 25.048828125 -68.37890625
712.018 214.641 35.735 744.525
-0.8777145 0.04603631 0.4769675 712.0182 0.3118376 0.81064 0.4956008 214.6412 -0.3638332 0.5837324 -0.7258663 35.73482 0 0 0 1
DataSet: 14
8.173828125 -0.966796875 -0.615234375 1.58203125 -32.0530266576137 25.48828125 -68.37890625
709.268 217.043 32.501 742.445
-0.8788102 0.03620205 0.4757962 709.2678 0.2987133 0.819307 0.4893938 217.0429 -0.3721061 0.572211 -0.7308294 32.50137 0 0 0 1
DataSet: 15
8.173828125 -0.966796875 -0.615234375 1.58203125 -31.0116821813005 25.400390625 -69.345703125
708.942 219.937 28.288 742.813
-0.8875969 0.03504514 0.4592859 708.9423 0.2819906 0.8297557 0.4816501 219.9365 -0.3642156 0.5570255 -0.7463709 28.28819 0 0 0 1
DataSet: 16
8.173828125 -0.966796875 -0.615234375 1.58203125 -29.974802719084 25.400390625 -69.78515625
708.185 222.737 24.065 742.777
-0.8919802 0.03233924 0.4509163 708.1851 0.2688469 0.8398374 0.4715873 222.7375 -0.3634456 0.5418739 -0.7578126 24.0654 0 0 0 1
DataSet: 17
8.173828125 -0.966796875 -0.615234375 1.58203125 -29.1727356756477 25.48828125 -71.54296875
707.167 224.800 20.861 742.331
-0.9060606 0.02870058 0.4221735 707.1669 0.2460777 0.8473825 0.4705196 224.8 -0.3442383 0.5302068 -0.7748424 20.86113 0 0 0 1
DataSet: 18
8.173828125 -0.966796875 -0.615234375 1.58203125 -28.0884123612104 24.697265625 -72.94921875
710.169 227.799 15.807 745.977
-0.9165515 0.03943105 0.3979681 710.169 0.2350978 0.8581417 0.4564229 227.7989 -0.3235158 0.5118964 -0.7958012 15.80677 0 0 0 1
DataSet: 19
8.173828125 -0.966796875 -0.615234375 1.58203125 -26.9482342204393 24.9609375 -74.8828125
708.032 230.561 11.192 744.710
-0.9303671 0.03177521 0.3652497 708.0324 0.2067349 0.8682169 0.4510656 230.5613 -0.3027833 0.4951665 -0.8143294 11.19181 0 0 0 1
DataSet: 20
8.173828125 -0.966796875 -0.615234375 1.58203125 -26.0607864667502 25.6640625 -76.376953125
703.962 232.492 7.890 741.402
-0.9403635 0.01719902 0.3397363 703.9619 0.1783759 0.8753321 0.4494171 232.4924 -0.2896526 0.4832162 -0.8261982 7.890451 0 0 0 1
DataSet: 21
8.173828125 -0.966796875 -0.615234375 1.58203125 -24.9860025219529 25.048828125 -76.9921875
706.089 235.223 2.773 744.244
-0.9443514 0.02479395 0.3280025 706.0886 0.173281 0.8850756 0.4319895 235.2231 -0.2795963 0.4647865 -0.8401186 2.773225 0 0 0 1
DataSet: 22
8.173828125 -0.966796875 -0.615234375 1.58203125 -24.0462609520372 24.78515625 -77.87109375
706.618 237.445 -1.560 745.447
-0.9496608 0.02666975 0.3121428 706.6177 0.1629346 0.8930565 0.4194073 237.4451 -0.2675757 0.4491535 -0.8524461 -1.559592 0 0 0 1
DataSet: 23
8.173828125 -0.966796875 -0.615234375 1.58203125 -22.8870069404494 24.78515625 -78.310546875
705.688 240.018 -6.762 745.419
-0.9526035 0.02333537 0.3033185 705.6881 0.1507129 0.9022971 0.4039128 240.0183 -0.264258 0.4304828 -0.8630483 -6.761716 0 0 0 1
DataSet: 24
8.173828125 -0.966796875 -0.615234375 1.58203125 -21.9587369764736 24.78515625 -78.92578125
704.936 242.000 -10.969 745.399
-0.9562316 0.02063211 0.2918825 704.9362 0.1392337 0.9094296 0.391857 242.0002 -0.2573618 0.4153459 -0.8724979 -10.96949 0 0 0 1
DataSet: 25
8.173828125 -0.966796875 -0.615234375 1.58203125 -20.9098832210279 24.697265625 -80.15625
704.504 244.174 -15.823 745.786
-0.9626827 0.01905677 0.2699608 704.5042 0.1242665 0.9172693 0.3783845 244.174 -0.2404159 0.3978113 -0.8854074 -15.823 0 0 0 1
DataSet: 26
8.173828125 -0.966796875 -0.615234375 1.58203125 -19.9837566988331 24.78515625 -80.5078125
703.313 245.988 -20.059 745.360
-0.9646977 0.0147862 0.2629443 703.313 0.1138077 0.9237908 0.3655932 245.988 -0.2374998 0.382612 -0.8928617 -20.05862 0 0 0 1
DataSet: 27
8.173828125 -0.966796875 -0.615234375 1.58203125 -18.9336072227953 24.697265625 -81.474609375
702.861 248.003 -25.031 745.752
-0.9693333 0.01314083 0.2453982 702.8609 0.10137 0.9310381 0.3505597 248.003 -0.2238685 0.3646852 -0.9038184 -25.0307 0 0 0 1
DataSet: 28
8.173828125 -0.966796875 -0.615234375 1.58203125 -18.0025853248228 24.697265625 -82.79296875
702.082 249.686 -29.406 745.739
-0.9749954 0.01031273 0.2219854 702.0818 0.08687132 0.9371221 0.3380171 249.6859 -0.2045415 0.3488493 -0.9145856 -29.40642 0 0 0 1
DataSet: 29
8.173828125 -0.966796875 -0.615234375 1.58203125 -17.0532395997061 24.169921875 -84.0234375
703.818 251.463 -34.318 748.178
-0.9796717 0.01647871 0.1999296 703.8179 0.0814458 0.9434587 0.3213289 251.4627 -0.1833302 0.3310803 -0.9256219 -34.31836 0 0 0 1
DataSet: 30
8.0859375 -0.966796875 -0.615234375 1.58203125 -15.8891091519053 24.169921875 -85.166015625
702.864 253.379 -39.177 748.167
-0.9835604 0.01254994 0.1801424 702.8642 0.06775095 0.950354 0.3037056 253.3792 -0.1673876 0.3109177 -0.9355809 -39.17698 0 0 0 1
DataSet: 31
8.173828125 -0.966796875 -0.615234375 1.58203125 -14.9495923681295 23.90625 -85.869140625
703.279 254.902 -44.685 749.382
-0.985995 0.0144777 0.1661453 703.279 0.06245705 0.9557818 0.2873679 254.9019 -0.1546382 0.2937202 -0.9433003 -44.68491 0 0 0 1
DataSet: 32
8.173828125 -0.966796875 -0.615234375 1.58203125 -13.9034839027384 23.994140625 -86.1328125
701.939 256.427 -49.757 748.965
-0.9869635 0.009672776 0.1606534 701.9391 0.05344717 0.9612426 0.2704738 256.4265 -0.1518106 0.2755342 -0.9492283 -49.75721 0 0 0 1
DataSet: 33
8.173828125 -0.966796875 -0.615234375 1.58203125 -12.0277463252403 23.5546875 -86.8359375
702.393 259.033 -59.422 750.989
-0.9890819 0.01126241 0.1469358 702.3928 0.04620404 0.9705006 0.2366299 259.0334 -0.1399363 0.2408354 -0.960425 -59.42164 0 0 0 1
DataSet: 34
8.173828125 -0.966796875 -0.615234375 1.58203125 -11.0914201379321 23.37890625 -87.01171875
702.400 260.202 -64.264 751.798
-0.9896318 0.01127737 0.1431842 702.3997 0.04288117 0.9746442 0.2196132 260.2019 -0.137077 0.2234761 -0.9650224 -64.2641 0 0 0 1
DataSet: 35
8.173828125 -0.966796875 -0.615234375 1.58203125 -9.93203006018751 23.73046875 -87.451171875
699.668 261.427 -69.823 750.170
-0.9908726 0.001485692 0.1347933 699.668 0.02887619 0.9790671 0.201479 261.4271 -0.1316724 0.2035324 -0.9701737 -69.82317 0 0 0 1
DataSet: 36
8.173828125 -0.966796875 -0.615234375 1.58203125 -8.89673861897781 24.609375 -87.978515625
694.511 262.260 -74.355 746.092
-0.9920158 -0.01698794 0.1249644 694.5108 0.00685185 0.9821624 0.1879099 262.2596 -0.1259275 0.1872659 -0.9742042 -74.35462 0 0 0 1
DataSet: 37
8.173828125 -0.966796875 -0.615234375 1.58203125 -8.08517749645754 25.048828125 -87.626953125
691.656 262.881 -78.157 744.044
-0.9910743 -0.02718811 0.1305084 691.6556 -0.003857282 0.9844207 0.1757871 262.8806 -0.1332545 0.1737147 -0.9757389 -78.15697 0 0 0 1
DataSet: 38
8.0859375 -0.966796875 -0.615234375 1.58203125 -6.91418467822344 25.048828125 -87.71484375
690.673 263.848 -83.432 744.047
-0.9911059 -0.03118411 0.1293702 690.6726 -0.01085198 0.9878578 0.1549816 263.8476 -0.1326324 0.1521992 -0.9794101 -83.43233 0 0 0 1
DataSet: 39
8.173828125 -0.966796875 -0.615234375 1.58203125 -5.9803651259148 25.3125 -90.615234375
688.500 264.423 -88.636 742.838
-0.9962416 -0.03862505 0.07752872 688.5004 -0.02760694 0.9899826 0.1384642 264.4229 -0.08210027 0.1358034 -0.9873282 -88.63643 0 0 0 1
DataSet: 40
8.173828125 -0.966796875 -0.615234375 1.58203125 -4.92447323460952 25.224609375 -91.142578125
687.957 265.113 -94.139 743.257
-0.9968644 -0.04060017 0.06791958 687.9566 -0.03233815 0.992415 0.1186031 265.1129 -0.07221971 0.1160348 -0.9906161 -94.139 0 0 0 1
DataSet: 41
8.173828125 -0.966796875 -0.615234375 1.58203125 -3.87371870913777 25.751953125 -91.7578125
684.465 265.474 -99.121 740.806
-0.9969751 -0.05312848 0.05672805 684.465 -0.04720382 0.993755 0.101108 265.4738 -0.0617455 0.0981244 -0.9932568 -99.12146 0 0 0 1
DataSet: 42
8.173828125 -0.966796875 -0.615234375 1.58203125 -2.93205736512575 25.3125 -92.548828125
685.712 266.030 -104.340 742.873
-0.9978973 -0.04871009 0.0427585 685.7123 -0.04511147 0.9956574 0.08143277 266.0297 -0.04653941 0.07933265 -0.9957612 -104.3405 0 0 0 1
DataSet: 43
8.173828125 -0.966796875 -0.615234375 1.58203125 -1.99606370896037 25.83984375 -91.93359375
682.306 266.149 -108.787 740.413
-0.9967312 -0.06086591 0.05312407 682.306 -0.05727045 0.9961239 0.06676336 266.1493 -0.05698176 0.06350269 -0.9963536 -108.7874 0 0 0 1
DataSet: 44
8.0859375 -0.966796875 -0.615234375 1.58203125 -1.05795997311358 26.3671875 -92.548828125
679.037 266.156 -112.489 737.959
-0.9963928 -0.07307307 0.04314629 679.0371 -0.07085884 0.9961922 0.05079419 266.1558 -0.04669369 0.04755367 -0.9977767 -112.4885 0 0 0 1
DataSet: 45
8.173828125 -0.966796875 -0.615234375 1.58203125 0 26.19140625 -93.076171875
678.786 266.376 -118.831 738.801
-0.9967524 -0.07352912 0.03283428 678.7861 -0.07255694 0.9969166 0.02988027 266.3756 -0.03493011 0.02740088 -0.9990141 -118.8312 0 0 0 1
DataSet: 46
8.173828125 -0.966796875 -0.615234375 1.58203125 1.05816342267949 26.455078125 -92.109375
676.526 266.296 -124.148 737.572
-0.9954386 -0.08156435 0.0494904 676.5258 -0.08103722 0.9966318 0.01256903 266.2955 -0.05034889 0.008501131 -0.9986955 -124.1477 0 0 0 1
DataSet: 47
8.173828125 -0.966796875 -0.615234375 1.58203125 2.23341621685908 26.3671875 -92.109375
675.855 266.239 -130.335 738.004
-0.9952378 -0.0839661 0.04951296 675.8548 -0.08453488 0.9963752 -0.009503762 266.2386 -0.04853549 -0.01364407 -0.9987283 -130.3349 0 0 0 1
DataSet: 48
8.173828125 -0.966796875 -0.615234375 1.58203125 3.05384570982748 26.015625 -91.669921875
676.768 266.235 -134.921 739.662
-0.9950918 -0.08067232 0.05730912 676.7681 -0.0822328 0.9962891 -0.02541001 266.2353 -0.05504657 -0.02999798 -0.998033 -134.9213 0 0 0 1
DataSet: 49
8.173828125 -0.966796875 -0.615234375 1.58203125 3.04767440035893 25.048828125 -90.966796875
681.392 266.583 -135.758 744.172
-0.9954994 -0.06408549 0.06981411 681.3918 -0.06619947 0.9974023 -0.02839717 266.5832 -0.0678129 -0.03289102 -0.9971557 -135.7579 0 0 0 1
DataSet: 50
8.173828125 -0.966796875 -0.615234375 1.58203125 3.98813981834799 25.400390625 -91.845703125
678.848 266.215 -140.307 742.557
-0.9958214 -0.07323559 0.05455618 678.8484 -0.07574008 0.996096 -0.04534629 266.2149 -0.05102222 -0.0492889 -0.9974805 -140.3065 0 0 0 1
DataSet: 51
8.173828125 -0.966796875 -0.615234375 1.58203125 5.04077493300222 25.13671875 -91.494140625
679.130 265.915 -146.013 743.806
-0.9955264 -0.07220753 0.06093737 679.13 -0.07616376 0.9949541 -0.06531044 265.9148 -0.05591398 -0.06965948 -0.9960026 -146.0132 0 0 0 1
DataSet: 52
8.0859375 -0.966796875 -0.615234375 1.58203125 6.09427073023911 25.048828125 -91.58203125
678.737 265.445 -150.831 744.241
-0.9953998 -0.07409266 0.06074182 678.7365 -0.07912458 0.9932246 -0.08511356 265.4449 -0.05402397 -0.08952819 -0.994518 -150.8307 0 0 0 1
DataSet: 53
8.0859375 -0.966796875 -0.615234375 1.58203125 7.14586306830365 24.873046875 -91.40625
678.612 264.891 -156.422 745.083
-0.9951516 -0.07452801 0.064179 678.6119 -0.08099102 0.991188 -0.1048174 264.8914 -0.05580163 -0.1095071 -0.9924185 -156.422 0 0 0 1
DataSet: 54
8.173828125 -0.966796875 -0.615234375 1.58203125 8.20969269323572 25.48828125 -91.494140625
674.528 263.966 -162.046 742.244
-0.9941412 -0.08867477 0.06180697 674.5284 -0.09569491 0.9879268 -0.1218319 263.9657 -0.05025735 -0.1270327 -0.9906245 -162.0464 0 0 0 1
DataSet: 55
8.173828125 -0.966796875 -0.615234375 1.58203125 9.01845161045251 24.873046875 -90.615234375
676.719 263.536 -166.779 745.127
-0.9937043 -0.08078693 0.07762279 676.7186 -0.09093668 0.9862988 -0.1376415 263.5364 -0.06543963 -0.1438337 -0.9874358 -166.7785 0 0 0 1
DataSet: 56
8.0859375 -0.966796875 -0.615234375 1.58203125 10.0877068070492 25.6640625 -90.087890625
672.134 262.345 -170.828 741.465
-0.9913242 -0.09764401 0.0879887 672.1336 -0.110275 0.9821305 -0.1525092 262.3453 -0.07152479 -0.160889 -0.9843774 -170.8278 0 0 0 1
DataSet: 57
8.0859375 -0.966796875 -0.615234375 1.58203125 11.0520197962281 26.806640625 -90.791015625
665.823 260.953 -174.632 736.147
-0.9898437 -0.1202735 0.07578681 665.8225 -0.1314811 0.977262 -0.1663484 260.9535 -0.05405625 -0.1746235 -0.9831503 -174.632 0 0 0 1
DataSet: 58
8.173828125 -0.966796875 -0.615234375 1.58203125 12.0076637833183 27.421875 -90.87890625
661.852 259.654 -179.552 733.285
-0.9882528 -0.1340203 0.07345086 661.852 -0.1453654 0.9726645 -0.1810873 259.6537 -0.04717369 -0.1896372 -0.9807203 -179.5519 0 0 0 1
DataSet: 59
8.0859375 -0.966796875 -0.615234375 1.58203125 13.0623241357129 27.333984375 -90.703125
661.518 258.491 -184.227 733.733
-0.9876608 -0.1356765 0.07821766 661.5185 -0.1488615 0.9684662 -0.1997835 258.4914 -0.04864524 -0.2089619 -0.9767131 -184.2269 0 0 0 1
DataSet: 60
8.173828125 -0.966796875 -0.615234375 1.58203125 13.9986753091858 27.24609375 -90.791015625
660.913 257.380 -189.657 734.180
-0.9875706 -0.1373734 0.07637321 660.9131 -0.1509342 0.9644435 -0.2169508 257.3796 -0.04385437 -0.2257815 -0.9731904 -189.6572 0 0 0 1
DataSet: 61
8.173828125 -0.966796875 -0.615234375 1.58203125 15.0514456224401 27.158203125 -90.791015625
660.403 256.027 -194.942 734.632
-0.98725 -0.1391991 0.07720756 660.4025 -0.1537373 0.9595574 -0.2358274 256.0266 -0.04125813 -0.2446902 -0.9687231 -194.9425 0 0 0 1
DataSet: 62
8.173828125 -0.966796875 -0.615234375 1.58203125 16.0842882685575 26.54296875 -90.263671875
662.418 254.833 -200.630 737.557
-0.9873874 -0.1319523 0.08749099 662.4179 -0.1502467 0.9551914 -0.2550202 254.8326 -0.04992014 -0.264949 -0.9629694 -200.6301 0 0 0 1
DataSet: 63
8.173828125 -0.966796875 -0.615234375 1.58203125 17.1143180185966 25.927734375 -91.0546875
664.465 253.531 -206.217 740.484
-0.9893543 -0.1246609 0.07508466 664.4647 -0.1408025 0.9503829 -0.2773932 253.5306 -0.03677911 -0.2850122 -0.957818 -206.2167 0 0 0 1
DataSet: 64
8.0859375 -0.966796875 -0.615234375 1.58203125 18.0482896601892 25.927734375 -91.318359375
663.883 252.040 -210.024 740.523
-0.9892278 -0.1272275 0.07239895 663.8831 -0.1430643 0.9450086 -0.2940941 252.0401 -0.03100077 -0.3012838 -0.9530305 -210.0236 0 0 0 1
DataSet: 65
8.173828125 -0.966796875 -0.615234375 1.58203125 19.0947207073195 25.83984375 -91.669921875
663.192 250.315 -215.803 740.980
-0.9893866 -0.129244 0.06640867 663.192 -0.143652 0.9387724 -0.3131619 250.3145 -0.02186834 -0.319378 -0.9473751 -215.8033 0 0 0 1
DataSet: 66
8.173828125 -0.966796875 -0.615234375 1.58203125 20.0087953163853 25.400390625 -91.494140625
664.510 248.848 -220.579 743.070
-0.9897013 -0.1245132 0.07062405 664.5096 -0.140974 0.9334456 -0.329857 248.8477 -0.02485217 -0.336416 -0.9413855 -220.5788 0 0 0 1
DataSet: 67
8.173828125 -0.966796875 -0.615234375 1.58203125 21.1384900910885 24.609375 -91.40625
667.335 246.984 -226.660 746.802
-0.9906932 -0.1143867 0.07377543 667.3354 -0.1331718 0.926644 -0.3515624 246.9844 -0.02814951 -0.3581152 -0.933253 -226.6603 0 0 0 1
DataSet: 68
8.173828125 -0.966796875 -0.615234375 1.58203125 22.1987154212213 24.9609375 -91.494140625
664.778 244.829 -231.247 745.215
-0.9896272 -0.1235455 0.0733116 664.7776 -0.1419791 0.9189401 -0.3679551 244.8285 -0.02190976 -0.3745471 -0.926949 -231.2473 0 0 0 1
DataSet: 69
8.0859375 -0.966796875 -0.615234375 1.58203125 23.0070395153604 24.873046875 -91.669921875
664.781 243.225 -234.352 745.663
-0.9896462 -0.1240131 0.07225733 664.781 -0.1423161 0.9131573 -0.3819552 243.2251 -0.01861485 -0.3882839 -0.9213518 -234.3516 0 0 0 1
DataSet: 70
8.173828125 -0.966796875 -0.615234375 1.58203125 24.0378547458776 24.609375 -91.58203125
664.954 241.140 -240.005 746.936
-0.9896374 -0.122912 0.07423177 664.9538 -0.1424391 0.9056359 -0.399418 241.1396 -0.01813369 -0.4058525 -0.9137586 -240.0045 0 0 0 1
DataSet: 71
8.0859375 -0.966796875 -0.615234375 1.58203125 24.964034604271 24.609375 -91.58203125
664.464 239.134 -243.481 746.981
-0.989195 -0.1251355 0.07638319 664.464 -0.1456416 0.8984334 -0.4142534 239.1342 -0.01678738 -0.420902 -0.9069508 -243.4812 0 0 0 1
DataSet: 72
8.0859375 -0.966796875 -0.615234375 1.58203125 26.004984583828 24.609375 -91.669921875
663.643 236.805 -248.113 747.033
-0.9888282 -0.1280768 0.07625606 663.6426 -0.1485192 0.8900645 -0.4309609 236.8052 -0.01267671 -0.4374718 -0.8991427 -248.1127 0 0 0 1
DataSet: 73
8.0859375 -0.966796875 -0.615234375 1.58203125 27.1602987907456 24.609375 -91.669921875
662.742 234.126 -253.185 747.091
-0.9882812 -0.1312961 0.07785609 662.7422 -0.1523423 0.8804447 -0.4490088 234.1259 -0.00959488 -0.4556078 -0.8901289 -253.1855 0 0 0 1
DataSet: 74
8.0859375 -0.966796875 -0.615234375 1.58203125 28.0594516909515 24.169921875 -92.900390625
664.167 232.100 -257.470 749.186
-0.9902938 -0.1262539 0.05812139 664.1674 -0.1387426 0.8730297 -0.4675143 232.1 0.008283798 -0.4710404 -0.8820727 -257.4704 0 0 0 1
DataSet: 75
8.0859375 -0.966796875 -0.615234375 1.58203125 29.0960874870685 24.169921875 -93.1640625
663.384 229.555 -261.896 749.242
-0.9901035 -0.1290674 0.05510582 663.3842 -0.1395498 0.8638747 -0.4839901 229.5554 0.01486282 -0.4868903 -0.8733367 -261.8964 0 0 0 1
DataSet: 76
8.0859375 -0.966796875 -0.615234375 1.58203125 30.0165070923874 24.169921875 -93.515625
662.700 227.238 -265.769 749.294
-0.990028 -0.1315314 0.05043911 662.7002 -0.139071 0.8555277 -0.49873 227.2376 0.02244658 -0.5007713 -0.8652886 -265.7691 0 0 0 1
DataSet: 77
8.0859375 -0.966796875 -0.615234375 1.58203125 31.1656134060594 24.169921875 -93.779296875
661.856 224.262 -270.538 749.358
-0.9897568 -0.1345617 0.04769296 661.8563 -0.1397447 0.8448265 -0.5164685 224.2623 0.02920462 -0.517843 -0.854977 -270.5379 0 0 0 1
DataSet: 78
8.173828125 -0.966796875 -0.615234375 1.58203125 32.1349938749965 23.115234375 -95.44921875
665.933 221.894 -276.164 754.301
-0.9926244 -0.1195821 0.0199221 665.9329 -0.1115029 0.836068 -0.5371753 221.8939 0.04758034 -0.5354347 -0.8432353 -276.1637 0 0 0 1
DataSet: 79
8.173828125 -0.966796875 -0.615234375 1.58203125 33.1591842819805 23.02734375 -95.80078125
665.622 219.121 -280.366 754.766
-0.9925653 -0.1207109 0.01559012 665.6218 -0.1091475 0.8260764 -0.5528874 219.1213 0.05386093 -0.5504785 -0.8331101 -280.3664 0 0 0 1
DataSet: 80
8.173828125 -0.966796875 -0.615234375 1.58203125 34.1170529800908 23.73046875 -96.328125
661.589 216.364 -283.481 751.581
-0.9907901 -0.1351778 0.007868342 661.5887 -0.1158548 0.8162159 -0.5660116 216.3636 0.07008993 -0.5617103 -0.8243597 -283.481 0 0 0 1
DataSet: 81
8.0859375 -0.966796875 -0.615234375 1.58203125 35.1683233929304 24.08203125 -97.294921875
659.494 213.334 -286.522 750.026
-0.9896731 -0.1432062 -0.006258526 659.4938 -0.1128467 0.8053002 -0.5820285 213.3343 0.0883901 -0.5753117 -0.8131443 -286.5216 0 0 0 1
DataSet: 82
8.173828125 -0.966796875 -0.615234375 1.58203125 36.2323039458576 24.609375 -97.03125
655.945 210.131 -290.768 747.639
-0.9878483 -0.1554189 -0.0008345457 655.9449 -0.1243993 0.7938824 -0.5952106 210.1312 0.0931695 -0.5878739 -0.8035694 -290.7678 0 0 0 1
DataSet: 83
8.0859375 -0.966796875 -0.615234375 1.58203125 37.0696411343115 25.13671875 -97.20703125
653.180 207.536 -292.689 745.240
-0.9861578 -0.165801 -0.001702707 653.1799 -0.1308687 0.7846093 -0.6060212 207.5359 0.1018149 -0.5974097 -0.7954466 -292.689 0 0 0 1
DataSet: 84
8.173828125 -0.966796875 -0.615234375 1.58203125 38.0959816369906 25.13671875 -97.20703125
652.193 204.454 -297.180 745.301
-0.9856408 -0.1688547 -0.0006253679 652.1932 -0.1321264 0.773545 -0.6198151 204.4539 0.1051425 -0.6108324 -0.7847476 -297.1799 0 0 0 1
DataSet: 85
8.0859375 -0.966796875 -0.615234375 1.58203125 39.1138107504478 25.048828125 -98.26171875
652.282 201.391 -300.269 745.783
-0.9854747 -0.1690676 -0.0159923 652.2825 -0.1204881 0.7624456 -0.6357352 201.3913 0.1196755 -0.6245741 -0.7717415 -300.2694 0 0 0 1
DataSet: 86
8.0859375 -0.966796875 -0.615234375 1.58203125 39.9959792318008 26.103515625 -98.173828125
646.711 198.362 -302.286 740.918
-0.981886 -0.1890131 -0.01318636 646.7111 -0.1360339 0.7516907 -0.6453339 198.3615 0.1318886 -0.6318505 -0.7637868 -302.2859 0 0 0 1
DataSet: 87
8.173828125 -0.966796875 -0.615234375 1.58203125 40.9442622016753 26.54296875 -97.822265625
643.712 195.230 -305.806 738.916
-0.9799275 -0.1992547 -0.00629998 643.712 -0.1463594 0.7405283 -0.6558938 195.2298 0.1353552 -0.6418063 -0.7548269 -305.8055 0 0 0 1
DataSet: 88
8.173828125 -0.966796875 -0.615234375 1.58203125 41.9593433456834 26.455078125 -98.525390625
643.515 192.038 -309.388 739.399
-0.9796616 -0.1999959 -0.01627304 643.5154 -0.1376844 0.7289936 -0.6705306 192.0379 0.1459663 -0.6546525 -0.7417034 -309.3878 0 0 0 1
DataSet: 89
8.0859375 -0.966796875 -0.703125 1.58203125 43.0936821491344 26.455078125 -98.61328125
643.143 187.980 -312.538 739.357
-0.979329 -0.2017372 -0.01472241 643.1425 -0.1371574 0.7157962 -0.684707 187.98 0.1486691 -0.6685342 -0.7286697 -312.5378 0 0 0 1
DataSet: 90
8.173828125 -0.966796875 -0.703125 1.58203125 43.894616596306 26.54296875 -99.580078125
641.943 185.348 -315.738 739.010
-0.9781606 -0.205617 -0.03039052 641.943 -0.1268225 0.7062632 -0.6964972 185.3485 0.1646754 -0.6774319 -0.7169156 -315.738 0 0 0 1
DataSet: 91
8.0859375 -0.966796875 -0.703125 1.58203125 45.0252317949981 26.54296875 -100.1953125
641.633 181.605 -318.722 739.092
-0.9775611 -0.207233 -0.0378009 641.6329 -0.1193571 0.6927641 -0.7112185 181.605 0.173575 -0.6907477 -0.7019539 -318.7223 0 0 0 1
DataSet: 92
8.0859375 -0.966796875 -0.703125 1.58203125 46.0668794723225 26.806640625 -100.458984375
639.805 178.018 -321.712 737.929
-0.9760523 -0.2137913 -0.04018841 639.805 -0.1191274 0.679887 -0.7235761 178.0179 0.1820178 -0.7014606 -0.6890737 -321.7124 0 0 0 1
DataSet: 93
8.0859375 -0.966796875 -0.703125 1.58203125 47.1934958816246 26.806640625 -100.458984375
639.185 174.170 -325.205 738.005
-0.9756611 -0.2160033 -0.03778919 639.1851 -0.1189441 0.6660768 -0.7363382 174.1702 0.184222 -0.7139217 -0.6755576 -325.205 0 0 0 1
DataSet: 94
8.173828125 -0.966796875 -0.703125 1.58203125 48.1690409739575 26.455078125 -100.37109375
639.975 170.899 -329.249 739.716
-0.9765021 -0.2126838 -0.03477561 639.9752 -0.1158981 0.6543147 -0.7472884 170.8993 0.1816904 -0.7256982 -0.6635893 -329.2493 0 0 0 1
DataSet: 95
8.0859375 -0.966796875 -0.703125 1.58203125 49.150796355067 26.19140625 -101.42578125
641.069 167.570 -331.777 741.030
-0.9765804 -0.2092994 -0.04984374 641.0693 -0.0988466 0.6422305 -0.7601114 167.5697 0.191102 -0.737383 -0.6478783 -331.7773 0 0 0 1
DataSet: 96
8.0859375 -0.966796875 -0.703125 1.58203125 50.1572025659626 26.19140625 -101.689453125
640.556 164.019 -334.691 741.102
-0.9760641 -0.2111471 -0.05211172 640.5562 -0.09499434 0.6294627 -0.7712021 164.0194 0.1956395 -0.7477925 -0.6344538 -334.6913 0 0 0 1
DataSet: 97
8.173828125 -0.966796875 -0.615234375 1.58203125 51.073429930492 27.421875 -100.810546875
633.939 160.749 -336.487 735.488
-0.9714736 -0.234383 -0.0361076 633.939 -0.1198315 0.6165544 -0.7781395 160.7491 0.204645 -0.751615 -0.6270528 -336.4866 0 0 0 1
DataSet: 98
8.0859375 -0.966796875 -0.615234375 1.58203125 52.2912713684498 27.333984375 -100.810546875
634.108 156.390 -339.293 735.983
-0.9716291 -0.2342404 -0.03268345 634.1082 -0.1182754 0.6009073 -0.7905197 156.3903 0.2048113 -0.7642263 -0.611564 -339.2928 0 0 0 1
DataSet: 99
8.0859375 -0.966796875 -0.615234375 1.58203125 53.1820819518769 27.333984375 -100.986328125
633.686 153.155 -341.685 736.046
-0.9712298 -0.2357565 -0.03363805 633.6861 -0.115346 0.5892784 -0.7996539 153.1546 0.2083458 -0.7727677 -0.5995183 -341.6853 0 0 0 1
DataSet: 100
8.0859375 -0.966796875 -0.615234375 1.58203125 54.1820728392633 27.333984375 -101.25
633.225 149.493 -344.307 736.117
-0.9707471 -0.2374186 -0.03581112 633.2246 -0.1110276 0.5761108 -0.8097957 149.4926 0.2128917 -0.7821309 -0.585618 -344.3073 0 0 0 1
DataSet: 101
8.0859375 -0.966796875 -0.615234375 1.58203125 55.0584052935165 27.24609375 -101.42578125
633.242 146.280 -346.663 736.593
-0.9707273 -0.2373584 -0.03673556 633.2424 -0.1070721 0.5645591 -0.8184183 146.2801 0.2149978 -0.7905277 -0.5734474 -346.6626 0 0 0 1
DataSet: 102
8.0859375 -0.966796875 -0.615234375 1.58203125 56.3958349714173 27.333984375 -101.42578125
632.237 141.257 -349.884 736.272
-0.9699551 -0.2409482 -0.03363081 632.2374 -0.1069712 0.5465487 -0.8305671 141.2574 0.2185045 -0.8020152 -0.5559022 -349.8843 0 0 0 1
DataSet: 103
8.0859375 -0.966796875 -0.615234375 1.58203125 57.1678353859705 27.333984375 -102.568359375
631.927 138.384 -351.736 736.342
-0.968895 -0.2421308 -0.05113933 631.9265 -0.08967315 0.5361102 -0.8393716 138.3843 0.230654 -0.808677 -0.5411471 -351.7359 0 0 0 1
DataSet: 104
8.0859375 -0.966796875 -0.615234375 1.58203125 58.026159388064 27.158203125 -102.65625
632.394 135.177 -353.991 737.228
-0.9693437 -0.2404529 -0.05054954 632.394 -0.08595658 0.5245826 -0.8470092 135.1771 0.2301832 -0.8166979 -0.5291694 -353.9913 0 0 0 1
DataSet: 105
8.173828125 -0.966796875 -0.615234375 1.58203125 59.0139772846062 27.158203125 -102.744140625
631.617 131.403 -356.933 737.298
-0.9687868 -0.2427583 -0.0502058 631.6173 -0.08372192 0.5110366 -0.855472 131.4032 0.2333299 -0.8245666 -0.5154096 -356.9329 0 0 0 1
DataSet: 106
8.173828125 -0.966796875 -0.615234375 1.58203125 60.114718367219 28.828125 -104.23828125
623.383 126.739 -357.148 729.537
-0.9594298 -0.2723653 -0.07288057 623.3826 -0.07451516 0.4942463 -0.8661224 126.7393 0.2719227 -0.8255529 -0.49449 -357.1484 0 0 0 1
DataSet: 107
8.0859375 -0.966796875 -0.615234375 1.58203125 61.2453041287855 28.30078125 -104.94140625
625.800 122.540 -359.656 732.116
-0.9610265 -0.2642128 -0.08136123 625.7999 -0.0575545 0.4790644 -0.8758909 122.5404 0.2703989 -0.8370716 -0.4756003 -359.6561 0 0 0 1
DataSet: 108
8.173828125 -0.966796875 -0.615234375 1.58203125 61.8534487377752 28.740234375 -104.0625
623.124 120.011 -360.997 730.072
-0.9596971 -0.2732617 -0.06564633 623.1242 -0.07370051 0.4701254 -0.8795171 120.011 0.2712003 -0.8392319 -0.4713175 -360.9973 0 0 0 1
DataSet: 109
8.173828125 -0.966796875 -0.615234375 1.58203125 60.4708062681 27.421875 -104.765625
629.837 125.782 -359.813 736.194
-0.9650594 -0.249264 -0.08079521 629.837 -0.05392001 0.4906539 -0.8696846 125.7819 0.2564236 -0.8349409 -0.4869505 -359.8131 0 0 0 1
DataSet: 110
8.0859375 -0.966796875 -0.615234375 1.58203125 59.6770052542637 28.037109375 -104.0625
627.624 128.659 -356.605 733.234
-0.9636747 -0.2576296 -0.07041421 627.6238 -0.07094491 0.5011008 -0.862476 128.6594 0.2574839 -0.8261507 -0.5011756 -356.6046 0 0 0 1
DataSet: 111
8.0859375 -0.966796875 -0.615234375 1.58203125 58.5635002457663 29.53125 -101.42578125
621.047 132.350 -352.059 726.059
-0.9592532 -0.2810418 -0.02913434 621.0465 -0.1250542 0.5147609 -0.8481643 132.3501 0.2533668 -0.809961 -0.5289315 -352.0593 0 0 0 1
DataSet: 112
8.173828125 -0.966796875 -0.615234375 1.58203125 57.3337316760128 26.89453125 -108.720703125
633.682 138.068 -353.258 738.517
-0.9593664 -0.2358184 -0.1549381 633.6823 0.005198694 0.5342422 -0.8453155 138.0677 0.2821154 -0.8117728 -0.511308 -353.2576 0 0 0 1
DataSet: 113
8.173828125 -0.966796875 -0.615234375 1.58203125 56.5734555776251 26.982421875 -108.720703125
633.596 140.915 -351.311 738.052
-0.9589962 -0.2361352 -0.1567368 633.5963 0.003022897 0.5444682 -0.8387761 140.9154 0.2834027 -0.8048568 -0.5214292 -351.3113 0 0 0 1
DataSet: 114
8.173828125 -0.966796875 -0.615234375 1.58203125 55.5799342253118 26.982421875 -108.6328125
634.033 144.636 -348.855 737.982
-0.9592331 -0.2345739 -0.157629 634.0331 -2.92E-05 0.557832 -0.8299539 144.6362 0.2826161 -0.7961147 -0.5350978 -348.8553 0 0 0 1
DataSet: 115
8.173828125 -0.966796875 -0.615234375 1.58203125 54.5737013886385 26.89453125 -108.6328125
634.904 148.399 -346.409 738.325
-0.9595913 -0.2314662 -0.1600248 634.9036 -0.0009470369 0.5713322 -0.8207183 148.3993 0.2813959 -0.7874026 -0.5484647 -346.4088 0 0 0 1
DataSet: 116
8.173828125 -0.966796875 -0.615234375 1.58203125 53.6967835011767 26.982421875 -103.359375
634.785 151.446 -344.106 737.765
-0.9700766 -0.2315001 -0.07320631 634.785 -0.07805561 0.5828534 -0.8088197 151.446 0.2299104 -0.7789028 -0.5834823 -344.1059 0 0 0 1
DataSet: 117
8.0859375 -0.966796875 -0.615234375 1.58203125 52.4638998305024 26.89453125 -103.447265625
636.145 155.976 -340.256 738.094
-0.9708263 -0.2271177 -0.07690194 636.1454 -0.07702304 0.5990915 -0.7969673 155.976 0.2270767 -0.7677935 -0.5991071 -340.2557 0 0 0 1
DataSet: 118
8.0859375 -0.966796875 -0.703125 1.58203125 51.5103469792505 27.333984375 -101.953125
634.492 158.861 -337.124 735.846
-0.9710143 -0.2328836 -0.0538178 634.4917 -0.1030433 0.6110218 -0.7848786 158.8607 0.2156692 -0.7565829 -0.617308 -337.1238 0 0 0 1
DataSet: 119
8.0859375 -0.966796875 -0.703125 1.58203125 50.6162147857486 27.333984375 -101.689453125
634.931 162.054 -334.624 735.780
-0.9715266 -0.2312984 -0.05135297 634.9313 -0.1072279 0.6225085 -0.7752324 162.0536 0.2112777 -0.7476525 -0.6295852 -334.6241 0 0 0 1
DataSet: 120
8.173828125 -0.966796875 -0.703125 1.58203125 49.5986254381988 27.24609375 -101.953125
635.520 165.698 -332.477 736.127
-0.9717136 -0.2287418 -0.05873578 635.52 -0.1033614 0.6355506 -0.7651091 165.6977 0.212342 -0.7373959 -0.6412162 -332.4775 0 0 0 1
DataSet: 121
8.0859375 -0.966796875 -0.703125 1.58203125 48.5239199541856 27.685546875 -100.8984375
634.339 169.286 -328.135 733.973
-0.9714485 -0.2333858 -0.04264848 634.3392 -0.1228409 0.6485814 -0.7511672 169.2857 0.2029728 -0.7244813 -0.6587328 -328.1345 0 0 0 1
DataSet: 122
8.0859375 -0.966796875 -0.703125 1.58203125 47.6139878239071 27.59765625 -100.283203125
635.226 172.453 -325.528 734.316
-0.9725496 -0.2301759 -0.0341524 635.2258 -0.1302237 0.6600078 -0.7398861 172.4533 0.1928448 -0.7151284 -0.6718647 -325.5279 0 0 0 1
DataSet: 123
8.0859375 -0.966796875 -0.703125 1.58203125 46.551765057488 28.212890625 -99.580078125
632.899 175.842 -321.516 731.337
-0.9708332 -0.2384776 -0.02472241 632.899 -0.1466685 0.6723031 -0.725601 175.8418 0.1896605 -0.7008116 -0.6876714 -321.5163 0 0 0 1
DataSet: 124
8.173828125 -0.966796875 -0.703125 1.58203125 45.5427002177275 28.30078125 -99.931640625
632.720 179.230 -318.901 730.859
-0.9705188 -0.2386765 -0.03356925 632.7199 -0.1435975 0.684437 -0.7147906 179.2296 0.1935798 -0.6888973 -0.6985323 -318.9009 0 0 0 1
DataSet: 125
8.0859375 -0.966796875 -0.703125 1.58203125 44.4547993040146 28.740234375 -100.107421875
631.614 182.678 -314.192 728.714
-0.9692382 -0.2431361 -0.03823899 631.6135 -0.1471101 0.6968424 -0.7019752 182.6776 0.1973221 -0.6747558 -0.7111741 -314.1923 0 0 0 1
DataSet: 126
8.0859375 -0.966796875 -0.703125 1.58203125 43.5055227358984 29.443359375 -97.3828125
628.826 185.394 -310.242 725.288
-0.9674597 -0.2529644 0.00554435 628.8257 -0.1887531 0.7069449 -0.6816166 185.3938 0.1685052 -0.6604831 -0.7316885 -310.2422 0 0 0 1
DataSet: 127
8.0859375 -0.966796875 -0.703125 1.58203125 42.4875343510427 29.53125 -97.734375
629.022 188.661 -306.734 724.808
-0.9676483 -0.2522908 -0.002477634 629.0217 -0.1856546 0.7186495 -0.6701308 188.6611 0.1708484 -0.6479909 -0.7422389 -306.7343 0 0 0 1
DataSet: 128
8.173828125 -0.966796875 -0.703125 1.58203125 41.5909630024087 29.70703125 -97.3828125
628.416 191.428 -304.133 723.912
-0.9672107 -0.2539742 0.0008020051 628.4157 -0.1918745 0.7286398 -0.6574711 191.4283 0.1663963 -0.6360669 -0.7534794 -304.1335 0 0 0 1
DataSet: 129
8.173828125 -0.966796875 -0.703125 1.58203125 40.4810032414086 30.05859375 -97.3828125
627.460 194.734 -299.838 722.170
-0.9663013 -0.2574088 -0.00157112 627.4598 -0.1962268 0.7405494 -0.6427142 194.7338 0.1666038 -0.6207473 -0.7661044 -299.8376 0 0 0 1
DataSet: 130
8.0859375 -0.966796875 -0.703125 1.58203125 39.6501056294662 29.794921875 -97.3828125
629.522 197.456 -296.608 723.369
-0.9681149 -0.2504968 -0.002195649 629.522 -0.1927032 0.7502983 -0.6323906 197.4564 0.1600592 -0.6118037 -0.7746466 -296.6078 0 0 0 1
DataSet: 131
8.0859375 -0.966796875 -0.703125 1.58203125 38.3594928847079 29.53125 -97.294921875
631.574 201.535 -292.323 724.538
-0.9699855 -0.2431443 -0.002973096 631.5743 -0.1898559 0.764926 -0.6155022 201.5349 0.15193 -0.5964637 -0.7881296 -292.3229 0 0 0 1
DataSet: 132
8.0859375 -0.966796875 -0.703125 1.58203125 37.496637160921 28.916015625 -97.3828125
635.019 204.446 -289.938 727.400
-0.9729818 -0.2308113 -0.005706901 635.0187 -0.1803678 0.7753039 -0.6052862 204.4459 0.1441315 -0.5879031 -0.7959875 -289.9381 0 0 0 1
DataSet: 133
8.0859375 -0.966796875 -0.703125 1.58203125 36.6521507736992 28.4765625 -97.646484375
637.645 207.167 -287.328 729.429
-0.9751104 -0.2214218 -0.01149359 637.645 -0.1712359 0.7850026 -0.5953564 207.1666 0.1408474 -0.5785701 -0.8033795 -287.3284 0 0 0 1
DataSet: 134
8.0859375 -0.966796875 -0.703125 1.58203125 35.4858608163016 28.30078125 -97.55859375
639.255 210.636 -283.124 730.187
-0.9763958 -0.2156561 -0.01198931 639.2547 -0.1690208 0.7974532 -0.5792239 210.6359 0.1344741 -0.5635253 -0.8150803 -283.1241 0 0 0 1
DataSet: 135
8.0859375 -0.966796875 -0.703125 1.58203125 34.4699633944134 28.564453125 -96.064453125
638.684 213.359 -278.931 728.864
-0.9759662 -0.2176153 0.01155987 638.6843 -0.1866582 0.8073971 -0.559704 213.3592 0.1124668 -0.5484099 -0.828612 -278.9311 0 0 0 1
DataSet: 136
8.0859375 -0.966796875 -0.703125 1.58203125 32.5537267647034 29.1796875 -95.712890625
637.130 218.305 -270.638 725.835
-0.9746782 -0.223176 0.0139637 637.13 -0.1965501 0.8252692 -0.5294325 218.3045 0.1066328 -0.5187709 -0.8482372 -270.6376 0 0 0 1
DataSet: 137
8.0859375 -0.966796875 -0.703125 1.58203125 31.7474601837277 30.673828125 -95.888671875
630.716 219.543 -265.541 718.689
-0.9691854 -0.246179 0.008693437 630.7159 -0.2154149 0.8298956 -0.5146551 219.5434 0.1194826 -0.5006689 -0.8573533 -265.5407 0 0 0 1
DataSet: 138
8.173828125 -0.966796875 -0.703125 1.58203125 30.4651398628998 30.673828125 -95.625
631.367 222.864 -260.982 718.613
-0.9698806 -0.2433652 0.01024233 631.3666 -0.2164615 0.8418545 -0.4943939 222.8642 0.1116957 -0.4817202 -0.8691776 -260.9825 0 0 0 1
DataSet: 139
8.173828125 -0.966796875 -0.703125 1.58203125 29.5592029781009 31.025390625 -96.064453125
630.404 224.915 -256.777 716.890
-0.9690539 -0.2468465 0.001182183 630.4041 -0.216914 0.8492415 -0.4813909 224.9154 0.1178257 -0.4667501 -0.8765053 -256.7771 0 0 0 1
DataSet: 140
8.0859375 -0.966796875 -0.703125 1.58203125 28.4861745686535 30.76171875 -95.44921875
632.692 227.724 -251.958 718.081
-0.9709343 -0.2390877 0.01111709 632.6923 -0.2169138 0.859353 -0.4630991 227.7239 0.1011678 -0.4520502 -0.8862368 -251.9582 0 0 0 1
DataSet: 141
8.0859375 -0.966796875 -0.703125 1.58203125 27.5434999516024 30.673828125 -95.2734375
633.813 230.034 -248.056 718.447
-0.9718947 -0.2350669 0.01281432 633.8127 -0.2157624 0.8676632 -0.447892 230.0343 0.09416606 -0.4380687 -0.8939959 -248.0564 0 0 0 1
DataSet: 142
8.0859375 -0.966796875 -0.703125 1.58203125 26.5271890313871 31.201171875 -95.2734375
632.128 232.012 -243.031 715.877
-0.970435 -0.24111 0.01103718 632.1281 -0.2222562 0.8748491 -0.4303966 232.0121 0.09411703 -0.420125 -0.9025724 -243.0314 0 0 0 1
DataSet: 143
8.0859375 -0.966796875 -0.703125 1.58203125 25.476579744079 31.2890625 -95.44921875
632.535 234.307 -238.332 715.404
-0.9708328 -0.239667 0.006597872 632.5352 -0.2208236 0.8831066 -0.4139561 234.3072 0.09338499 -0.4033391 -0.910273 -238.3325 0 0 0 1
DataSet: 144
8.0859375 -0.966796875 -0.703125 1.58203125 24.4184549102585 31.2890625 -95.2734375
633.363 236.596 -233.659 715.348
-0.9715492 -0.2366952 0.008220884 633.3628 -0.2205096 0.8913573 -0.3960526 236.5965 0.086416 -0.3865973 -0.918191 -233.6588 0 0 0 1
DataSet: 145
8.0859375 -0.966796875 -0.703125 1.58203125 23.4488876969363 30.849609375 -94.482421875
636.175 238.941 -229.862 717.389
-0.973772 -0.2265758 0.02077293 636.1746 -0.2174306 0.8997846 -0.378301 238.9412 0.06702269 -0.3728956 -0.9254495 -229.8618 0 0 0 1
DataSet: 146
8.0859375 -0.966796875 -0.703125 1.58203125 22.5024062637079 30.76171875 -94.74609375
637.352 240.923 -225.666 717.765
-0.9748418 -0.222377 0.01523295 637.3517 -0.2125612 0.9068899 -0.3638247 240.9233 0.06709164 -0.3579094 -0.9313428 -225.6661 0 0 0 1
DataSet: 147
8.0859375 -0.966796875 -0.703125 1.58203125 21.5709356591874 30.9375 -94.74609375
637.286 242.606 -221.199 716.882
-0.9748044 -0.2226183 0.01405108 637.2855 -0.2135097 0.9129738 -0.347696 242.606 0.06457524 -0.3419357 -0.937502 -221.1995 0 0 0 1
DataSet: 148
8.0859375 -0.966796875 -0.703125 1.494140625 20.4118308365819 31.2890625 -95.09765625
636.776 244.499 -215.284 715.270
-0.9744143 -0.2246164 0.008020905 636.7763 -0.214735 0.9198225 -0.3283527 244.4987 0.06637558 -0.3216739 -0.9445211 -215.2837 0 0 0 1
DataSet: 149
8.0859375 -0.966796875 -0.703125 1.58203125 19.5711118289345 31.025390625 -94.833984375
638.525 246.198 -211.804 716.372
-0.975851 -0.2181908 0.01037118 638.5248 -0.2103606 0.9259189 -0.3137236 246.1977 0.05884872 -0.3083292 -0.9494577 -211.8043 0 0 0 1
DataSet: 150
8.0859375 -0.966796875 -0.703125 1.58203125 18.5083986891772 31.025390625 -95.009765625
639.417 248.010 -206.787 716.327
-0.976592 -0.2150069 0.006331542 639.4174 -0.2072055 0.9324397 -0.2960101 248.0096 0.05774044 -0.290393 -0.9551638 -206.7865 0 0 0 1
DataSet: 151
8.0859375 -0.966796875 -0.703125 1.58203125 17.4660270286631 31.46484375 -95.44921875
638.246 249.346 -201.326 714.188
-0.9756693 -0.2192342 -0.00240893 638.2463 -0.2099264 0.9373032 -0.2781971 249.3456 0.0632482 -0.2709227 -0.960521 -201.3263 0 0 0 1
DataSet: 152
8.0859375 -0.966796875 -0.703125 1.58203125 16.5476565855944 32.080078125 -95.09765625
636.143 250.222 -196.261 711.202
-0.9739497 -0.2267521 0.002363424 636.1434 -0.2196114 0.9405794 -0.2590004 250.222 0.05650588 -0.2527724 -0.9658743 -196.2609 0 0 0 1
DataSet: 153
8.0859375 -0.966796875 -0.703125 1.58203125 15.4796059182256 32.080078125 -95.009765625
637.057 251.757 -191.111 711.158
-0.9747044 -0.2234776 0.00299244 637.0566 -0.2176606 0.9461233 -0.2397385 251.7567 0.05074496 -0.2343255 -0.9708329 -191.111 0 0 0 1
DataSet: 154
8.0859375 -0.966796875 -0.703125 1.58203125 14.6337738749392 31.728515625 -94.39453125
639.422 253.199 -187.397 712.803
-0.9765338 -0.214967 0.01307377 639.4219 -0.2124036 0.9513016 -0.2234053 253.199 0.03558768 -0.2209398 -0.9746379 -187.3968 0 0 0 1
DataSet: 155
8.0859375 -0.966796875 -0.703125 1.58203125 13.4603629309326 32.080078125 -94.21875
638.793 254.375 -181.284 711.074
-0.9760085 -0.2172147 0.01500809 638.7927 -0.2157609 0.9556148 -0.2006181 254.375 0.02923523 -0.1990431 -0.9795546 -181.2837 0 0 0 1
DataSet: 156
8.0859375 -0.966796875 -0.703125 1.58203125 12.5125482907808 32.16796875 -93.69140625
639.202 255.397 -176.539 710.614
-0.9761764 -0.21572 0.02333559 639.2019 -0.2163338 0.959346 -0.1812592 255.3975 0.01671435 -0.1819893 -0.9831585 -176.5388 0 0 0 1
DataSet: 157
8.0859375 -0.966796875 -0.703125 1.58203125 11.5697477196629 32.431640625 -92.8125
638.783 256.167 -171.627 709.310
-0.9754094 -0.2171743 0.03757228 638.7827 -0.2203959 0.962207 -0.1599478 256.1674 -0.001415755 -0.1642954 -0.9864101 -171.627 0 0 0 1
DataSet: 158
8.0859375 -0.966796875 -0.703125 1.58203125 10.4978435384254 32.431640625 -92.4609375
639.725 257.222 -166.301 709.272
-0.9759334 -0.2137804 0.04303251 639.7249 -0.2177478 0.9660341 -0.1391546 257.2221 -0.01182234 -0.1451759 -0.9893352 -166.3008 0 0 0 1
DataSet: 159
8.0859375 -0.966796875 -0.703125 1.58203125 9.43524697819 32.783203125 -92.021484375
639.016 257.829 -160.647 707.549
-0.9750578 -0.216298 0.0497731 639.0162 -0.220763 0.9683082 -0.1168032 257.8291 -0.02293142 -0.1248779 -0.9919071 -160.647 0 0 0 1
DataSet: 160
8.0859375 -0.966796875 -0.703125 1.58203125 8.48291814853154 32.87109375 -92.021484375
639.454 258.497 -155.775 707.099
-0.9754254 -0.2147301 0.04935952 639.4542 -0.2187134 0.9707469 -0.0990705 258.4974 -0.02664218 -0.1074315 -0.9938555 -155.7754 0 0 0 1
DataSet: 161
8.0859375 -0.966796875 -0.703125 1.58203125 7.64722746144991 32.87109375 -91.93359375
640.201 259.086 -151.565 707.075
-0.9759476 -0.2120509 0.05060464 640.2008 -0.2157117 0.9728864 -0.08342883 259.0862 -0.03154141 -0.09233817 -0.995228 -151.5647 0 0 0 1
DataSet: 162
8.0859375 -0.966796875 -0.703125 1.58203125 6.45473274989698 32.958984375 -92.021484375
640.862 259.726 -145.444 706.622
-0.976552 -0.2096898 0.04874811 640.8615 -0.2124761 0.9752284 -0.06151039 259.7258 -0.03464244 -0.07042591 -0.9969153 -145.4436 0 0 0 1
DataSet: 163
8.0859375 -0.966796875 -0.703125 1.58203125 5.51066498786119 33.662109375 -91.93359375
638.418 259.490 -140.005 703.217
-0.9745943 -0.2184422 0.04948739 638.418 -0.2205109 0.9745194 -0.04107035 259.4902 -0.03925493 -0.05093943 -0.99793 -140.0046 0 0 0 1
DataSet: 164
8.0859375 -0.966796875 -0.703125 1.58203125 4.43400095936055 33.75 -92.109375
638.980 259.835 -134.453 702.771
-0.9751969 -0.2164403 0.04630933 638.9796 -0.217597 0.9758012 -0.02153233 259.8351 -0.04052823 -0.03107503 -0.9986951 -134.453 0 0 0 1
DataSet: 165
8.0859375 -0.966796875 -0.703125 1.58203125 3.48026587410806 34.189453125 -92.28515625
637.788 259.658 -129.207 700.635
-0.9743925 -0.2207224 0.04290533 637.7875 -0.2210462 0.975259 -0.002896194 259.6576 -0.04120455 -0.01230609 -0.9990749 -129.2069 0 0 0 1
DataSet: 166
8.0859375 -0.966796875 -0.703125 1.58203125 2.5202842294571 34.189453125 -92.197265625
638.653 259.861 -124.330 700.616
-0.9750226 -0.2176183 0.0444201 638.6525 -0.2171482 0.9760202 0.01520645 259.8605 -0.04666411 0.005180886 -0.9988972 -124.3298 0 0 0 1
DataSet: 167
8.0859375 -0.966796875 -0.703125 1.58203125 1.55806192038441 33.75 -90.966796875
641.562 260.441 -119.852 702.706
-0.9760964 -0.207127 0.06583445 641.5618 -0.2051367 0.9780802 0.03575155 260.4411 -0.07179648 0.0213919 -0.9971899 -119.8523 0 0 0 1
DataSet: 168
8.0859375 -0.966796875 -0.703125 1.58203125 -1.54835706751584 31.640625 -90.615234375
654.318 262.221 -105.701 712.787
-0.984098 -0.1614091 0.07414994 654.3179 -0.1550304 0.9842477 0.08498272 262.2214 -0.0866989 0.07213583 -0.9936195 -105.701 0 0 0 1
DataSet: 169
8.0859375 -0.966796875 -0.703125 1.58203125 0.593665511907632 30.498046875 -90.3515625
657.771 263.444 -117.672 718.270
-0.9856709 -0.1490283 0.07901505 657.7709 -0.1461198 0.9883991 0.04142733 263.4444 -0.08427225 0.02928805 -0.9960123 -117.6723 0 0 0 1
DataSet: 170
8.173828125 -0.966796875 -0.703125 1.58203125 -0.474164465520605 29.8828125 -90.17578125
661.550 263.827 -113.374 721.184
-0.9874806 -0.1350137 0.08156817 661.5496 -0.1304697 0.9897128 0.05870546 263.8273 -0.0886551 0.04732833 -0.9949374 -113.3737 0 0 0 1
DataSet: 171
8.0859375 -0.966796875 -0.703125 1.58203125 -1.54314902007317 30.41015625 -89.736328125
660.135 263.237 -106.752 718.657
-0.9859686 -0.1405308 0.09009491 660.1348 -0.1333183 0.987705 0.08164001 263.237 -0.1004601 0.06848318 -0.9925814 -106.7521 0 0 0 1
DataSet: 172
8.0859375 -0.966796875 -0.703125 1.58203125 -2.49447794673901 30.673828125 -89.296875
659.746 262.763 -101.661 717.387
-0.9850408 -0.1419019 0.09776733 659.7457 -0.1320058 0.9860694 0.1012005 262.7629 -0.1107659 0.08678077 -0.9900505 -101.6609 0 0 0 1
DataSet: 173
8.0859375 -0.966796875 -0.703125 1.58203125 -3.56339368050538 30.673828125 -89.12109375
660.718 262.356 -96.177 717.376
-0.9851926 -0.1384106 0.1011833 660.7181 -0.1259074 0.9846375 0.1209808 262.3556 -0.1163739 0.1064496 -0.9874845 -96.17656 0 0 0 1
DataSet: 174
8.0859375 -0.966796875 -0.703125 1.58203125 -4.63106095665651 30.5859375 -88.857421875
662.104 261.906 -90.781 717.787
-0.985347 -0.1334345 0.1062377 662.1038 -0.1179842 0.9830396 0.1404022 261.9062 -0.1231703 0.1258105 -0.9843784 -90.78132 0 0 0 1
DataSet: 175
8.0859375 -0.966796875 -0.703125 1.58203125 -5.46070249282473 30.498046875 -88.76953125
663.274 261.494 -86.608 718.201
-0.9856914 -0.1292392 0.1082118 663.274 -0.1116745 0.9815706 0.1550741 261.494 -0.1262591 0.1407707 -0.9819584 -86.60789 0 0 0 1
DataSet: 176
8.0859375 -0.966796875 -0.703125 1.58203125 -6.51801392286308 29.8828125 -88.41796875
667.158 261.245 -81.684 721.125
-0.9866255 -0.1153143 0.1152076 667.158 -0.09456978 0.9806112 0.1716339 261.2452 -0.1327657 0.1584432 -0.9784012 -81.68448 0 0 0 1
DataSet: 177
8.0859375 -0.966796875 -0.703125 1.58203125 -7.5508221071978 28.125 -85.166015625
676.452 261.601 -77.861 729.442
-0.9815742 -0.08190112 0.1726389 676.4523 -0.04945536 0.9815903 0.1844847 261.601 -0.1845702 0.1725475 -0.9675542 -77.86127 0 0 0 1
DataSet: 178
8.0859375 -0.966796875 -0.703125 1.58203125 -8.49208528326767 28.037109375 -83.671875
677.708 260.841 -73.194 729.852
-0.9769787 -0.07734957 0.1988204 677.7082 -0.03651846 0.978836 0.2013615 260.8413 -0.2101878 0.1894653 -0.9591267 -73.19397 0 0 0 1
DataSet: 179
8.0859375 -0.966796875 -0.703125 1.58203125 -9.43463634367542 28.037109375 -83.232421875
678.552 259.939 -68.433 729.852
-0.9755231 -0.07431299 0.2069594 678.552 -0.02812888 0.9756052 0.2177228 259.9394 -0.2180903 0.2065721 -0.9538158 -68.43344 0 0 0 1
DataSet: 180
8.0859375 -0.966796875 -0.703125 1.58203125 -10.4968115184924 28.125 -82.353515625
679.074 258.776 -63.047 729.439
-0.9722051 -0.07241606 0.2226503 679.0736 -0.0181726 0.9714361 0.2366046 258.7758 -0.2334245 0.2259821 -0.9457511 -63.0474 0 0 0 1
DataSet: 181
8.0859375 -0.966796875 -0.703125 1.58203125 -11.4388397336069 28.125 -81.650390625
679.906 257.700 -58.352 729.442
-0.9694356 -0.06941435 0.2353214 679.9059 -0.007990937 0.9675665 0.25249 257.6996 -0.2452156 0.2428923 -0.9385481 -58.35188 0 0 0 1
DataSet: 182
8.0859375 -0.966796875 -0.703125 1.58203125 -12.5925777109719 27.333984375 -80.15625
684.710 256.696 -53.227 733.180
-0.9636958 -0.05217965 0.2618545 684.7097 0.02004338 0.9638132 0.2658238 256.6959 -0.2662494 0.2614217 -0.9277769 -53.22674 0 0 0 1
DataSet: 183
8.173828125 -0.966796875 -0.703125 1.58203125 -13.5319600058714 27.333984375 -79.892578125
685.483 255.436 -49.301 733.188
-0.9626856 -0.04893102 0.2661618 685.4826 0.02890999 0.9592953 0.2809213 255.4363 -0.2690735 0.2781337 -0.9220852 -49.3009 0 0 0 1
DataSet: 184
8.0859375 -0.966796875 -0.703125 1.58203125 -14.5852928519905 27.24609375 -76.46484375
686.856 254.009 -43.596 733.616
-0.9445975 -0.04441923 0.3252116 686.856 0.05647613 0.954029 0.2943451 254.0086 -0.3233359 0.2964044 -0.8986648 -43.59604 0 0 0 1
DataSet: 185
8.0859375 -0.966796875 -0.703125 1.58203125 -15.4814024482122 26.015625 -75.146484375
693.543 253.197 -40.150 739.406
-0.9372458 -0.02047442 0.3480675 693.5427 0.08929734 0.9508845 0.2963861 253.1965 -0.3370403 0.3088681 -0.8893842 -40.14972 0 0 0 1
DataSet: 186
8.0859375 -0.966796875 -0.703125 1.58203125 -16.527207078765 25.83984375 -74.267578125
695.287 251.593 -35.234 740.246
-0.9315019 -0.01422436 0.3634582 695.2866 0.1061942 0.9450657 0.3091498 251.5926 -0.3478893 0.3265708 -0.87882 -35.23406 0 0 0 1
DataSet: 187
8.0859375 -0.966796875 -0.703125 1.58203125 -17.584671729798 26.015625 -74.443359375
695.344 249.728 -30.013 739.438
-0.9322016 -0.01401856 0.3616679 695.3445 0.1126202 0.9384106 0.326653 249.728 -0.3439722 0.3452376 -0.8732091 -30.01283 0 0 0 1
DataSet: 188
8.0859375 -0.966796875 -0.703125 1.58203125 -18.51851680184 26.015625 -74.00390625
696.133 248.068 -25.578 739.455
-0.9290391 -0.01119134 0.3698124 696.1334 0.1238841 0.9324348 0.3394378 248.0683 -0.3486247 0.3611649 -0.8648819 -25.57822 0 0 0 1
DataSet: 189
8.0859375 -0.966796875 -0.703125 1.58203125 -19.5794334705323 26.279296875 -73.30078125
695.751 245.996 -20.412 738.242
-0.923935 -0.01255118 0.3823435 695.7514 0.1344923 0.9250009 0.3553663 245.9964 -0.3581284 0.3797576 -0.8529527 -20.41226 0 0 0 1
DataSet: 190
8.0859375 -0.966796875 -0.703125 1.58203125 -20.5124375485219 26.279296875 -72.7734375
696.524 244.186 -16.073 738.262
-0.9199498 -0.009783069 0.3919142 696.5241 0.1466918 0.9184777 0.3672606 244.1864 -0.3635574 0.3953519 -0.8435182 -16.07349 0 0 0 1
DataSet: 191
8.0859375 -0.966796875 -0.703125 1.58203125 -21.4167007255603 25.6640625 -72.509765625
700.229 242.586 -12.326 741.162
-0.9177097 0.003473264 0.3972365 700.2295 0.1652854 0.9126353 0.3738684 242.5856 -0.3612335 0.4087601 -0.8381083 -12.32554 0 0 0 1
DataSet: 192
8.0859375 -0.966796875 -0.703125 1.58203125 -22.5712980793043 25.48828125 -71.982421875
702.014 240.221 -7.183 742.012
-0.9133496 0.009858442 0.407057 702.0139 0.1820598 0.9040956 0.3866074 240.2208 -0.3642071 0.4272164 -0.8275502 -7.182589 0 0 0 1
DataSet: 193
8.0859375 -0.966796875 -0.703125 1.58203125 -23.487648008134 25.224609375 -71.630859375
704.020 238.305 -3.235 743.266
-0.9102262 0.01703489 0.4137608 704.0201 0.1965883 0.8971652 0.3955346 238.3049 -0.3644739 0.4413665 -0.8199722 -3.234845 0 0 0 1
DataSet: 194
8.0859375 -0.966796875 -0.703125 1.58203125 -24.437652986487 25.6640625 -71.19140625
702.656 236.029 1.305 741.240
-0.9065108 0.0121585 0.4220076 702.6564 0.2029769 0.8890293 0.4103988 236.0289 -0.3701873 0.4576887 -0.8083826 1.30467 0 0 0 1
DataSet: 195
8.0859375 -0.966796875 -0.703125 1.58203125 -25.5879468074961 25.48828125 -69.521484375
704.406 233.432 6.202 742.102
-0.8929818 0.01841279 0.4497159 704.4056 0.228338 0.8795729 0.4173887 233.4316 -0.3878726 0.4754077 -0.7896469 6.202328 0 0 0 1
DataSet: 196
8.0859375 -0.966796875 -0.703125 1.58203125 -26.44774957467 26.3671875 -68.642578125
700.834 231.076 10.499 738.020
-0.8854926 0.00563292 0.4646194 700.8336 0.2324565 0.8711709 0.4324642 231.0762 -0.4023269 0.4909477 -0.7727247 10.4994 0 0 0 1
DataSet: 197
8.0859375 -0.966796875 -0.703125 1.58203125 -27.4909286945195 26.3671875 -68.818359375
701.629 228.495 14.988 738.050
-0.886138 0.00847848 0.4633439 701.629 0.2413983 0.8619171 0.4458987 228.4945 -0.3955835 0.5069783 -0.7658242 14.9883 0 0 0 1
DataSet: 198
8.0859375 -0.966796875 -0.703125 1.58203125 -28.5492949683232 26.630859375 -68.02734375
701.154 225.719 19.607 736.852
-0.8788511 0.006773221 0.477048 701.1539 0.2548711 0.8519298 0.4574455 225.7192 -0.403313 0.5236123 -0.7504457 19.60694 0 0 0 1
DataSet: 199
8.0859375 -0.966796875 -0.703125 1.58203125 -29.4863985005158 26.806640625 -67.236328125
701.002 223.223 23.597 736.063
-0.8714219 0.006220893 0.4904949 701.0016 0.2684607 0.8429291 0.4662612 223.2226 -0.4105518 0.5379888 -0.7362169 23.59665 0 0 0 1
DataSet: 200
8.0859375 -0.966796875 -0.703125 1.58203125 -30.4233083861497 26.982421875 -66.796875
700.839 220.662 27.540 735.272
-0.8668442 0.005632206 0.4985473 700.8386 0.2793551 0.833722 0.476307 220.6615 -0.4129672 0.5521557 -0.7242804 27.54021 0 0 0 1
DataSet: 201
8.0859375 -0.966796875 -0.703125 1.58203125 -31.4388089589755 26.630859375 -66.26953125
703.268 218.037 31.430 736.963
-0.8612552 0.01431443 0.5079711 703.2682 0.2977827 0.8242151 0.4816587 218.0371 -0.4117828 0.566096 -0.7141221 31.42977 0 0 0 1
DataSet: 202
8.0859375 -0.966796875 -0.703125 1.58203125 -32.5016773295567 26.982421875 -66.181640625
702.323 214.933 35.871 735.351
-0.8595439 0.01093174 0.510945 702.3231 0.3050522 0.8131075 0.4957816 214.933 -0.4100334 0.5820109 -0.7022364 35.87082 0 0 0 1
DataSet: 203
8.0859375 -0.966796875 -0.703125 1.58203125 -33.4367194917574 27.158203125 -66.005859375
702.126 212.199 39.631 734.561
-0.8571047 0.01022153 0.5150409 702.1256 0.3137713 0.8032989 0.5062197 212.1987 -0.4085575 0.5954884 -0.6917185 39.63124 0 0 0 1
DataSet: 204
8.0859375 -0.966796875 -0.703125 1.58203125 -34.4661838052781 27.0703125 -64.951171875
703.260 209.263 43.519 735.023
-0.8464274 0.01425978 0.532313 703.2597 0.3340797 0.7926583 0.509984 209.2629 -0.4146701 0.6094995 -0.6756916 43.51935 0 0 0 1
DataSet: 205
8.0859375 -0.966796875 -0.703125 1.58203125 -35.5076827805366 27.158203125 -64.16015625
703.540 206.156 47.490 734.659
-0.8379152 0.01524465 0.5455875 703.5397 0.3503935 0.7814462 0.5163005 206.1564 -0.4184765 0.6237863 -0.6601273 47.48988 0 0 0 1
DataSet: 206
8.0859375 -0.966796875 -0.703125 1.58203125 -36.4843851179408 27.861328125 -64.16015625
700.786 202.916 51.491 731.387
-0.8369662 0.005393096 0.547228 700.7859 0.3526983 0.7698943 0.5318521 202.9161 -0.4184394 0.6381487 -0.6462776 51.49132 0 0 0 1
DataSet: 207
8.0859375 -0.966796875 -0.703125 1.58203125 -37.5101878321015 27.7734375 -63.80859375
701.878 199.811 55.183 731.848
-0.8324608 0.009289296 0.5540061 701.8778 0.3667617 0.7587032 0.5383821 199.8105 -0.415325 0.6513702 -0.6349976 55.18287 0 0 0 1
DataSet: 208
8.0859375 -0.966796875 -0.703125 1.58203125 -38.4743957171026 28.30078125 -63.193359375
699.944 196.588 58.873 729.407
-0.8254136 0.002358271 0.5645236 699.9444 0.376678 0.7471338 0.5476356 196.5877 -0.4204832 0.6646695 -0.6175827 58.87261 0 0 0 1
DataSet: 209
8.0859375 -0.966796875 -0.703125 1.58203125 -39.4575931719302 29.00390625 -62.314453125
697.162 193.171 62.609 726.134
-0.8154907 -0.007617519 0.57872 697.1622 0.3879327 0.7348583 0.5563196 193.1709 -0.429515 0.6781778 -0.5963151 62.60878 0 0 0 1
DataSet: 210
8.0859375 -0.966796875 -0.703125 1.58203125 -40.453843269127 29.794921875 -61.69921875
693.948 189.593 66.325 722.432
-0.8079163 -0.01913347 0.5889865 693.9484 0.3963225 0.7220342 0.5670936 189.5925 -0.4361189 0.6915928 -0.5757602 66.32466 0 0 0 1
DataSet: 211
8.0859375 -0.966796875 -0.703125 1.58203125 -41.5416582353739 30.322265625 -61.69921875
692.047 185.773 70.164 719.975
-0.8064699 -0.02593981 0.5907058 692.0469 0.4021112 0.7083756 0.5800954 185.7732 -0.4334891 0.7053589 -0.5608529 70.16381 0 0 0 1
DataSet: 212
8.0859375 -0.966796875 -0.703125 1.58203125 -42.487638522971 30.5859375 -61.083984375
691.329 182.530 73.342 718.771
-0.798833 -0.02852916 0.600876 691.3289 0.4151681 0.6966951 0.5850226 182.5302 -0.4353176 0.7167999 -0.5446986 73.34229 0 0 0 1
DataSet: 213
8.0859375 -0.966796875 -0.703125 1.58203125 -43.652485345923 30.76171875 -60.908203125
691.145 178.551 77.138 717.992
-0.7954679 -0.0291952 0.6052921 691.1453 0.4266146 0.6824066 0.5935665 178.5512 -0.4303846 0.7303895 -0.5303774 77.13755 0 0 0 1
DataSet: 214
8.0859375 -0.966796875 -0.703125 1.58203125 -44.4857494811904 30.05859375 -61.435546875
695.012 176.090 79.577 721.375
-0.8001509 -0.01534892 0.5996023 695.0121 0.4349225 0.6735559 0.5976328 176.0902 -0.4130387 0.7389769 -0.5322708 79.57669 0 0 0 1
DataSet: 215
8.0859375 -0.966796875 -0.703125 1.58203125 -45.4705080735104 29.70703125 -61.259765625
697.258 172.897 82.511 723.098
-0.7970763 -0.007323345 0.6038342 697.258 0.4486934 0.6620386 0.6003158 172.8967 -0.4041579 0.7494339 -0.5244094 82.51095 0 0 0 1
DataSet: 216
8.0859375 -0.966796875 -0.703125 1.58203125 -46.7611008918372 30.05859375 -61.34765625
696.245 168.249 86.517 721.492
-0.7962534 -0.01094848 0.6048642 696.2452 0.4564036 0.6453992 0.6124995 168.2489 -0.3970848 0.763767 -0.5089044 86.51733 0 0 0 1
DataSet: 217
8.0859375 -0.966796875 -0.703125 1.58203125 -47.6472580857528 29.8828125 -60.99609375
697.564 165.233 89.067 722.378
-0.7913451 -0.006246808 0.6113378 697.5635 0.4693725 0.6345212 0.6140621 165.2335 -0.3917427 0.7728802 -0.4991932 89.0666 0 0 0 1
DataSet: 218
8.0859375 -0.966796875 -0.703125 1.58203125 -48.6442054610261 29.70703125 -61.69921875
698.920 161.757 91.905 723.257
-0.7974437 -0.001377413 0.6033917 698.92 0.4717315 0.6221074 0.6248614 161.7571 -0.3762352 0.7829307 -0.4954459 91.90525 0 0 0 1
DataSet: 219
8.0859375 -0.966796875 -0.703125 1.58203125 -49.5256715329155 29.53125 -60.556640625
700.224 158.714 94.310 724.153
-0.7840039 0.003246735 0.6207475 700.2236 0.4929394 0.6110413 0.6193862 158.7135 -0.3772914 0.7915921 -0.4806592 94.30965 0 0 0 1
DataSet: 220
8.0859375 -0.966796875 -0.703125 1.58203125 -50.6282583753857 30.234375 -60.380859375
697.352 154.424 97.532 720.874
-0.7804976 -0.00703434 0.6251192 697.3524 0.4988397 0.59569 0.6295335 154.424 -0.3768056 0.8031837 -0.4614256 97.53204 0 0 0 1
DataSet: 221
8.0859375 -0.966796875 -0.703125 1.58203125 -51.5518694928279 30.41015625 -60.46875
696.938 150.977 100.050 720.088
-0.7801068 -0.008518505 0.6255884 696.9378 0.5042509 0.5833437 0.6367426 150.9766 -0.3703572 0.8121808 -0.4507749 100.0502 0 0 0 1
DataSet: 222
8.0859375 -0.966796875 -0.703125 1.58203125 -52.3862145284724 30.76171875 -60.99609375
695.614 147.737 102.321 718.453
-0.7845851 -0.01323886 0.6198798 695.6144 0.502624 0.5718084 0.6483859 147.7366 -0.3630364 0.8202804 -0.4419782 102.3212 0 0 0 1
DataSet: 223
8.0859375 -0.966796875 -0.703125 1.58203125 -54.4673292839264 31.201171875 -61.962890625
694.402 139.778 107.656 716.465
-0.7918831 -0.01755383 0.6104204 694.4022 0.5049212 0.5434018 0.6706482 139.7776 -0.343476 0.8392892 -0.4214474 107.656 0 0 0 1
DataSet: 224
8.0859375 -0.966796875 -0.703125 1.58203125 -55.5657747548935 31.81640625 -59.677734375
691.906 135.442 110.328 713.618
-0.7650803 -0.02656689 0.6433865 691.9059 0.5359309 0.5276202 0.6590865 135.4425 -0.3569736 0.8490648 -0.3894338 110.3285 0 0 0 1
DataSet: 225
8.0859375 -0.966796875 -0.703125 1.58203125 -56.5574123303752 33.134765625 -60.29296875
685.911 131.023 112.714 707.351
-0.7698494 -0.04799897 0.6364182 685.9111 0.5281441 0.5119355 0.677485 131.0227 -0.3583236 0.8576819 -0.3687628 112.714 0 0 0 1
DataSet: 226
8.0859375 -0.966796875 -0.703125 1.58203125 -57.5938793932054 33.310546875 -60.29296875
685.473 127.002 115.051 706.569
-0.7681835 -0.04957012 0.6383078 685.4734 0.5351665 0.4975209 0.682693 127.0024 -0.3514127 0.8660345 -0.3556591 115.0505 0 0 0 1
DataSet: 227
8.0859375 -0.966796875 -0.703125 1.58203125 -58.5325136538709 33.57421875 -60.29296875
684.559 123.286 117.096 705.359
-0.7665904 -0.05284718 0.6399581 684.559 0.5408071 0.4842027 0.6878048 123.2858 -0.346218 0.8733584 -0.342605 117.0959 0 0 0 1
DataSet: 228
8.0859375 -0.966796875 -0.703125 1.58203125 -59.4222746246833 34.189453125 -60.029296875
681.913 119.565 118.934 702.458
-0.7618325 -0.0623304 0.6447682 681.913 0.5471647 0.4708608 0.6920267 119.565 -0.3467304 0.8800029 -0.3246121 118.9344 0 0 0 1
