-26.71875 9.84375 -1.318359375 1.58203125 0.573845359801656 -8.61328125 -92.197265625 0.439453125
-24.169921875 9.84375 1.318359375 1.58203125 -0.458497657352217 -6.240234375 -90.087890625 -0.3515625
-21.62109375 9.84375 -1.0546875 1.58203125 1.37409194378863 -3.251953125 -89.47265625 1.0546875
-16.69921875 10.283203125 1.58203125 1.58203125 1.71703978229093 -1.142578125 -64.6875 1.318359375
-16.69921875 17.40234375 1.669921875 1.58203125 -1.71702805416264 -1.0546875 -67.763671875 -1.318359375
-16.962890625 17.666015625 -0.17578125 1.58203125 1.48821866194565 -1.845703125 -75.76171875 1.142578125
-9.931640625 17.75390625 2.197265625 1.58203125 -1.14465499178078 -0.263671875 -69.9609375 -0.87890625
20.654296875 -20.390625 2.109375 1.58203125 0.114475194103136 -1.494140625 -79.1015625 0.087890625
24.345703125 -20.390625 1.93359375 1.58203125 -1.03039386678374 -2.373046875 -63.896484375 -0.791015625
27.59765625 -20.302734375 2.197265625 1.58203125 -1.03063952705852 -3.515625 -64.423828125 -0.791015625
30.9375 -18.984375 -0.439453125 1.58203125 0.458552627667172 -6.50390625 -61.962890625 0.3515625
34.1015625 -17.75390625 0 1.58203125 0.343748553701511 -5.361328125 -62.75390625 0.263671875
35.5078125 -16.787109375 -0.439453125 1.58203125 -0.229876800079773 -10.72265625 -57.568359375 -0.17578125
-1.845703125 -30.673828125 1.845703125 1.58203125 0 -5.09765625 -110.478515625 0
2.724609375 -30.322265625 1.494140625 1.58203125 1.03073440617482 -3.8671875 -115.83984375 0.791015625
14.58984375 -39.55078125 1.669921875 1.58203125 -0.343571993397812 -3.779296875 -110.7421875 -0.263671875
21.181640625 -42.978515625 1.0546875 1.58203125 1.25940469166733 -2.548828125 -102.83203125 0.966796875
25.3125 -43.154296875 1.142578125 1.58203125 -0.343443660239223 -1.93359375 -101.865234375 -0.263671875
31.904296875 -48.427734375 1.40625 1.58203125 -0.229027511121331 -3.427734375 -95.44921875 -0.17578125
35.068359375 -47.548828125 1.40625 1.58203125 5.49392887528968 -1.7578125 -83.759765625 4.21875
35.947265625 -48.33984375 2.724609375 1.58203125 11.6664210670419 1.494140625 -89.736328125 8.96484375
44.384765625 -46.494140625 2.021484375 1.58203125 0.916278216383471 -4.130859375 -76.9921875 0.703125
50.009765625 -46.318359375 0.087890625 1.58203125 1.14623615117896 -6.240234375 -73.388671875 0.87890625
43.681640625 -33.3984375 0.52734375 1.58203125 2.06243744200088 -5.361328125 -68.818359375 1.58203125
38.408203125 -20.0390625 1.40625 1.58203125 -5.37992009109716 -2.28515625 -55.72265625 -4.130859375
60.64453125 -49.130859375 -2.197265625 1.58203125 -1.37387199147288 -2.4609375 -64.951171875 -1.0546875
58.18359375 -53.0859375 0.615234375 1.58203125 0 -2.197265625 -78.3984375 0
49.306640625 -54.140625 1.93359375 1.58203125 -1.48803933694645 0 -81.826171875 -1.142578125
45.17578125 -57.48046875 1.7578125 1.58203125 -0.343398238516253 0 -89.6484375 -0.263671875
36.38671875 -57.65625 0.17578125 1.58203125 -0.457976714463437 -2.63671875 -105.029296875 -0.3515625
28.564453125 -50.712890625 1.0546875 1.58203125 -1.37379384704143 -2.109375 -98.7890625 -1.0546875
6.240234375 -29.8828125 2.109375 1.58203125 2.28947334368619 1.669921875 -113.466796875 1.7578125
-1.58203125 -29.794921875 1.0546875 1.58203125 1.14543576145571 -4.39453125 -116.455078125 0.87890625
-15.205078125 -16.083984375 1.23046875 1.58203125 1.7170806006604 -1.40625 -108.10546875 1.318359375
-53.525390625 50.009765625 2.197265625 1.58203125 0.801330841102534 -1.58203125 -92.548828125 0.615234375
-53.7890625 59.853515625 3.076171875 1.58203125 0.457969322775663 -2.548828125 -78.046875 0.3515625
-50.009765625 67.236328125 0.791015625 1.58203125 -0.572332141376909 -0.3515625 -68.37890625 -0.439453125
-45.52734375 68.5546875 2.109375 1.58203125 -2.06041678813791 -1.0546875 -63.544921875 -1.58203125
-44.6484375 69.169921875 2.197265625 1.58203125 2.28981078513596 -2.63671875 -76.46484375 1.7578125
-39.990234375 68.994140625 2.109375 1.58203125 -2.17481356410329 -0.52734375 -49.833984375 -1.669921875
-38.49609375 71.015625 2.548828125 1.58203125 -0.343488467253096 -2.724609375 -50.009765625 -0.263671875
-33.310546875 68.90625 2.724609375 1.58203125 -3.66725327240072 -5.9765625 -44.033203125 -2.8125
-26.3671875 62.138671875 1.845703125 1.58203125 0.343447885524746 -2.021484375 -39.90234375 0.263671875
-20.302734375 58.798828125 2.98828125 1.58203125 0.343533880639488 -3.33984375 -32.51953125 0.263671875
56.162109375 -42.802734375 2.548828125 1.58203125 -0.228981318670172 -2.4609375 -70.224609375 -0.17578125
74.53125 -69.78515625 2.021484375 1.58203125 1.48879224050596 -3.779296875 -82.08984375 1.142578125
68.994140625 -73.037109375 0.703125 1.58203125 2.74724917156929 1.40625 -89.736328125 2.109375
72.509765625 -86.220703125 2.548828125 1.58203125 -1.14546749916453 -4.482421875 -94.306640625 -0.87890625
68.73046875 -86.66015625 2.197265625 1.58203125 0.343533880639488 -3.33984375 -115.927734375 0.263671875
54.4921875 -77.87109375 2.109375 1.58203125 -2.40441749146906 2.900390625 -107.490234375 -1.845703125
51.15234375 -83.84765625 1.669921875 1.58203125 1.94598247121539 -1.23046875 -129.990234375 1.494140625
-49.833984375 66.796875 2.724609375 1.58203125 1.72606165239848 12.12890625 -64.16015625 1.318359375
-53.61328125 61.69921875 3.603515625 1.58203125 -0.573144225357398 6.328125 -95.80078125 -0.439453125
-62.75390625 61.787109375 3.251953125 1.58203125 -2.86160073657068 -0.966796875 -84.638671875 -2.197265625
-45.966796875 67.1484375 5.09765625 1.58203125 4.0450849719697 16.34765625 -60.732421875 3.076171875
-46.0546875 67.1484375 5.09765625 1.58203125 19.6508458452288 3.955078125 -67.5 15.1171875
-26.630859375 37.177734375 4.5703125 1.58203125 -12.7139646458558 6.85546875 -64.86328125 -9.755859375
-46.318359375 68.818359375 -1.93359375 1.58203125 -1.15863648692773 -18.193359375 -71.982421875 -0.87890625
-26.806640625 13.53515625 -5.9765625 1.58203125 -3.66826467575163 -6.591796875 -107.40234375 -2.8125
-25.224609375 15.380859375 -4.39453125 1.58203125 0.229082753926512 -4.306640625 -93.779296875 0.17578125
-13.53515625 6.6796875 -3.076171875 1.58203125 -3.54877501630737 -2.197265625 -84.90234375 -2.724609375
-10.634765625 6.591796875 -3.076171875 1.58203125 -2.28932320623852 -0.966796875 -68.73046875 -1.7578125
-7.55859375 6.591796875 -2.900390625 1.58203125 -0.801260123931737 -0.087890625 -79.62890625 -0.615234375
-8.7890625 6.6796875 -2.021484375 1.58203125 9.26676797091429 0.3515625 -84.990234375 7.119140625
3.8671875 6.6796875 -2.109375 1.58203125 -6.52299588858662 0.87890625 -53.525390625 -5.009765625
29.1796875 -31.2890625 -3.33984375 1.58203125 0.573055829357445 -5.9765625 -82.96875 0.439453125
28.30078125 -24.873046875 -2.63671875 1.58203125 0.229064852333338 -4.04296875 -67.412109375 0.17578125
34.013671875 -24.78515625 -2.98828125 1.58203125 -1.60284375784155 -2.4609375 -67.060546875 -1.23046875
35.33203125 -24.697265625 -1.58203125 1.58203125 7.89942643762255 -3.955078125 -70.3125 6.064453125
58.359375 -46.142578125 -1.845703125 1.58203125 0.572427409846887 -2.197265625 -69.169921875 0.439453125
61.083984375 -53.61328125 -1.669921875 1.58203125 -2.40425436266913 -2.548828125 -78.75 -1.845703125
57.041015625 -59.0625 -2.28515625 1.58203125 0.229053551227657 -3.8671875 -82.265625 0.17578125
53.173828125 -58.88671875 -2.373046875 1.58203125 -0.572443690391913 -2.373046875 -71.455078125 -0.439453125
45.87890625 -60.8203125 -4.04296875 1.58203125 -0.57273730935254 -4.482421875 -96.943359375 -0.439453125
34.716796875 -53.96484375 -3.1640625 1.58203125 0.572427409846887 -2.197265625 -93.779296875 0.439453125
20.0390625 -45.966796875 -3.1640625 1.58203125 11.0996701769479 3.603515625 -108.369140625 8.525390625
26.3671875 -47.548828125 -2.63671875 1.58203125 -7.90024006787267 -4.306640625 -97.03125 -6.064453125
4.658203125 -31.904296875 -3.603515625 1.58203125 2.74752626971001 -2.197265625 -111.005859375 2.109375
-21.005859375 -11.513671875 -1.58203125 1.58203125 15.0877786152123 -0.17578125 -109.775390625 11.6015625
-45 34.189453125 -0.615234375 1.58203125 12.0117752561539 2.98828125 -100.01953125 9.228515625
-46.142578125 52.119140625 -1.7578125 1.58203125 -0.114488965503602 -2.373046875 -84.990234375 -0.087890625
-47.4609375 63.544921875 -3.779296875 1.58203125 0.343443660239223 -1.93359375 -70.83984375 0.263671875
-47.900390625 63.369140625 -1.845703125 1.58203125 8.46917781160017 -2.900390625 -67.939453125 6.50390625
-30.849609375 41.220703125 0.263671875 1.58203125 6.89423217401262 10.72265625 -69.521484375 5.2734375
-42.451171875 74.00390625 -2.021484375 1.58203125 -3.66390497298099 -3.1640625 -50.44921875 -2.8125
-34.541015625 74.267578125 -1.318359375 1.58203125 -15.2074018508134 3.251953125 -49.130859375 -11.689453125
-26.103515625 67.412109375 0.52734375 1.58203125 -17.2945152222579 8.349609375 -40.60546875 -13.271484375
62.578125 -62.75390625 -4.306640625 1.58203125 -7.89629654811287 -2.109375 -82.6171875 -6.064453125
66.62109375 -61.611328125 -4.39453125 1.58203125 0 -5.537109375 -40.517578125 0
68.5546875 -58.271484375 -4.39453125 1.58203125 0 -5.537109375 -40.4296875 0
78.92578125 -73.037109375 -5.009765625 1.58203125 -6.29617102009793 -3.076171875 -40.693359375 -4.833984375
73.564453125 -79.1015625 -2.109375 1.58203125 -5.26557052818707 -2.373046875 -84.111328125 -4.04296875
70.751953125 -82.353515625 -3.779296875 1.58203125 -1.14546749916453 -4.482421875 -90.3515625 -0.87890625
65.7421875 -84.375 -1.845703125 1.58203125 2.17480168310112 -0.3515625 -103.53515625 1.669921875
53.61328125 -77.51953125 -4.658203125 1.58203125 -6.8716106992676 4.833984375 -108.10546875 -5.2734375
-60.908203125 88.681640625 -3.1640625 1.58203125 -1.71702805416264 -1.0546875 -58.88671875 -1.318359375
-63.6328125 82.08984375 -2.98828125 1.58203125 -0.458117821589303 3.955078125 -68.5546875 -0.3515625
-71.455078125 78.046875 -1.93359375 1.58203125 -1.25921463194384 -1.494140625 -78.75 -0.966796875
21.97265625 -70.927734375 1.58203125 1.58203125 -6.52307425344817 -1.0546875 -131.044921875 -5.009765625
36.5625 -65.56640625 -7.294921875 1.58203125 6.86761281139233 -2.63671875 -81.826171875 5.2734375
-13.095703125 -8.876953125 10.546875 1.58203125 -1.26578957406184 -12.12890625 -99.052734375 -0.966796875
-12.041015625 -4.921875 7.470703125 1.58203125 -0.22917354663259 -5.44921875 -95.361328125 -0.17578125
-6.416015625 -4.833984375 8.61328125 1.58203125 -1.2595132419582 -2.98828125 -91.669921875 -0.966796875
-5.009765625 -4.921875 8.876953125 1.58203125 3.89190268172703 -1.7578125 -81.2109375 2.98828125
2.724609375 -5.009765625 8.96484375 1.58203125 -2.5183309111953 1.40625 -66.26953125 -1.93359375
23.994140625 -32.783203125 7.734375 1.58203125 -3.20759812241323 -4.921875 -90.615234375 -2.4609375
17.75390625 -20.390625 8.876953125 1.58203125 -1.14495293243836 -2.724609375 -79.541015625 -0.87890625
23.642578125 -22.8515625 8.173828125 1.58203125 -3.20631853534752 -3.603515625 -61.083984375 -2.4609375
26.54296875 -22.8515625 9.31640625 1.58203125 -2.40521783995862 -4.21875 -77.958984375 -1.845703125
30.322265625 -22.8515625 8.61328125 1.58203125 -3.43463132707691 -2.724609375 -69.2578125 -2.63671875
33.837890625 -22.8515625 10.1953125 1.58203125 -0.91625485489912 -4.04296875 -50.44921875 -0.703125
37.705078125 -22.939453125 6.6796875 1.58203125 -0.916568707072115 -5.09765625 -48.955078125 -0.703125
60.556640625 -47.021484375 4.74609375 1.58203125 -1.03092237250148 -4.482421875 -62.40234375 -0.791015625
59.0625 -49.921875 8.96484375 1.58203125 -2.74773290967693 -2.63671875 -57.3046875 -2.109375
56.77734375 -52.20703125 9.052734375 1.58203125 -3.09116037256398 -2.63671875 -66.62109375 -2.373046875
53.4375 -54.140625 9.84375 1.58203125 -4.23574181850369 -2.548828125 -61.34765625 -3.251953125
57.919921875 -66.357421875 9.4921875 1.58203125 -1.83514666067865 -7.55859375 -85.693359375 -1.40625
48.8671875 -63.45703125 8.61328125 1.58203125 -1.14553287984365 -4.658203125 -88.06640625 -0.87890625
44.6484375 -63.45703125 7.998046875 1.58203125 -1.60378037107336 -4.74609375 -108.896484375 -1.23046875
36.73828125 -60.732421875 8.4375 1.58203125 0.572480020505903 -2.724609375 -88.154296875 0.439453125
23.994140625 -47.63671875 7.470703125 1.58203125 1.25966636020944 3.515625 -98.0859375 0.966796875
19.599609375 -47.28515625 7.470703125 1.58203125 2.1750798207308 1.93359375 -98.173828125 1.669921875
19.3359375 -51.6796875 10.810546875 1.58203125 0.343443660239223 -1.93359375 -113.37890625 0.263671875
0.615234375 -34.716796875 4.833984375 1.58203125 1.94603192444451 1.494140625 -110.126953125 1.494140625
-55.986328125 55.72265625 2.28515625 1.58203125 1.60297750775688 -2.900390625 -109.423828125 1.23046875
-58.271484375 66.884765625 12.392578125 1.58203125 4.57975428155127 -3.251953125 -102.919921875 3.515625
-58.7109375 73.564453125 11.865234375 1.58203125 3.20568668914177 -2.724609375 -70.400390625 2.4609375
-54.052734375 75.322265625 9.66796875 1.58203125 -3.0907048692547 -1.669921875 -54.66796875 -2.373046875
-52.91015625 79.1015625 9.931640625 1.58203125 -3.09059001314974 -1.318359375 -64.6875 -2.373046875
-52.03125 71.103515625 10.107421875 1.58203125 14.4066615633035 -2.373046875 -67.67578125 11.07421875
-39.375 63.80859375 10.01953125 1.58203125 3.55590472224444 7.822265625 -54.580078125 2.724609375
-40.693359375 74.35546875 10.546875 1.58203125 -1.03055373797736 3.1640625 -49.130859375 -0.791015625
-37.6171875 76.2890625 10.72265625 1.58203125 -2.63295475556362 1.93359375 -34.013671875 -2.021484375
68.291015625 -78.310546875 6.767578125 1.58203125 -1.37455598685297 -4.482421875 -94.482421875 -1.0546875
68.203125 -70.927734375 9.404296875 1.58203125 -2.86170628433204 -1.40625 -86.66015625 -2.197265625
70.6640625 -71.279296875 9.580078125 1.58203125 1.48850973418986 -2.98828125 -74.00390625 1.142578125
73.916015625 -69.78515625 11.337890625 1.58203125 0.458203138596648 -4.5703125 -68.115234375 0.3515625
79.013671875 -69.873046875 8.525390625 1.58203125 -2.51994830440327 -4.482421875 -51.767578125 -1.93359375
80.33203125 -77.431640625 7.646484375 1.58203125 -1.60267547830254 -1.7578125 -61.69921875 -1.23046875
80.244140625 -86.30859375 8.0859375 1.58203125 -0.916187808544249 -3.779296875 -79.27734375 -0.703125
65.302734375 -80.5078125 6.416015625 1.58203125 -4.93459050148122 8.701171875 -95.361328125 -3.779296875
-50.185546875 87.451171875 8.173828125 1.58203125 5.03656453229246 2.197265625 -53.349609375 3.8671875
-53.525390625 83.056640625 9.755859375 1.58203125 3.8961265800173 5.80078125 -58.88671875 2.98828125
-51.943359375 78.662109375 14.150390625 1.494140625 -10.7158752911492 14.23828125 -59.501953125 -8.173828125
-55.634765625 59.150390625 18.28125 1.58203125 16.2960098451159 10.8984375 -84.7265625 12.48046875
-54.931640625 50.09765625 11.953125 1.58203125 15.0183458927002 9.140625 -123.92578125 11.513671875
-42.978515625 63.193359375 8.349609375 1.58203125 -1.14465249043433 -0.087890625 -63.28125 -0.87890625
-18.984375 39.111328125 8.7890625 1.58203125 -0.228935318056763 0.615234375 -48.955078125 -0.17578125
15.908203125 -34.189453125 7.822265625 1.58203125 -1.48807226256449 -0.791015625 -93.955078125 -1.142578125
39.990234375 -61.962890625 7.646484375 1.58203125 -0.458035502573555 -3.251953125 -104.23828125 -0.3515625
-19.86328125 -0.791015625 6.591796875 1.58203125 -0.918301866300018 -8.876953125 -98.96484375 -0.703125
-15.380859375 -0.791015625 9.228515625 1.58203125 -1.72053676554557 -7.646484375 -91.7578125 -1.318359375
-11.42578125 -0.791015625 6.943359375 1.58203125 -0.687126447206535 -3.69140625 -89.296875 -0.52734375
5.361328125 -18.017578125 5.712890625 1.58203125 1.37420935502207 -3.603515625 -93.8671875 1.0546875
15.29296875 -25.3125 4.39453125 1.58203125 -2.40528181847401 -4.306640625 -86.044921875 -1.845703125
12.12890625 -25.224609375 5.712890625 1.58203125 11.0950883597178 -1.142578125 -87.36328125 8.525390625
21.708984375 -25.13671875 4.74609375 1.58203125 -2.97732241461064 -3.603515625 -73.037109375 -2.28515625
27.685546875 -31.640625 4.74609375 1.58203125 -1.26008397458494 -4.658203125 -75.76171875 -0.966796875
32.34375 -31.640625 5.009765625 1.58203125 -1.14553287984365 -4.658203125 -72.59765625 -0.87890625
35.947265625 -31.640625 3.8671875 1.58203125 -1.48865848108449 -3.427734375 -59.0625 -1.142578125
32.16796875 -19.775390625 8.349609375 1.58203125 3.32005085563854 -2.548828125 -68.37890625 2.548828125
35.244140625 -19.775390625 6.064453125 1.58203125 2.40751549460143 -6.6796875 -50.537109375 1.845703125
48.603515625 -33.92578125 3.779296875 1.58203125 1.03018970488693 -0.17578125 -51.328125 0.791015625
55.01953125 -49.74609375 7.3828125 1.58203125 -1.03032484165865 -1.93359375 -63.45703125 -0.791015625
41.484375 -41.30859375 6.328125 1.58203125 -1.60251126511089 0.439453125 -73.125 -1.23046875
48.427734375 -54.140625 5.712890625 1.58203125 -2.40576700076021 -4.921875 -71.806640625 -1.845703125
43.76953125 -54.4921875 5.2734375 1.58203125 -0.801610645414803 -3.515625 -91.40625 -0.615234375
36.9140625 -51.240234375 4.833984375 1.58203125 -1.25918263126562 -1.23046875 -88.681640625 -0.966796875
33.662109375 -51.064453125 4.833984375 1.58203125 -4.69403166708932 -3.076171875 -95.361328125 -3.603515625
23.02734375 -43.857421875 4.658203125 1.58203125 0.801286391335136 0.966796875 -101.6015625 0.615234375
11.865234375 -34.716796875 4.39453125 1.58203125 2.86199492420302 2.197265625 -119.267578125 2.197265625
-2.724609375 -21.62109375 6.416015625 1.58203125 2.175194002366 2.28515625 -110.91796875 1.669921875
-22.5 -0.966796875 9.228515625 1.58203125 9.96116886848096 5.009765625 -99.66796875 7.646484375
-25.13671875 -1.142578125 2.8125 1.58203125 1.83262376406267 -4.306640625 -124.453125 1.40625
11.689453125 -53.701171875 1.40625 1.58203125 0.687406411381781 -5.009765625 -131.1328125 0.52734375
22.32421875 -62.578125 6.6796875 1.58203125 2.97605220830183 -0.966796875 -143.61328125 2.28515625
36.2109375 -73.388671875 4.306640625 1.58203125 2.86221017116742 -2.63671875 -122.783203125 2.197265625
42.099609375 -73.564453125 5.625 1.58203125 0.916125313847261 -3.515625 -109.16015625 0.703125
42.626953125 -69.169921875 5.712890625 1.58203125 0.228932816524245 0.263671875 -112.587890625 0.17578125
40.078125 -67.32421875 6.416015625 1.58203125 8.24698665248938 5.537109375 -108.193359375 6.328125
37.880859375 -64.6875 8.701171875 1.58203125 14.4527132837018 9.755859375 -105.029296875 11.07421875
56.25 -68.642578125 5.09765625 1.58203125 -0.457866054010734 0.3515625 -98.96484375 -0.3515625
62.05078125 -68.818359375 5.185546875 1.58203125 -1.71709608531237 -1.494140625 -76.201171875 -1.318359375
68.642578125 -68.203125 6.50390625 1.58203125 -2.40470184104489 -3.427734375 -69.9609375 -1.845703125
72.421875 -66.708984375 5.625 1.58203125 -0.801923952678403 -4.833984375 -65.56640625 -0.615234375
68.466796875 -58.095703125 2.8125 1.58203125 2.63387716195872 -3.69140625 -52.3828125 2.021484375
76.025390625 -70.83984375 2.548828125 1.58203125 1.48805396990879 -0.52734375 -60.64453125 1.142578125
75.234375 -78.22265625 3.251953125 1.58203125 -0.572543951538205 -3.251953125 -88.9453125 -0.439453125
74.267578125 -83.759765625 6.943359375 1.58203125 -1.03019871004771 -0.52734375 -92.373046875 -0.791015625
64.16015625 -83.759765625 6.943359375 1.58203125 6.75694846279134 4.74609375 -99.404296875 5.185546875
64.248046875 -84.814453125 5.9765625 1.58203125 -7.89560653699151 -1.40625 -103.623046875 -6.064453125
56.162109375 -85.95703125 5.625 1.58203125 -3.66313639441459 -2.021484375 -100.634765625 -2.8125
39.0234375 -80.947265625 1.669921875 1.58203125 2.74730022064989 1.58203125 -123.134765625 2.109375
30.05859375 -76.9921875 6.943359375 1.58203125 3.31981028895218 2.109375 -138.33984375 2.548828125
15.732421875 -67.1484375 1.7578125 1.58203125 3.89194629011309 1.845703125 -150.556640625 2.98828125
14.23828125 -30.849609375 4.658203125 1.58203125 3.66267100032087 -0.703125 -90 2.8125
27.421875 -30.849609375 4.74609375 1.58203125 -0.114487306046006 -2.28515625 -55.458984375 -0.087890625
31.376953125 -60.1171875 4.39453125 1.58203125 0.228954836746705 1.669921875 -107.490234375 0.17578125
-35.244140625 70.48828125 6.15234375 1.58203125 2.63359226579128 -3.251953125 -42.802734375 2.021484375
-40.869140625 62.314453125 5.2734375 1.58203125 1.37430536956912 -3.8671875 -58.271484375 1.0546875
-24.609375 23.5546875 3.251953125 1.58203125 -5.84117816890857 -4.74609375 -81.123046875 -4.482421875
-21.884765625 23.994140625 3.603515625 1.58203125 -2.97695072115134 -3.076171875 -72.59765625 -2.28515625
-19.51171875 24.08203125 3.427734375 1.58203125 -1.25938505640308 -2.4609375 -73.30078125 -0.966796875
-14.501953125 24.2578125 3.076171875 1.58203125 -4.23510275375004 -1.494140625 -57.744140625 -3.251953125
-12.041015625 24.2578125 3.427734375 1.58203125 -2.86181889942199 -1.7578125 -70.224609375 -2.197265625
-9.580078125 24.2578125 3.779296875 1.58203125 -0.22898858469352 -2.63671875 -52.822265625 -0.17578125
-1.845703125 24.345703125 2.98828125 1.58203125 -0.572510569390874 -2.98828125 -46.318359375 -0.439453125
42.36328125 -41.8359375 3.1640625 1.58203125 0.572392198879605 -1.7578125 -76.025390625 0.439453125
46.0546875 -51.943359375 3.955078125 1.58203125 -1.37542493612554 -6.15234375 -83.935546875 -1.0546875
45.966796875 -56.865234375 2.900390625 1.58203125 -0.688361194005235 -7.998046875 -90.439453125 -0.52734375
36.38671875 -50.888671875 3.251953125 1.58203125 -2.86452178757557 -5.44921875 -85.078125 -2.197265625
32.51953125 -50.888671875 2.4609375 1.58203125 -0.802077297871201 -5.361328125 -104.150390625 -0.615234375
22.939453125 -42.978515625 2.98828125 1.58203125 -1.48931791662352 -4.921875 -114.08203125 -1.142578125
17.578125 -42.71484375 2.900390625 1.58203125 1.26008397458494 -4.658203125 -100.458984375 0.966796875
21.181640625 -47.197265625 2.373046875 1.58203125 -0.458085056959186 3.69140625 -107.40234375 -0.3515625
-40.693359375 54.404296875 3.69140625 1.58203125 1.71696473220524 0.263671875 -64.248046875 1.318359375
-35.5078125 58.359375 4.04296875 1.58203125 -6.98223978411905 2.8125 -46.494140625 -5.361328125
-32.783203125 55.634765625 3.603515625 1.58203125 -0.915949789542556 2.63671875 -40.517578125 -0.703125
-30.5859375 56.689453125 3.779296875 1.58203125 -1.60281964752323 2.373046875 -45.439453125 -1.23046875
-28.828125 57.48046875 2.724609375 1.494140625 -2.86152569738559 -0.439453125 -34.716796875 -2.197265625
55.458984375 -60.029296875 3.076171875 1.58203125 -3.55040669254802 -4.21875 -82.529296875 -2.724609375
61.083984375 -60.1171875 5.09765625 1.58203125 -0.687343560437061 -4.74609375 -74.619140625 -0.52734375
69.08203125 -73.125 2.28515625 1.58203125 -1.26019709795833 -4.921875 -84.111328125 -0.966796875
52.470703125 -62.490234375 3.33984375 1.58203125 2.40751549460143 6.6796875 -86.396484375 1.845703125
48.8671875 -65.478515625 3.076171875 1.58203125 2.40666196840212 5.888671875 -98.349609375 1.845703125
41.484375 -63.193359375 3.33984375 1.58203125 2.06369185990696 6.767578125 -100.546875 1.58203125
46.23046875 -71.54296875 2.4609375 1.58203125 -1.37377619382236 -2.021484375 -107.2265625 -1.0546875
37.08984375 -67.5 2.021484375 1.58203125 -0.457900208084456 -1.494140625 -112.32421875 -0.3515625
21.09375 -53.173828125 5.2734375 1.58203125 -1.26027601602437 5.09765625 -113.642578125 -0.966796875
42.275390625 -78.486328125 3.427734375 1.58203125 0.572839198569964 -5.009765625 -124.189453125 0.439453125
48.779296875 -79.716796875 3.515625 1.58203125 -1.26019709795833 -4.921875 -125.859375 -0.966796875
-56.162109375 88.681640625 3.076171875 1.58203125 1.83272430494318 -4.482421875 -57.392578125 1.40625
-45.615234375 82.880859375 3.955078125 1.58203125 4.12387967786893 4.921875 -60.908203125 3.1640625
-38.49609375 80.68359375 3.955078125 1.58203125 4.0088757484334 4.5703125 -36.9140625 3.076171875
-39.462890625 56.77734375 0 1.58203125 -2.06053896788443 -1.669921875 -69.08203125 -1.58203125
-26.806640625 48.1640625 3.1640625 1.58203125 1.25987659779159 -4.130859375 -69.08203125 0.966796875
23.115234375 -36.650390625 0.87890625 1.58203125 0.343652553314329 -4.5703125 -89.560546875 0.263671875
24.43359375 -24.78515625 2.197265625 1.58203125 -0.687343560437061 -4.74609375 -77.16796875 -0.52734375
46.318359375 -62.314453125 2.373046875 1.58203125 2.40433328604417 -2.724609375 -98.173828125 1.845703125
26.455078125 -37.177734375 2.4609375 1.58203125 -0.458669548700447 7.03125 -94.921875 -0.3515625
50.9765625 -65.830078125 1.7578125 1.58203125 1.25975228902582 -3.779296875 -98.61328125 0.966796875
25.751953125 -42.5390625 1.669921875 1.58203125 -3.78454892606386 7.470703125 -99.580078125 -2.900390625
35.244140625 -45.17578125 0.52734375 1.58203125 0.457885193052379 -1.142578125 -90.52734375 0.3515625
-27.333984375 32.958984375 0.3515625 1.58203125 1.14606193618537 5.888671875 -84.7265625 0.87890625
-30.76171875 52.734375 -0.52734375 1.58203125 2.40475386624924 3.515625 -67.763671875 1.845703125
40.166015625 -56.42578125 0.3515625 1.58203125 1.25922667672173 -1.58203125 -101.865234375 0.966796875
41.396484375 -59.23828125 1.7578125 1.58203125 1.37387199147288 -2.4609375 -116.455078125 1.0546875
-27.421875 54.4921875 2.28515625 1.58203125 0.91579677887391 -1.494140625 -42.1875 0.703125
-26.103515625 39.462890625 1.669921875 1.58203125 -0.918458917598816 9.140625 -70.48828125 -0.703125
25.3125 -31.640625 1.494140625 1.58203125 -1.03018970488693 0.17578125 -94.921875 -0.791015625
