DataSet: 1
-26.71875 9.84375 -1.318359375 1.58203125 0.573845359801656 -8.61328125 -92.197265625 0.439453125
809.143 227.120 255.438 878.376
-0.7594481 0.4891703 0.4288952 809.1434 0.4936016 0.8627124 -0.1099303 227.1196 -0.4237879 0.128217 -0.8966405 255.438 0 0 0 1
DataSet: 2
-24.169921875 9.84375 1.318359375 1.58203125 -0.458497657352217 -6.240234375 -90.087890625 -0.3515625
811.630 244.136 212.778 873.854
-0.7882705 0.456717 0.4123579 811.6304 0.4592662 0.882686 -0.09969919 244.1356 -0.4095169 0.1107921 -0.9055501 212.7783 0 0 0 1
DataSet: 3
-21.62109375 9.84375 -1.0546875 1.58203125 1.37409194378863 -3.251953125 -89.47265625 1.0546875
809.436 240.234 160.125 859.383
-0.8243587 0.4200669 0.3794423 809.4365 0.403943 0.9061272 -0.125553 240.2343 -0.3965637 0.04977232 -0.916657 160.125 0 0 0 1
DataSet: 4
-16.69921875 10.283203125 1.58203125 1.58203125 1.71703978229093 -1.142578125 -64.6875 1.318359375
812.016 255.794 77.084 854.835
-0.6722394 0.3895974 0.62953 812.0162 0.2842453 0.9209853 -0.2664409 255.7938 -0.6835926 -0.0001711066 -0.7298638 77.08385 0 0 0 1
DataSet: 5
-16.69921875 17.40234375 1.669921875 1.58203125 -1.71702805416264 -1.0546875 -67.763671875 -1.318359375
810.561 256.149 25.760 850.462
-0.7760306 0.3899698 0.4956814 810.5613 0.336253 0.9207349 -0.1979421 256.1487 -0.5335826 0.01306518 -0.845647 25.76041 0 0 0 1
DataSet: 6
-16.962890625 17.666015625 -0.17578125 1.58203125 1.48821866194565 -1.845703125 -75.76171875 1.142578125
812.411 246.842 11.550 849.162
-0.8341876 0.398334 0.3813935 812.4114 0.3421085 0.9162053 -0.2086378 246.8417 -0.4325422 -0.04356516 -0.9005606 11.54989 0 0 0 1
DataSet: 7
-9.931640625 17.75390625 2.197265625 1.58203125 -1.14465499178078 -0.263671875 -69.9609375 -0.87890625
803.866 260.009 -68.653 847.655
-0.8520686 0.3744564 0.3657343 803.8663 0.3270611 0.9264104 -0.1865337 260.0093 -0.4086688 -0.03932206 -0.9118353 -68.65346 0 0 0 1
DataSet: 8
20.654296875 -20.390625 2.109375 1.58203125 0.114475194103136 -1.494140625 -79.1015625 0.087890625
807.334 257.507 -89.040 852.072
-0.8289864 0.3949423 0.3959824 807.334 0.3600665 0.9186719 -0.1624623 257.5071 -0.4279411 0.0079009 -0.9037721 -89.04024 0 0 0 1
DataSet: 9
24.345703125 -20.390625 1.93359375 1.58203125 -1.03039386678374 -2.373046875 -63.896484375 -0.791015625
804.101 254.907 -137.321 854.642
-0.7322023 0.410066 0.5438067 804.1009 0.3295771 0.9120557 -0.2439946 254.9067 -0.5960358 0.0005728509 -0.8029576 -137.3208 0 0 0 1
DataSet: 10
27.59765625 -20.302734375 2.197265625 1.58203125 -1.03063952705852 -3.515625 -64.423828125 -0.791015625
799.282 253.772 -187.110 859.222
-0.7657871 0.427232 0.4806692 799.282 0.34554 0.9037248 -0.2527519 253.7724 -0.5423764 -0.02746369 -0.8396866 -187.1103 0 0 0 1
DataSet: 11
30.9375 -18.984375 -0.439453125 1.58203125 0.458552627667172 -6.50390625 -61.962890625 0.3515625
793.594 235.900 -261.984 868.376
-0.7781028 0.4627914 0.4247119 793.5941 0.3491816 0.8807325 -0.3199727 235.8998 -0.5221382 -0.1006701 -0.8468986 -261.9844 0 0 0 1
DataSet: 12
34.1015625 -17.75390625 0 1.58203125 0.343748553701511 -5.361328125 -62.75390625 0.263671875
767.080 240.373 -321.912 865.920
-0.8307405 0.4363514 0.3456409 767.0802 0.3419825 0.8899882 -0.3016106 240.3728 -0.4392245 -0.132357 -0.8885738 -321.9115 0 0 0 1
DataSet: 13
35.5078125 -16.787109375 -0.439453125 1.58203125 -0.229876800079773 -10.72265625 -57.568359375 -0.17578125
777.862 225.577 -355.140 884.352
-0.7852667 0.5099562 0.3511423 777.8618 0.3760866 0.8433757 -0.3837658 225.5766 -0.4918486 -0.1692986 -0.8540626 -355.1403 0 0 0 1
DataSet: 14
-1.845703125 -30.673828125 1.845703125 1.58203125 0 -5.09765625 -110.478515625 0
758.339 248.869 300.092 852.684
-0.8181792 0.3844051 0.4275692 758.3393 0.4484935 0.8920139 0.05625616 248.869 -0.3597726 0.2377896 -0.9022304 300.0921 0 0 0 1
DataSet: 15
2.724609375 -30.322265625 1.494140625 1.58203125 1.03073440617482 -3.8671875 -115.83984375 0.791015625
774.622 249.942 242.093 849.188
-0.8759969 0.3903296 0.2833235 774.6219 0.4260278 0.9015859 0.07512046 249.9425 -0.2261187 0.186509 -0.9560778 242.0932 0 0 0 1
DataSet: 16
14.58984375 -39.55078125 1.669921875 1.58203125 -0.343571993397812 -3.779296875 -110.7421875 -0.263671875
772.920 250.860 182.475 832.847
-0.8622822 0.385292 0.3286633 772.92 0.4269988 0.9020703 0.06277853 250.8605 -0.2722893 0.1944716 -0.9423584 182.4753 0 0 0 1
DataSet: 17
21.181640625 -42.978515625 1.0546875 1.58203125 1.25940469166733 -2.548828125 -102.83203125 0.966796875
775.029 250.799 115.846 822.794
-0.8336673 0.3872988 0.3936984 775.0287 0.4109762 0.9112694 -0.02620313 250.7991 -0.3689138 0.139956 -0.9188661 115.846 0 0 0 1
DataSet: 18
25.3125 -43.154296875 1.142578125 1.58203125 -0.343443660239223 -1.93359375 -101.865234375 -0.263671875
776.180 252.320 65.684 818.801
-0.8602247 0.3788772 0.3412704 776.1804 0.4023412 0.9154872 -0.002207487 252.3201 -0.3132651 0.1354082 -0.9399626 65.68356 0 0 0 1
DataSet: 19
31.904296875 -48.427734375 1.40625 1.58203125 -0.229027511121331 -3.427734375 -95.44921875 -0.17578125
773.961 250.561 18.802 813.726
-0.8209042 0.4070531 0.4005297 773.9611 0.4226253 0.9047369 -0.05328226 250.5607 -0.3840626 0.1255343 -0.9147333 18.80219 0 0 0 1
DataSet: 20
35.068359375 -47.548828125 1.40625 1.58203125 5.49392887528968 -1.7578125 -83.759765625 4.21875
772.967 252.921 -67.060 816.054
-0.7676694 0.4074388 0.4946487 772.9667 0.3374258 0.9131927 -0.2285232 252.921 -0.5448188 -0.00852306 -0.8385105 -67.05991 0 0 0 1
DataSet: 21
35.947265625 -48.33984375 2.724609375 1.58203125 11.6664210670419 1.494140625 -89.736328125 8.96484375
761.895 259.991 -104.474 811.784
-0.8310454 0.3752953 0.4105081 761.895 0.2725678 0.9181479 -0.2875957 259.9906 -0.4848405 -0.1271138 -0.865316 -104.474 0 0 0 1
DataSet: 22
44.384765625 -46.494140625 2.021484375 1.58203125 0.916278216383471 -4.130859375 -76.9921875 0.703125
764.649 251.885 -166.145 822.033
-0.7834755 0.4366847 0.4421228 764.6486 0.3835995 0.8995944 -0.2087617 251.8854 -0.4888943 0.006038397 -0.8723221 -166.1448 0 0 0 1
DataSet: 23
50.009765625 -46.318359375 0.087890625 1.58203125 1.14623615117896 -6.240234375 -73.388671875 0.87890625
756.968 238.836 -232.618 827.137
-0.7839409 0.4680862 0.4078382 756.9683 0.3953277 0.8828894 -0.2534211 238.8361 -0.4786989 -0.03743738 -0.8771806 -232.6179 0 0 0 1
DataSet: 24
43.681640625 -33.3984375 0.52734375 1.58203125 2.06243744200088 -5.361328125 -68.818359375 1.58203125
758.544 242.616 -295.320 849.391
-0.820067 0.4429997 0.3622725 758.5441 0.3525249 0.8897346 -0.2899974 242.6159 -0.4507951 -0.1101072 -0.8858104 -295.3195 0 0 0 1
DataSet: 25
38.408203125 -20.0390625 1.40625 1.58203125 -5.37992009109716 -2.28515625 -55.72265625 -4.130859375
746.231 251.236 -325.434 851.990
-0.8029373 0.4193669 0.4235837 746.2306 0.3514122 0.9070486 -0.2318884 251.2361 -0.4814573 -0.03733936 -0.8756738 -325.434 0 0 0 1
DataSet: 26
60.64453125 -49.130859375 -2.197265625 1.58203125 -1.37387199147288 -2.4609375 -64.951171875 -1.0546875
701.194 236.644 -309.490 802.158
-0.7989235 0.4102299 0.4398098 701.194 0.3392069 0.9112084 -0.2337476 236.6442 -0.4966487 -0.03755994 -0.8671386 -309.4899 0 0 0 1
DataSet: 27
58.18359375 -53.0859375 0.615234375 1.58203125 0 -2.197265625 -78.3984375 0
715.567 249.623 -247.511 797.252
-0.845481 0.4060147 0.346863 715.5674 0.3690555 0.9137316 -0.1699781 249.6232 -0.3859534 -0.01570158 -0.9223847 -247.5112 0 0 0 1
DataSet: 28
49.306640625 -54.140625 1.93359375 1.58203125 -1.48803933694645 0 -81.826171875 -1.142578125
730.804 259.254 -133.613 786.855
-0.8196615 0.3664154 0.4403348 730.8044 0.3569944 0.927889 -0.107596 259.2542 -0.4480067 0.06900474 -0.8913632 -133.6133 0 0 0 1
DataSet: 29
45.17578125 -57.48046875 1.7578125 1.58203125 -0.343398238516253 0 -89.6484375 -0.263671875
732.773 258.647 -62.503 779.590
-0.8263176 0.3597106 0.4333676 732.7725 0.3627709 0.9285237 -0.07899962 258.6469 -0.4308091 0.09193441 -0.8977481 -62.5031 0 0 0 1
DataSet: 30
36.38671875 -57.65625 0.17578125 1.58203125 -0.457976714463437 -2.63671875 -105.029296875 -0.3515625
744.704 246.685 44.350 785.751
-0.8616802 0.3828072 0.3331156 744.7042 0.4130376 0.9104443 0.02215949 246.6846 -0.2948004 0.1566837 -0.9426256 44.35005 0 0 0 1
DataSet: 31
28.564453125 -50.712890625 1.0546875 1.58203125 -1.37379384704143 -2.109375 -98.7890625 -1.0546875
755.111 251.449 95.479 801.584
-0.814344 0.3644586 0.4516788 755.1115 0.4063472 0.9137069 -0.004653472 251.4492 -0.414398 0.1797489 -0.8921685 95.47903 0 0 0 1
DataSet: 32
6.240234375 -29.8828125 2.109375 1.58203125 2.28947334368619 1.669921875 -113.466796875 1.7578125
766.737 262.896 184.001 831.177
-0.9083485 0.3271117 0.2605781 766.7366 0.3440307 0.938727 0.0208427 262.8965 -0.2377938 0.1085793 -0.9652278 184.0012 0 0 0 1
DataSet: 33
-1.58203125 -29.794921875 1.0546875 1.58203125 1.14543576145571 -4.39453125 -116.455078125 0.87890625
763.590 246.907 283.868 851.242
-0.8629913 0.3885458 0.3229214 763.5897 0.4337364 0.8975537 0.07918349 246.907 -0.2590729 0.2083974 -0.9431075 283.8677 0 0 0 1
DataSet: 34
-15.205078125 -16.083984375 1.23046875 1.58203125 1.7170806006604 -1.40625 -108.10546875 1.318359375
754.420 253.716 311.800 854.833
-0.8350527 0.3568396 0.418751 754.4196 0.3938216 0.9191846 0.002054499 253.7157 -0.3841764 0.1666288 -0.9080988 311.8004 0 0 0 1
DataSet: 35
-53.525390625 50.009765625 2.197265625 1.58203125 0.801330841102534 -1.58203125 -92.548828125 0.615234375
696.884 257.720 282.722 794.983
-0.8615099 0.3932472 0.3211813 696.884 0.3865421 0.9181298 -0.08730935 257.7201 -0.3292202 0.04893219 -0.9429845 282.7221 0 0 0 1
DataSet: 36
-53.7890625 59.853515625 3.076171875 1.58203125 0.457969322775663 -2.548828125 -78.046875 0.3515625
703.533 259.710 191.116 773.908
-0.8278215 0.4116108 0.3811668 703.5332 0.3690675 0.9113 -0.1825418 259.7103 -0.4224935 -0.01043579 -0.9063059 191.1163 0 0 0 1
DataSet: 37
-50.009765625 67.236328125 0.791015625 1.58203125 -0.572332141376909 -0.3515625 -68.37890625 -0.439453125
693.847 253.785 70.820 742.190
-0.8627692 0.3709579 0.3435398 693.8466 0.3165313 0.92614 -0.2051162 253.7849 -0.3942554 -0.0682268 -0.9164649 70.81953 0 0 0 1
DataSet: 38
-45.52734375 68.5546875 2.109375 1.58203125 -2.06041678813791 -1.0546875 -63.544921875 -1.58203125
698.519 257.981 -10.962 744.717
-0.8783344 0.3789139 0.2914668 698.5188 0.3250038 0.9204352 -0.2171901 257.9811 -0.3505727 -0.09603776 -0.9315984 -10.96249 0 0 0 1
DataSet: 39
-44.6484375 69.169921875 2.197265625 1.58203125 2.28981078513596 -2.63671875 -76.46484375 1.7578125
694.090 255.584 -53.382 741.575
-0.9276996 0.368959 0.05694487 694.0901 0.3483 0.9102882 -0.2237465 255.584 -0.1343895 -0.1877356 -0.9729824 -53.38225 0 0 0 1
DataSet: 40
-39.990234375 68.994140625 2.109375 1.58203125 -2.17481356410329 -0.52734375 -49.833984375 -1.669921875
688.058 258.865 -98.892 741.764
-0.8520305 0.3568705 0.3829981 688.058 0.2611849 0.9238515 -0.2797869 258.8646 -0.4536811 -0.1383537 -0.8803589 -98.89246 0 0 0 1
DataSet: 41
-38.49609375 71.015625 2.548828125 1.58203125 -0.343488467253096 -2.724609375 -50.009765625 -0.263671875
679.933 256.905 -144.560 741.084
-0.87435 0.3610226 0.3243067 679.9326 0.2539778 0.9098526 -0.3281212 256.9048 -0.4135304 -0.2045261 -0.8872213 -144.5596 0 0 0 1
DataSet: 42
-33.310546875 68.90625 2.724609375 1.58203125 -3.66725327240072 -5.9765625 -44.033203125 -2.8125
695.785 250.007 -186.404 762.474
-0.8436735 0.4220556 0.3317893 695.7852 0.2974388 0.8819709 -0.3655921 250.0072 -0.4469286 -0.2097533 -0.8696312 -186.4043 0 0 0 1
DataSet: 43
-26.3671875 62.138671875 1.845703125 1.58203125 0.343447885524746 -2.021484375 -39.90234375 0.263671875
675.405 255.152 -249.084 763.752
-0.8615142 0.3215343 0.392949 675.4051 0.1759555 0.9150378 -0.3629677 255.1522 -0.4762698 -0.2435603 -0.8448938 -249.0841 0 0 0 1
DataSet: 44
-20.302734375 58.798828125 2.98828125 1.58203125 0.343533880639488 -3.33984375 -32.51953125 0.263671875
666.731 257.435 -311.900 779.798
-0.8386558 0.3201168 0.4406606 666.7311 0.1341198 0.9055166 -0.4025563 257.4354 -0.5278905 -0.2785048 -0.8023508 -311.8995 0 0 0 1
DataSet: 45
56.162109375 -42.802734375 2.548828125 1.58203125 -0.228981318670172 -2.4609375 -70.224609375 -0.17578125
710.184 257.533 -327.856 823.514
-0.8536066 0.4040635 0.3287682 710.1844 0.3470465 0.9117888 -0.2195448 257.5331 -0.3884772 -0.07330699 -0.9185377 -327.856 0 0 0 1
DataSet: 46
74.53125 -69.78515625 2.021484375 1.58203125 1.48879224050596 -3.779296875 -82.08984375 1.142578125
655.050 252.595 -294.995 761.523
-0.8601547 0.4286826 0.2763424 655.0504 0.3912573 0.9021715 -0.181671 252.5949 -0.3271874 -0.04814421 -0.9437322 -294.9948 0 0 0 1
DataSet: 47
68.994140625 -73.037109375 0.703125 1.58203125 2.74724917156929 1.40625 -89.736328125 2.109375
660.510 256.340 -190.556 733.686
-0.8739499 0.349686 0.3375372 660.5103 0.3250927 0.9368625 -0.1288539 256.3401 -0.3612844 -0.002880996 -0.9324512 -190.5556 0 0 0 1
DataSet: 48
72.509765625 -86.220703125 2.548828125 1.58203125 -1.14546749916453 -4.482421875 -94.306640625 -0.87890625
652.294 253.236 -90.047 705.496
-0.8133588 0.4213602 0.4011272 652.2937 0.440821 0.8963271 -0.04769273 253.2357 -0.3796369 0.138034 -0.91478 -90.04741 0 0 0 1
DataSet: 49
68.73046875 -86.66015625 2.197265625 1.58203125 0.343533880639488 -3.33984375 -115.927734375 0.263671875
653.439 254.080 -40.981 702.295
-0.9031008 0.3989015 0.1590174 653.4393 0.4152913 0.9055166 0.08702181 254.0797 -0.1092798 0.144628 -0.9834331 -40.98096 0 0 0 1
DataSet: 50
54.4921875 -77.87109375 2.109375 1.58203125 -2.40441749146906 2.900390625 -107.490234375 -1.845703125
654.251 264.437 33.318 706.457
-0.890747 0.2736982 0.3628486 654.2509 0.319985 0.9446059 0.07300214 264.4371 -0.3227684 0.1811325 -0.9289842 33.31837 0 0 0 1
DataSet: 51
51.15234375 -83.84765625 1.669921875 1.58203125 1.94598247121539 -1.23046875 -129.990234375 1.494140625
651.041 255.744 106.390 707.515
-0.9263941 0.3416033 0.1584336 651.0406 0.3639096 0.9203046 0.1435593 255.7445 -0.09676682 0.190648 -0.9768775 106.3897 0 0 0 1
DataSet: 52
-49.833984375 66.796875 2.724609375 1.58203125 1.72606165239848 12.12890625 -64.16015625 1.318359375
635.524 278.385 74.711 697.833
-0.879321 0.1582279 0.4491753 635.5239 0.1141452 0.9857229 -0.1237792 278.3848 -0.4623477 -0.05757047 -0.8848279 74.71097 0 0 0 1
DataSet: 53
-53.61328125 61.69921875 3.603515625 1.58203125 -0.573144225357398 6.328125 -95.80078125 -0.439453125
662.776 276.264 179.053 740.036
-0.96004 0.2672025 0.08322211 662.7756 0.2666041 0.9636299 -0.01842958 276.2642 -0.08511975 0.004494218 -0.9963606 179.0528 0 0 0 1
DataSet: 54
-62.75390625 61.787109375 3.251953125 1.58203125 -2.86160073657068 -0.966796875 -84.638671875 -2.197265625
659.110 262.882 293.525 767.913
-0.83416 0.3798328 0.3998802 659.1101 0.3850414 0.9201766 -0.07083898 262.8817 -0.3948673 0.09487937 -0.9138259 293.5246 0 0 0 1
DataSet: 55
-45.966796875 67.1484375 5.09765625 1.58203125 4.0450849719697 16.34765625 -60.732421875 3.076171875
614.990 290.744 7.890 680.299
-0.9041887 0.06836715 0.4216263 614.9897 0.02354073 0.9935832 -0.1106268 290.7442 -0.4264841 -0.09010214 -0.8999961 7.890367 0 0 0 1
DataSet: 56
-46.0546875 67.1484375 5.09765625 1.58203125 19.6508458452288 3.955078125 -67.5 15.1171875
646.072 262.866 -81.055 702.195
-0.9284213 0.1796576 0.3252032 646.072 0.01499024 0.8927111 -0.4503801 262.8661 -0.3712267 -0.4132676 -0.8315051 -81.05482 0 0 0 1
DataSet: 57
-26.630859375 37.177734375 4.5703125 1.58203125 -12.7139646458558 6.85546875 -64.86328125 -9.755859375
758.208 272.681 48.501 807.210
-0.8500113 0.3062157 0.4286172 758.2083 0.3526427 0.9352384 0.03118297 272.6811 -0.3913105 0.1776546 -0.9029479 48.50123 0 0 0 1
DataSet: 58
-46.318359375 68.818359375 -1.93359375 1.58203125 -1.15863648692773 -18.193359375 -71.982421875 -0.87890625
762.049 197.751 -29.312 787.834
-0.7858527 0.6111444 0.09454138 762.0488 0.5571582 0.7660272 -0.3205887 197.7513 -0.2683473 -0.199261 -0.9424886 -29.31159 0 0 0 1
DataSet: 59
-26.806640625 13.53515625 -5.9765625 1.58203125 -3.66826467575163 -6.591796875 -107.40234375 -2.8125
802.834 210.582 237.163 863.211
-0.8786631 0.452814 0.1513622 802.8343 0.4695661 0.8769381 0.1024071 210.5815 -0.0863639 0.1610559 -0.9831593 237.1629 0 0 0 1
DataSet: 60
-25.224609375 15.380859375 -4.39453125 1.58203125 0.229082753926512 -4.306640625 -93.779296875 0.17578125
806.570 223.490 172.372 854.526
-0.8502164 0.4350256 0.2964538 806.5698 0.4327953 0.8982126 -0.07682762 223.4904 -0.2997005 0.06298371 -0.951952 172.3716 0 0 0 1
DataSet: 61
-13.53515625 6.6796875 -3.076171875 1.58203125 -3.54877501630737 -2.197265625 -84.90234375 -2.724609375
817.033 232.675 97.000 855.038
-0.8390496 0.4014221 0.3672276 817.0333 0.4079412 0.9107952 -0.0635313 232.6746 -0.359972 0.09650135 -0.9279588 97.00002 0 0 0 1
DataSet: 62
-10.634765625 6.591796875 -3.076171875 1.58203125 -2.28932320623852 -0.966796875 -68.73046875 -1.7578125
815.140 235.460 53.941 850.179
-0.7361388 0.385788 0.5561181 815.1397 0.344664 0.9208066 -0.1825432 235.4596 -0.5825002 0.05729672 -0.8108087 53.94137 0 0 0 1
DataSet: 63
-7.55859375 6.591796875 -2.900390625 1.58203125 -0.801260123931737 -0.087890625 -79.62890625 -0.615234375
812.576 238.126 9.210 846.798
-0.8522582 0.3729356 0.3668447 812.5755 0.3484437 0.9277528 -0.1336479 238.1257 -0.3901832 0.01392217 -0.9206319 9.210336 0 0 0 1
DataSet: 64
-8.7890625 6.6796875 -2.021484375 1.58203125 9.26676797091429 0.3515625 -84.990234375 7.119140625
809.649 239.480 -25.704 844.715
-0.8812504 0.3622605 0.303587 809.6492 0.2830583 0.9188869 -0.274818 239.48 -0.3785178 -0.1562507 -0.9123102 -25.70388 0 0 0 1
DataSet: 65
3.8671875 6.6796875 -2.109375 1.58203125 -6.52299588858662 0.87890625 -53.525390625 -5.009765625
804.965 240.940 -94.088 845.502
-0.7156618 0.3747478 0.5893999 804.9653 0.3269854 0.9254484 -0.191379 240.9401 -0.6171781 0.0557625 -0.7848451 -94.08842 0 0 0 1
DataSet: 66
29.1796875 -31.2890625 -3.33984375 1.58203125 0.573055829357445 -5.9765625 -82.96875 0.439453125
810.132 224.494 -109.515 847.764
-0.811143 0.4652834 0.3543421 810.1319 0.4323331 0.8850622 -0.1724906 224.4936 -0.3938718 0.01327931 -0.9190695 -109.5151 0 0 0 1
DataSet: 67
28.30078125 -24.873046875 -2.63671875 1.58203125 0.229064852333338 -4.04296875 -67.412109375 0.17578125
802.388 231.707 -159.147 850.201
-0.7536871 0.4348592 0.4928015 802.3878 0.3503752 0.9002253 -0.2585179 231.7073 -0.5560513 -0.02217614 -0.8308521 -159.1466 0 0 0 1
DataSet: 68
34.013671875 -24.78515625 -2.98828125 1.58203125 -1.60284375784155 -2.4609375 -67.060546875 -1.23046875
773.906 233.159 -238.982 842.856
-0.8165014 0.4107742 0.405697 773.9063 0.3501971 0.9110407 -0.2176393 233.1587 -0.4590071 -0.03562894 -0.8877179 -238.9824 0 0 0 1
DataSet: 69
35.33203125 -24.697265625 -1.58203125 1.58203125 7.89942643762255 -3.955078125 -70.3125 6.064453125
765.109 234.133 -304.484 856.108
-0.8518599 0.3988476 0.3394926 765.1086 0.2759283 0.89267 -0.3563761 234.1334 -0.4451946 -0.2099069 -0.8704832 -304.4842 0 0 0 1
DataSet: 70
58.359375 -46.142578125 -1.845703125 1.58203125 0.572427409846887 -2.197265625 -69.169921875 0.439453125
704.666 238.890 -320.117 809.999
-0.8381538 0.3991926 0.3716766 704.6664 0.3306732 0.9138176 -0.235781 238.8902 -0.4337666 -0.07471729 -0.897922 -320.1166 0 0 0 1
DataSet: 71
61.083984375 -53.61328125 -1.669921875 1.58203125 -2.40425436266913 -2.548828125 -78.75 -1.845703125
706.401 238.530 -263.305 790.714
-0.8568203 0.4151664 0.3057707 706.4009 0.3947321 0.9096891 -0.129044 238.5304 -0.331731 0.01013002 -0.9433196 -263.305 0 0 0 1
DataSet: 72
57.041015625 -59.0625 -2.28515625 1.58203125 0.229053551227657 -3.8671875 -82.265625 0.17578125
726.324 233.621 -179.410 783.781
-0.8122845 0.4317098 0.3921997 726.3241 0.402391 0.9015567 -0.1589876 233.6209 -0.4222268 0.02867446 -0.9060366 -179.4097 0 0 0 1
DataSet: 73
53.173828125 -58.88671875 -2.373046875 1.58203125 -0.572443690391913 -2.373046875 -71.455078125 -0.439453125
728.973 236.183 -133.960 777.901
-0.6989083 0.4043514 0.5899383 728.9731 0.3540803 0.912288 -0.2058101 236.1833 -0.6214132 0.06504317 -0.7807785 -133.9603 0 0 0 1
DataSet: 74
45.87890625 -60.8203125 -4.04296875 1.58203125 -0.57273730935254 -4.482421875 -96.943359375 -0.439453125
743.112 224.552 -33.353 777.014
-0.8296039 0.4236444 0.3637072 743.1117 0.4411487 0.8966233 -0.03813723 224.5522 -0.342265 0.1288102 -0.9307323 -33.35306 0 0 0 1
DataSet: 75
34.716796875 -53.96484375 -3.1640625 1.58203125 0.572427409846887 -2.197265625 -93.779296875 0.439453125
754.106 233.131 25.492 789.732
-0.7965901 0.3866464 0.4647028 754.1064 0.3988236 0.9138176 -0.07666247 233.131 -0.4542948 0.1242659 -0.8821418 25.49249 0 0 0 1
DataSet: 76
20.0390625 -45.966796875 -3.1640625 1.58203125 11.0996701769479 3.603515625 -108.369140625 8.525390625
755.348 238.148 102.655 798.626
-0.8555615 0.3607965 0.3712687 755.3478 0.3162691 0.9320267 -0.1769183 238.1484 -0.4098639 -0.03394364 -0.9115149 102.6549 0 0 0 1
DataSet: 77
26.3671875 -47.548828125 -2.63671875 1.58203125 -7.90024006787267 -4.306640625 -97.03125 -6.064453125
760.863 227.650 128.219 804.473
-0.8115379 0.362117 0.4585603 760.8627 0.4522139 0.8862334 0.1004635 227.6503 -0.3700119 0.2888973 -0.8829663 128.2185 0 0 0 1
DataSet: 78
4.658203125 -31.904296875 -3.603515625 1.58203125 2.74752626971001 -2.197265625 -111.005859375 2.109375
769.454 230.973 225.512 834.424
-0.8531775 0.3793097 0.3580673 769.4538 0.4075806 0.9131613 0.003819695 230.9734 -0.3255244 0.1492002 -0.9336879 225.5115 0 0 0 1
DataSet: 79
-21.005859375 -11.513671875 -1.58203125 1.58203125 15.0877786152123 -0.17578125 -109.775390625 11.6015625
766.949 234.566 289.665 852.724
-0.7996053 0.4468338 0.4012118 766.9492 0.3805612 0.8938573 -0.2370492 234.566 -0.4645477 -0.03686015 -0.8847806 289.6651 0 0 0 1
DataSet: 80
-45 34.189453125 -0.615234375 1.58203125 12.0117752561539 2.98828125 -100.01953125 9.228515625
718.911 247.423 240.285 797.363
-0.8914141 0.3560135 0.2804198 718.9106 0.2945735 0.9253999 -0.2384564 247.4234 -0.3443942 -0.1299592 -0.9297867 240.285 0 0 0 1
DataSet: 81
-46.142578125 52.119140625 -1.7578125 1.58203125 -0.114488965503602 -2.373046875 -84.990234375 -0.087890625
735.446 238.905 150.154 787.720
-0.8787377 0.4089342 0.2461559 735.4457 0.3894935 0.9124514 -0.1254081 238.9047 -0.275889 -0.01432471 -0.9610828 150.1541 0 0 0 1
DataSet: 82
-47.4609375 63.544921875 -3.779296875 1.58203125 0.343443660239223 -1.93359375 -70.83984375 0.263671875
711.189 230.981 58.997 750.082
-0.8674895 0.3922153 0.3059888 711.1891 0.3363646 0.9156553 -0.2200778 230.9808 -0.3664982 -0.08799132 -0.9262487 58.9968 0 0 0 1
DataSet: 83
-47.900390625 63.369140625 -1.845703125 1.58203125 8.46917781160017 -2.900390625 -67.939453125 6.50390625
707.166 234.706 28.170 745.630
-0.8501353 0.3771717 0.3674391 707.166 0.2408506 0.8990606 -0.3656241 234.7057 -0.4682531 -0.222332 -0.8551652 28.16999 0 0 0 1
DataSet: 84
-30.849609375 41.220703125 0.263671875 1.58203125 6.89423217401262 10.72265625 -69.521484375 5.2734375
709.915 264.610 -3.736 757.636
-0.8988249 0.1656545 0.4057984 709.9151 0.08698131 0.9748296 -0.2052841 264.6102 -0.4295905 -0.1492176 -0.89061 -3.735656 0 0 0 1
DataSet: 85
-42.451171875 74.00390625 -2.021484375 1.58203125 -3.66390497298099 -3.1640625 -50.44921875 -2.8125
683.227 235.305 -106.689 730.446
-0.8567615 0.4006478 0.324717 683.2275 0.3110276 0.9036726 -0.2943425 235.305 -0.4113655 -0.1511854 -0.8988445 -106.6893 0 0 0 1
DataSet: 86
-34.541015625 74.267578125 -1.318359375 1.58203125 -15.2074018508134 3.251953125 -49.130859375 -11.689453125
674.248 238.926 -141.314 729.154
-0.8780861 0.4237362 0.2222888 674.248 0.4153855 0.9056208 -0.08547454 238.9263 -0.237528 0.01728154 -0.9712269 -141.3145 0 0 0 1
DataSet: 87
-26.103515625 67.412109375 0.52734375 1.58203125 -17.2945152222579 8.349609375 -40.60546875 -13.271484375
665.461 250.116 -195.394 737.275
-0.8681015 0.3918508 0.3047175 665.4608 0.3950161 0.9170872 -0.05397547 250.1158 -0.3006028 0.07351213 -0.9509121 -195.3939 0 0 0 1
DataSet: 88
62.578125 -62.75390625 -4.306640625 1.58203125 -7.89629654811287 -2.109375 -82.6171875 -6.064453125
699.072 224.914 -163.656 752.377
-0.8363156 0.4006928 0.3741944 699.0723 0.4312769 0.9022169 -0.002213333 224.9137 -0.3384914 0.1595304 -0.9273477 -163.6557 0 0 0 1
DataSet: 89
66.62109375 -61.611328125 -4.39453125 1.58203125 0 -5.537109375 -40.517578125 0
700.009 220.643 -261.839 779.266
-0.4347589 0.458583 0.7750396 700.0086 0.2094606 0.8885226 -0.4082327 220.6434 -0.8758487 -0.01514257 -0.4823482 -261.8387 0 0 0 1
DataSet: 90
68.5546875 -58.271484375 -4.39453125 1.58203125 0 -5.537109375 -40.4296875 0
686.304 220.642 -318.683 788.198
-0.5113646 0.4553143 0.7288313 686.3043 0.2088341 0.8885226 -0.4085535 220.6424 -0.8336033 -0.05671497 -0.5494442 -318.6828 0 0 0 1
DataSet: 91
78.92578125 -73.037109375 -5.009765625 1.58203125 -6.29617102009793 -3.076171875 -40.693359375 -4.833984375
630.825 221.118 -282.371 725.649
-0.4871678 0.431002 0.7595425 630.8246 0.2997808 0.8994151 -0.3180943 221.1182 -0.8202433 0.07273097 -0.5673721 -282.371 0 0 0 1
DataSet: 92
73.564453125 -79.1015625 -2.109375 1.58203125 -5.26557052818707 -2.373046875 -84.111328125 -4.04296875
650.049 235.729 -154.834 708.594
-0.8157262 0.3962456 0.4214026 650.0488 0.420026 0.9066535 -0.03946634 235.7293 -0.3977045 0.1448064 -0.9060144 -154.8339 0 0 0 1
DataSet: 93
70.751953125 -82.353515625 -3.779296875 1.58203125 -1.14546749916453 -4.482421875 -90.3515625 -0.87890625
663.840 225.646 -101.745 708.485
-0.7950967 0.4248427 0.4328163 663.8399 0.4364816 0.8963271 -0.07798448 225.6456 -0.4210761 0.1269111 -0.8981027 -101.745 0 0 0 1
DataSet: 94
65.7421875 -84.375 -1.845703125 1.58203125 2.17480168310112 -0.3515625 -103.53515625 1.669921875
652.530 242.216 -40.954 697.239
-0.8584368 0.3627152 0.3626625 652.5305 0.3754397 0.9260862 -0.03754 242.2157 -0.3494731 0.1039322 -0.9311641 -40.95448 0 0 0 1
DataSet: 95
53.61328125 -77.51953125 -4.658203125 1.58203125 -6.8716106992676 4.833984375 -108.10546875 -5.2734375
636.022 235.348 55.991 680.476
-0.9104787 0.2098114 0.3563814 636.0215 0.2802737 0.9467133 0.158684 235.3479 -0.3040973 0.2443628 -0.9207669 55.99147 0 0 0 1
DataSet: 96
-60.908203125 88.681640625 -3.1640625 1.58203125 -1.71702805416264 -1.0546875 -58.88671875 -1.318359375
625.952 235.032 14.843 668.787
-0.8639646 0.3737692 0.3374341 625.9518 0.3016803 0.9207349 -0.2474594 235.0316 -0.40318 -0.1119989 -0.9082412 14.8432 0 0 0 1
DataSet: 97
-63.6328125 82.08984375 -2.98828125 1.58203125 -0.458117821589303 3.955078125 -68.5546875 -0.3515625
618.929 244.318 100.744 672.989
-0.886993 0.3016858 0.3496127 618.9289 0.2591648 0.9518363 -0.1638333 244.3184 -0.3822002 -0.05471172 -0.9224585 100.7438 0 0 0 1
DataSet: 98
-71.455078125 78.046875 -1.93359375 1.58203125 -1.25921463194384 -1.494140625 -78.75 -0.966796875
632.850 239.686 208.760 708.187
-0.8511433 0.3963408 0.3441933 632.8497 0.3704059 0.9180744 -0.1412051 239.6859 -0.3719604 0.00730545 -0.9282199 208.7603 0 0 0 1
DataSet: 99
21.97265625 -70.927734375 1.58203125 1.58203125 -6.52307425344817 -1.0546875 -131.044921875 -5.009765625
592.251 253.007 355.133 735.455
-0.9125631 0.1659695 0.3737413 592.251 0.2854211 0.9130068 0.2914677 253.0068 -0.2928536 0.3726563 -0.8805476 355.1333 0 0 0 1
DataSet: 100
36.5625 -65.56640625 -7.294921875 1.58203125 6.86761281139233 -2.63671875 -81.826171875 5.2734375
727.808 212.686 78.882 762.340
-0.5486456 0.4161533 0.7251238 727.8083 0.3311132 0.9045537 -0.2686013 212.686 -0.7676927 0.09273117 -0.6340732 78.88218 0 0 0 1
DataSet: 101
-13.095703125 -8.876953125 10.546875 1.58203125 -1.26578957406184 -12.12890625 -99.052734375 -0.966796875
827.854 269.597 243.942 904.175
-0.7576881 0.5198049 0.3946031 827.8537 0.5581407 0.8294815 -0.02096268 269.5967 -0.3382125 0.2043609 -0.9186125 243.9417 0 0 0 1
DataSet: 102
-12.041015625 -4.921875 7.470703125 1.58203125 -0.22917354663259 -5.44921875 -95.361328125 -0.17578125
818.605 272.750 178.011 881.019
-0.8163931 0.4414296 0.3723468 818.6048 0.4537351 0.8891621 -0.05928966 272.7499 -0.3572488 0.1205431 -0.9261979 178.011 0 0 0 1
DataSet: 103
-6.416015625 -4.833984375 8.61328125 1.58203125 -1.2595132419582 -2.98828125 -91.669921875 -0.966796875
818.882 282.758 110.603 873.357
-0.8427533 0.4093468 0.3495742 818.8818 0.4157536 0.9074734 -0.060341 282.7584 -0.3419296 0.09448414 -0.9349636 110.6032 0 0 0 1
DataSet: 104
-5.009765625 -4.921875 8.876953125 1.58203125 3.89190268172703 -1.7578125 -81.2109375 2.98828125
818.476 286.081 68.022 869.697
-0.7786503 0.4028035 0.4810956 818.4763 0.3400187 0.9152749 -0.2160074 286.0811 -0.5273432 -0.004612768 -0.8496398 68.02236 0 0 0 1
DataSet: 105
2.724609375 -5.009765625 8.96484375 1.58203125 -2.5183309111953 1.40625 -66.26953125 -1.93359375
806.125 292.074 11.619 857.485
-0.7183983 0.3467027 0.6030764 806.1255 0.3092057 0.9357464 -0.1696186 292.0744 -0.6231338 0.06462099 -0.7794411 11.61886 0 0 0 1
DataSet: 106
23.994140625 -32.783203125 7.734375 1.58203125 -3.20759812241323 -4.921875 -90.615234375 -2.4609375
807.865 274.382 1.780 853.191
-0.8246074 0.4347268 0.361988 807.8651 0.452317 0.8909761 -0.03963466 274.3817 -0.3397529 0.1310503 -0.9313397 1.779592 0 0 0 1
DataSet: 107
17.75390625 -20.390625 8.876953125 1.58203125 -1.14495293243836 -2.724609375 -79.541015625 -0.87890625
814.331 284.490 -42.457 863.639
-0.8025662 0.4127688 0.4307079 814.331 0.3891157 0.9094622 -0.1465181 284.4897 -0.4521907 0.05000477 -0.8905184 -42.45691 0 0 0 1
DataSet: 108
23.642578125 -22.8515625 8.173828125 1.58203125 -3.20631853534752 -3.603515625 -61.083984375 -2.4609375
810.932 279.116 -93.134 862.664
-0.6624763 0.4296462 0.6136198 810.9315 0.3591796 0.9010455 -0.2431193 279.1158 -0.6573547 0.05933892 -0.7512414 -93.13445 0 0 0 1
DataSet: 109
26.54296875 -22.8515625 9.31640625 1.58203125 -2.40521783995862 -4.21875 -77.958984375 -1.845703125
806.683 283.061 -139.238 866.169
-0.8289444 0.4408258 0.3442729 806.6831 0.416353 0.8973252 -0.1464845 283.0609 -0.3734989 0.02191154 -0.9273718 -139.2379 0 0 0 1
DataSet: 110
30.322265625 -22.8515625 8.61328125 1.58203125 -3.43463132707691 -2.724609375 -69.2578125 -2.63671875
789.057 282.724 -191.449 859.765
-0.8101174 0.420562 0.4084574 789.0566 0.3812707 0.9071892 -0.1778775 282.7242 -0.4453566 0.0116312 -0.8952777 -191.4495 0 0 0 1
DataSet: 111
33.837890625 -22.8515625 10.1953125 1.58203125 -0.91625485489912 -4.04296875 -50.44921875 -0.703125
776.056 287.466 -260.015 867.472
-0.6806242 0.4313888 0.5921608 776.0561 0.2773234 0.8998221 -0.3367668 287.4657 -0.6781169 -0.0649916 -0.7320749 -260.0149 0 0 0 1
DataSet: 112
37.705078125 -22.939453125 6.6796875 1.58203125 -0.916568707072115 -5.09765625 -48.955078125 -0.703125
762.509 269.932 -314.028 867.696
-0.7060585 0.4417893 0.5534471 762.5095 0.2776352 0.8916603 -0.3575759 269.9319 -0.65146 -0.09881308 -0.7522206 -314.0276 0 0 0 1
DataSet: 113
60.556640625 -47.021484375 4.74609375 1.58203125 -1.03092237250148 -4.482421875 -62.40234375 -0.791015625
706.684 262.885 -332.248 823.953
-0.7857158 0.4385387 0.4362735 706.6836 0.3475724 0.8963948 -0.2750815 262.8854 -0.5117071 -0.06449929 -0.8567355 -332.2481 0 0 0 1
DataSet: 114
59.0625 -49.921875 8.96484375 1.58203125 -2.74773290967693 -2.63671875 -57.3046875 -2.109375
710.349 284.635 -277.750 814.100
-0.7070293 0.4174815 0.5708054 710.3494 0.3258645 0.9086842 -0.26097 284.6353 -0.627632 0.001491719 -0.7785088 -277.7497 0 0 0 1
DataSet: 115
56.77734375 -52.20703125 9.052734375 1.58203125 -3.09116037256398 -2.63671875 -66.62109375 -2.373046875
720.827 284.928 -228.560 808.094
-0.7512909 0.416625 0.5118454 720.8274 0.3677119 0.9082724 -0.1995726 284.9282 -0.548042 0.03827457 -0.8355747 -228.5596 0 0 0 1
DataSet: 116
53.4375 -54.140625 9.84375 1.58203125 -4.23574181850369 -2.548828125 -61.34765625 -3.251953125
730.430 288.075 -165.502 802.437
-0.645134 0.4099644 0.6447722 730.4295 0.3612263 0.9072522 -0.2154277 288.0753 -0.6732887 0.09392893 -0.7333891 -165.5018 0 0 0 1
DataSet: 117
57.919921875 -66.357421875 9.4921875 1.58203125 -1.83514666067865 -7.55859375 -85.693359375 -1.40625
730.468 276.517 -102.677 787.774
-0.7619201 0.4765297 0.4386311 730.4679 0.4775607 0.870836 -0.1165355 276.5165 -0.4375083 0.1206822 -0.8910792 -102.6769 0 0 0 1
DataSet: 118
48.8671875 -63.45703125 8.61328125 1.58203125 -1.14553287984365 -4.658203125 -88.06640625 -0.87890625
734.681 279.340 -36.469 786.839
-0.761662 0.4234453 0.4904743 734.6807 0.4356524 0.894967 -0.0961307 279.3398 -0.4796644 0.1404572 -0.8661373 -36.46875 0 0 0 1
DataSet: 119
44.6484375 -63.45703125 7.998046875 1.58203125 -1.60378037107336 -4.74609375 -108.896484375 -1.23046875
735.498 276.231 11.845 785.748
-0.8765314 0.412959 0.2473006 735.4977 0.4420025 0.8939712 0.07381932 276.2306 -0.1905953 0.1740124 -0.9661227 11.8454 0 0 0 1
DataSet: 120
36.73828125 -60.732421875 8.4375 1.58203125 0.572480020505903 -2.724609375 -88.154296875 0.439453125
735.717 282.732 61.649 790.580
-0.698742 0.3833483 0.6039898 735.7166 0.3974169 0.9100411 -0.1178343 282.7316 -0.5948271 0.1577 -0.7882331 61.64915 0 0 0 1
DataSet: 121
23.994140625 -47.63671875 7.470703125 1.58203125 1.25966636020944 3.515625 -98.0859375 0.966796875
738.243 289.350 107.911 800.231
-0.8209695 0.2924291 0.4904022 738.2426 0.3095623 0.9496639 -0.04805892 289.3496 -0.479771 0.1123551 -0.8701701 107.9108 0 0 0 1
DataSet: 122
19.599609375 -47.28515625 7.470703125 1.58203125 2.1750798207308 1.93359375 -98.173828125 1.669921875
737.466 286.817 161.489 807.589
-0.7742109 0.3141528 0.5494593 737.4663 0.3333367 0.9403551 -0.06796189 286.8171 -0.5380374 0.1305382 -0.8327518 161.4888 0 0 0 1
DataSet: 123
19.3359375 -51.6796875 10.810546875 1.58203125 0.343443660239223 -1.93359375 -113.37890625 0.263671875
724.953 294.402 219.538 812.666
-0.8486999 0.3386795 0.4062077 724.9532 0.396632 0.9156553 0.06525671 294.4019 -0.3498451 0.2164983 -0.9114477 219.5379 0 0 0 1
DataSet: 124
0.615234375 -34.716796875 4.833984375 1.58203125 1.94603192444451 1.494140625 -110.126953125 1.494140625
726.864 274.568 286.848 828.251
-0.8323607 0.3042832 0.4632357 726.8637 0.3470177 0.9378285 0.007509095 274.5684 -0.4321508 0.1670013 -0.8862033 286.8478 0 0 0 1
DataSet: 125
-55.986328125 55.72265625 2.28515625 1.58203125 1.60297750775688 -2.900390625 -109.423828125 1.23046875
695.911 255.416 256.779 784.516
-0.9087736 0.4172299 0.007051562 695.9115 0.4172895 0.9086487 0.01506502 255.4157 -0.0001218167 0.01663323 -0.9998617 256.7785 0 0 0 1
DataSet: 126
-58.271484375 66.884765625 12.392578125 1.58203125 4.57975428155127 -3.251953125 -102.919921875 3.515625
681.989 298.110 157.369 760.752
-0.9081372 0.4161955 -0.04547597 681.9892 0.4186522 0.9037941 -0.08880678 298.1102 0.004139925 -0.09968735 -0.9950102 157.3694 0 0 0 1
DataSet: 127
-58.7109375 73.564453125 11.865234375 1.58203125 3.20568668914177 -2.724609375 -70.400390625 2.4609375
668.840 297.274 104.150 739.301
-0.8432609 0.3995065 0.3595909 668.8404 0.3137507 0.9090525 -0.2741971 297.2741 -0.4364305 -0.1183978 -0.8919139 104.1501 0 0 0 1
DataSet: 128
-54.052734375 75.322265625 9.66796875 1.58203125 -3.0907048692547 -1.669921875 -54.66796875 -2.373046875
676.045 289.440 62.323 738.035
-0.7786242 0.3997614 0.4836684 676.0447 0.3086024 0.9150956 -0.2595468 289.4398 -0.5463596 -0.05282817 -0.835883 62.32283 0 0 0 1
DataSet: 129
-52.91015625 79.1015625 9.931640625 1.58203125 -3.09059001314974 -1.318359375 -64.6875 -2.373046875
663.516 291.273 12.505 724.741
-0.8841938 0.388344 0.2595964 663.5164 0.3447715 0.9175122 -0.1982521 291.2726 -0.3151729 -0.08579183 -0.9451486 12.50522 0 0 0 1
DataSet: 130
-52.03125 71.103515625 10.107421875 1.58203125 14.4066615633035 -2.373046875 -67.67578125 11.07421875
669.926 282.078 -6.624 726.920
-0.8751721 0.3335318 0.3504716 669.9262 0.1589776 0.8824221 -0.4427836 282.0779 -0.4569463 -0.3317946 -0.8252953 -6.623801 0 0 0 1
DataSet: 131
-39.375 63.80859375 10.01953125 1.58203125 3.55590472224444 7.822265625 -54.580078125 2.724609375
660.230 305.624 -68.857 730.788
-0.8824419 0.1984051 0.4265344 660.2304 0.1117377 0.9691608 -0.2196408 305.6236 -0.4569583 -0.1461603 -0.8773975 -68.85671 0 0 0 1
DataSet: 132
-40.693359375 74.35546875 10.546875 1.58203125 -1.03055373797736 3.1640625 -49.130859375 -0.791015625
645.302 302.001 -127.465 723.786
-0.8940184 0.2843314 0.3462466 645.3022 0.2062118 0.947234 -0.2454068 302.0006 -0.3977534 -0.1479981 -0.9054771 -127.4648 0 0 0 1
DataSet: 133
-37.6171875 76.2890625 10.72265625 1.58203125 -2.63295475556362 1.93359375 -34.013671875 -2.021484375
635.647 300.374 -174.548 724.388
-0.8192376 0.3037415 0.4864059 635.6467 0.1702052 0.9387737 -0.2995565 300.3741 -0.5476128 -0.1626192 -0.8207772 -174.5477 0 0 0 1
DataSet: 134
68.291015625 -78.310546875 6.767578125 1.58203125 -1.37455598685297 -4.482421875 -94.482421875 -1.0546875
677.680 271.607 -107.030 737.886
-0.8316153 0.4265626 0.3556126 677.6801 0.441695 0.896179 -0.04205713 271.6072 -0.3366325 0.122097 -0.9336867 -107.03 0 0 0 1
DataSet: 135
68.203125 -70.927734375 9.404296875 1.58203125 -2.86170628433204 -1.40625 -86.66015625 -2.197265625
673.293 288.862 -173.780 752.970
-0.8493912 0.3880431 0.3577109 673.2931 0.393985 0.9171928 -0.05944152 288.8622 -0.3511557 0.09044363 -0.9319386 -173.78 0 0 0 1
DataSet: 136
70.6640625 -71.279296875 9.580078125 1.58203125 1.48850973418986 -2.98828125 -74.00390625 1.142578125
671.656 287.144 -223.292 763.828
-0.7615739 0.4188883 0.4945076 671.6563 0.3511182 0.9080377 -0.2284372 287.144 -0.5447212 -0.0003412231 -0.8386171 -223.2915 0 0 0 1
DataSet: 137
73.916015625 -69.78515625 11.337890625 1.58203125 0.458203138596648 -4.5703125 -68.115234375 0.3515625
659.473 291.490 -282.169 774.268
-0.7556158 0.4428715 0.482607 659.4731 0.3575184 0.8962102 -0.2626555 291.4897 -0.5488399 -0.02592577 -0.8355253 -282.1694 0 0 0 1
DataSet: 138
79.013671875 -69.873046875 8.525390625 1.58203125 -2.51994830440327 -4.482421875 -51.767578125 -1.93359375
630.390 278.982 -335.453 766.649
-0.6620386 0.4451913 0.6029175 630.3899 0.31312 0.8951846 -0.3171758 278.9824 -0.6809264 -0.02119713 -0.7320451 -335.4531 0 0 0 1
DataSet: 139
80.33203125 -77.431640625 7.646484375 1.58203125 -1.60267547830254 -1.7578125 -61.69921875 -1.23046875
618.547 280.920 -276.335 733.402
-0.7069866 0.4008665 0.5826457 618.5474 0.3201842 0.9160025 -0.2417057 280.9203 -0.6305965 0.01567124 -0.7759526 -276.3348 0 0 0 1
DataSet: 140
80.244140625 -86.30859375 8.0859375 1.58203125 -0.916187808544249 -3.779296875 -79.27734375 -0.703125
625.828 278.954 -191.995 711.575
-0.7713706 0.4269786 0.4718862 625.8282 0.4016066 0.901815 -0.1595049 278.9543 -0.4936592 0.06647517 -0.8671111 -191.9947 0 0 0 1
DataSet: 141
65.302734375 -80.5078125 6.416015625 1.58203125 -4.93459050148122 8.701171875 -95.361328125 -3.779296875
612.956 289.753 -49.214 679.775
-0.8798273 0.1871156 0.4369116 612.9559 0.2396652 0.9684815 0.06785344 289.7533 -0.4104443 0.1644118 -0.8969416 -49.21366 0 0 0 1
DataSet: 142
-50.185546875 87.451171875 8.173828125 1.58203125 5.03656453229246 2.197265625 -53.349609375 3.8671875
592.151 289.378 -118.280 669.606
-0.9253534 0.2386279 0.2945808 592.1512 0.1426918 0.9391323 -0.3125214 289.3776 -0.3512267 -0.2471585 -0.9030795 -118.2795 0 0 0 1
DataSet: 143
-53.525390625 83.056640625 9.755859375 1.58203125 3.8961265800173 5.80078125 -58.88671875 2.98828125
604.793 301.936 -31.881 676.725
-0.9136527 0.2243274 0.3389927 604.7929 0.1467435 0.9597204 -0.2395893 301.9358 -0.3790847 -0.1691565 -0.9097697 -31.8813 0 0 0 1
DataSet: 144
-51.943359375 78.662109375 14.150390625 1.494140625 -10.7158752911492 14.23828125 -59.501953125 -8.173828125
610.807 323.132 71.410 694.693
-0.9014276 0.2031258 0.3823194 610.8068 0.2432357 0.9681643 0.05911335 323.132 -0.3581405 0.1462801 -0.9221374 71.41047 0 0 0 1
DataSet: 145
-55.634765625 59.150390625 18.28125 1.58203125 16.2960098451159 10.8984375 -84.7265625 12.48046875
625.113 332.878 141.805 722.276
-0.9164648 0.1914629 0.3513321 625.1133 0.06855521 0.9402321 -0.3335623 332.8778 -0.3941985 -0.2816124 -0.8748153 141.8047 0 0 0 1
DataSet: 146
-54.931640625 50.09765625 11.953125 1.58203125 15.0183458927002 9.140625 -123.92578125 11.513671875
647.689 306.347 222.359 750.195
-0.9518232 0.2553679 -0.1697638 647.6886 0.2851638 0.9406896 -0.1838061 306.3468 0.1127569 -0.2233614 -0.9681919 222.3591 0 0 0 1
DataSet: 147
-42.978515625 63.193359375 8.349609375 1.58203125 -1.14465249043433 -0.087890625 -63.28125 -0.87890625
709.063 287.147 -6.980 765.031
-0.8717914 0.3617728 0.3303033 709.0627 0.3010246 0.9275559 -0.221414 287.1472 -0.3864763 -0.09359738 -0.9175377 -6.979817 0 0 0 1
DataSet: 148
-18.984375 39.111328125 8.7890625 1.58203125 -0.228935318056763 0.615234375 -48.955078125 -0.17578125
750.946 290.325 -156.335 820.152
-0.811456 0.336413 0.4778761 750.9465 0.2161885 0.9324902 -0.2893519 290.3252 -0.5429565 -0.1314851 -0.8294033 -156.3345 0 0 0 1
DataSet: 149
15.908203125 -34.189453125 7.822265625 1.58203125 -1.48807226256449 -0.791015625 -93.955078125 -1.142578125
780.186 283.479 115.126 838.036
-0.8092675 0.3535476 0.4691378 780.1865 0.3841657 0.9226864 -0.0326574 283.4788 -0.444413 0.1537981 -0.882521 115.1256 0 0 0 1
DataSet: 150
39.990234375 -61.962890625 7.646484375 1.58203125 -0.458035502573555 -3.251953125 -104.23828125 -0.3515625
734.309 278.070 42.503 786.345
-0.8476784 0.3893548 0.3603391 734.3088 0.4230553 0.9059571 0.01630708 278.0699 -0.3201025 0.1662665 -0.9326789 42.50252 0 0 0 1
DataSet: 151
-19.86328125 -0.791015625 6.591796875 1.58203125 -0.918301866300018 -8.876953125 -98.96484375 -0.703125
814.141 260.838 254.908 892.099
-0.7919219 0.4797214 0.3777924 814.1411 0.509843 0.8599533 -0.02324614 260.8383 -0.3360355 0.1742057 -0.9255984 254.9082 0 0 0 1
DataSet: 152
-15.380859375 -0.791015625 9.228515625 1.58203125 -1.72053676554557 -7.646484375 -91.7578125 -1.318359375
824.939 275.162 190.850 890.316
-0.7836334 0.4710913 0.4049588 824.9395 0.4880468 0.8701751 -0.06786405 275.1615 -0.3843553 0.1444583 -0.9118129 190.8496 0 0 0 1
DataSet: 153
-11.42578125 -0.791015625 6.943359375 1.58203125 -0.687126447206535 -3.69140625 -89.296875 -0.52734375
820.247 274.170 129.967 874.566
-0.8199236 0.4213158 0.3875799 820.2474 0.4207696 0.90259 -0.09101741 274.1703 -0.3881729 0.08845451 -0.9173318 129.967 0 0 0 1
DataSet: 154
5.361328125 -18.017578125 5.712890625 1.58203125 1.37420935502207 -3.603515625 -93.8671875 1.0546875
818.671 269.063 93.732 866.835
-0.8255898 0.4213764 0.375291 818.6709 0.4178206 0.9035156 -0.09531738 269.0633 -0.3792458 0.07811128 -0.9219931 93.73227 0 0 0 1
DataSet: 155
15.29296875 -25.3125 4.39453125 1.58203125 -2.40528181847401 -4.306640625 -86.044921875 -1.845703125
816.351 261.416 46.777 858.461
-0.7867233 0.4243517 0.4483215 816.3506 0.4341187 0.8966532 -0.08691312 261.4161 -0.4388706 0.1262482 -0.889637 46.77671 0 0 0 1
DataSet: 156
12.12890625 -25.224609375 5.712890625 1.58203125 11.0950883597178 -1.142578125 -87.36328125 8.525390625
813.087 269.041 22.536 856.738
-0.7753814 0.4189024 0.472551 813.0866 0.3043102 0.9035512 -0.3016464 269.0411 -0.5533344 -0.0900889 -0.8280731 22.53601 0 0 0 1
DataSet: 157
21.708984375 -25.13671875 4.74609375 1.58203125 -2.97732241461064 -3.603515625 -73.037109375 -2.28515625
813.351 264.267 -43.672 856.320
-0.7375261 0.4243905 0.5253075 813.3508 0.3995587 0.9013308 -0.1671996 264.2667 -0.5444337 0.08657704 -0.8343239 -43.67171 0 0 0 1
DataSet: 158
27.685546875 -31.640625 4.74609375 1.58203125 -1.26008397458494 -4.658203125 -75.76171875 -0.966796875
807.401 262.499 -74.299 852.245
-0.7519307 0.4422822 0.4888627 807.4008 0.406192 0.8948951 -0.1848535 262.4991 -0.5192383 0.05957506 -0.8525506 -74.29919 0 0 0 1
DataSet: 159
32.34375 -31.640625 5.009765625 1.58203125 -1.14553287984365 -4.658203125 -72.59765625 -0.87890625
797.378 263.669 -147.309 852.662
-0.771771 0.4457852 0.453481 797.3776 0.3942321 0.894967 -0.2088425 263.6692 -0.4989494 0.01759817 -0.8664524 -147.3094 0 0 0 1
DataSet: 160
35.947265625 -31.640625 3.8671875 1.58203125 -1.48865848108449 -3.427734375 -59.0625 -1.142578125
780.265 261.151 -200.583 846.904
-0.6966865 0.4273319 0.5762078 780.2648 0.3256053 0.9040797 -0.2768051 261.1508 -0.6392254 -0.005230038 -0.7690017 -200.583 0 0 0 1
DataSet: 161
32.16796875 -19.775390625 8.349609375 1.58203125 3.32005085563854 -2.548828125 -68.37890625 2.548828125
768.015 282.364 -281.252 865.262
-0.8523517 0.3902724 0.3481148 768.0148 0.3003171 0.9102241 -0.2851346 282.3641 -0.4281427 -0.1384901 -0.8930366 -281.2517 0 0 0 1
DataSet: 162
35.244140625 -19.775390625 6.064453125 1.58203125 2.40751549460143 -6.6796875 -50.537109375 1.845703125
769.193 263.660 -328.796 877.087
-0.7260596 0.4478717 0.5217743 769.1931 0.2501771 0.8788494 -0.4062452 263.6595 -0.6405067 -0.1644222 -0.7501442 -328.7959 0 0 0 1
DataSet: 163
48.603515625 -33.92578125 3.779296875 1.58203125 1.03018970488693 -0.17578125 -51.328125 0.791015625
715.668 267.131 -334.491 833.921
-0.7362498 0.3599339 0.5730478 715.6677 0.2163253 0.9275652 -0.3046739 267.1306 -0.6412017 -0.1003513 -0.7607825 -334.4913 0 0 0 1
DataSet: 164
55.01953125 -49.74609375 7.3828125 1.58203125 -1.03032484165865 -1.93359375 -63.45703125 -0.791015625
722.725 279.543 -243.492 812.259
-0.7362617 0.4030733 0.5435537 722.7249 0.3224599 0.9151634 -0.2418586 279.5432 -0.5949271 -0.002796951 -0.8037748 -243.4925 0 0 0 1
DataSet: 165
41.484375 -41.30859375 6.328125 1.58203125 -1.60251126511089 0.439453125 -73.125 -1.23046875
751.003 279.201 -171.160 819.301
-0.8023672 0.3645452 0.4725608 751.003 0.3316838 0.9306152 -0.1547295 279.2006 -0.4961781 0.03259091 -0.8676088 -171.1595 0 0 0 1
DataSet: 166
48.427734375 -54.140625 5.712890625 1.58203125 -2.40576700076021 -4.921875 -71.806640625 -1.845703125
753.694 265.893 -117.821 807.858
-0.6937541 0.4420549 0.5685883 753.6935 0.4074365 0.8918905 -0.1962824 265.8926 -0.5938862 0.09549187 -0.798862 -117.8208 0 0 0 1
DataSet: 167
43.76953125 -54.4921875 5.2734375 1.58203125 -0.801610645414803 -3.515625 -91.40625 -0.615234375
754.523 267.224 -70.858 803.576
-0.8285289 0.4165892 0.3741569 754.5231 0.4216316 0.9038485 -0.07269556 267.2243 -0.3684653 0.09752598 -0.9245118 -70.85751 0 0 0 1
DataSet: 168
36.9140625 -51.240234375 4.833984375 1.58203125 -1.25918263126562 -1.23046875 -88.681640625 -0.966796875
755.572 269.713 -22.180 802.575
-0.8041771 0.3738834 0.4620719 755.5724 0.3851526 0.9198806 -0.07400815 269.7126 -0.4527214 0.1184526 -0.8837491 -22.17997 0 0 0 1
DataSet: 169
33.662109375 -51.064453125 4.833984375 1.58203125 -4.69403166708932 -3.076171875 -95.361328125 -3.603515625
759.559 264.887 38.929 805.363
-0.8271685 0.3792643 0.4146695 759.5587 0.429252 0.9026641 0.03066437 264.8874 -0.3626774 0.2033623 -0.9094552 38.92887 0 0 0 1
DataSet: 170
23.02734375 -43.857421875 4.658203125 1.58203125 0.801286391335136 0.966796875 -101.6015625 0.615234375
760.057 273.012 93.928 813.047
-0.8558339 0.3340377 0.3949267 760.0575 0.3543204 0.9348443 -0.02287474 273.0124 -0.376836 0.1203536 -0.9184278 93.92795 0 0 0 1
DataSet: 171
11.865234375 -34.716796875 4.39453125 1.58203125 2.86199492420302 2.197265625 -119.267578125 2.197265625
764.977 273.612 148.911 825.970
-0.9334643 0.324499 0.1527897 764.9765 0.3343014 0.9414921 0.04283771 273.6116 -0.1299495 0.09106529 -0.9873298 148.9113 0 0 0 1
DataSet: 172
-2.724609375 -21.62109375 6.416015625 1.58203125 2.175194002366 2.28515625 -110.91796875 1.669921875
767.484 282.727 205.743 843.384
-0.904116 0.3187705 0.2845341 767.4844 0.3343707 0.9424181 0.006659515 282.7274 -0.2660272 0.1011608 -0.9586428 205.7429 0 0 0 1
DataSet: 173
-22.5 -0.966796875 9.228515625 1.58203125 9.96116886848096 5.009765625 -99.66796875 7.646484375
758.327 295.192 226.087 844.579
-0.8461744 0.3277822 0.4201758 758.3274 0.2661319 0.9430223 -0.1997066 295.1923 -0.4616955 -0.05716443 -0.8851947 226.0866 0 0 0 1
DataSet: 174
-25.13671875 -1.142578125 2.8125 1.58203125 1.83262376406267 -4.306640625 -124.453125 1.40625
768.236 254.659 326.221 872.615
-0.905909 0.4105715 0.1037304 768.2359 0.4214406 0.898063 0.1259787 254.6586 -0.04143317 0.1578414 -0.9865949 326.2211 0 0 0 1
DataSet: 175
11.689453125 -53.701171875 1.40625 1.58203125 0.687406411381781 -5.009765625 -131.1328125 0.52734375
690.851 246.931 337.237 807.452
-0.89329 0.3389293 0.2952287 690.8513 0.4043556 0.892794 0.1985331 246.9312 -0.1962897 0.296725 -0.9345719 337.2372 0 0 0 1
DataSet: 176
22.32421875 -62.578125 6.6796875 1.58203125 2.97605220830183 -0.966796875 -143.61328125 2.28515625
682.307 277.817 259.638 781.113
-0.9444159 0.3234515 0.05880262 682.3072 0.3285032 0.9215047 0.207159 277.8166 0.01281902 0.2149611 -0.9765385 259.6382 0 0 0 1
DataSet: 177
36.2109375 -73.388671875 4.306640625 1.58203125 2.86221017116742 -2.63671875 -122.783203125 2.197265625
682.411 264.514 171.158 751.630
-0.8756787 0.3594143 0.3225031 682.4113 0.4055088 0.9099444 0.08697079 264.5136 -0.2622013 0.2069363 -0.9425645 171.1576 0 0 0 1
DataSet: 178
42.099609375 -73.564453125 5.625 1.58203125 0.916125313847261 -3.515625 -109.16015625 0.703125
692.947 268.775 118.352 752.611
-0.8166398 0.3718129 0.4414234 692.9474 0.4261981 0.9042318 0.02683442 268.7754 -0.3891717 0.2100479 -0.8968976 118.3521 0 0 0 1
DataSet: 179
42.626953125 -69.169921875 5.712890625 1.58203125 0.228932816524245 0.263671875 -112.587890625 0.17578125
697.025 276.302 68.945 752.954
-0.8925697 0.3283499 0.3090399 697.0247 0.3621044 0.9303732 0.05732442 276.3016 -0.2687 0.1630708 -0.9493199 68.94477 0 0 0 1
DataSet: 180
40.078125 -67.32421875 6.416015625 1.58203125 8.24698665248938 5.537109375 -108.193359375 6.328125
696.422 285.010 34.144 753.259
-0.8707432 0.3107661 0.3810916 696.4219 0.2838261 0.9504842 -0.1265801 285.0096 -0.4015583 -0.002055021 -0.9158311 34.14427 0 0 0 1
DataSet: 181
37.880859375 -64.6875 8.701171875 1.58203125 14.4527132837018 9.755859375 -105.029296875 11.07421875
698.477 293.540 -3.801 757.661
-0.864714 0.2938708 0.4073201 698.4769 0.2007425 0.9455889 -0.2560546 293.5396 -0.4604043 -0.1396476 -0.8766564 -3.801195 0 0 0 1
DataSet: 182
56.25 -68.642578125 5.09765625 1.58203125 -0.457866054010734 0.3515625 -98.96484375 -0.3515625
696.387 273.799 -75.373 752.065
-0.8804671 0.3512189 0.3184698 696.3867 0.3653188 0.930737 -0.01645756 273.7993 -0.3021918 0.1018527 -0.9477901 -75.37305 0 0 0 1
DataSet: 183
62.05078125 -68.818359375 5.185546875 1.58203125 -1.71709608531237 -1.494140625 -76.201171875 -1.318359375
694.207 270.687 -129.038 756.205
-0.7322462 0.3852018 0.561636 694.2073 0.3678299 0.9177366 -0.1498689 270.6874 -0.5731637 0.0968456 -0.8136979 -129.0378 0 0 0 1
DataSet: 184
68.642578125 -68.203125 6.50390625 1.58203125 -2.40470184104489 -3.427734375 -69.9609375 -1.845703125
683.953 272.471 -207.633 764.946
-0.7299881 0.4246287 0.5355444 683.9527 0.3817534 0.9032775 -0.1958421 272.4707 -0.5669054 0.06148345 -0.8214853 -207.6333 0 0 0 1
DataSet: 185
72.421875 -66.708984375 5.625 1.58203125 -0.801923952678403 -4.833984375 -65.56640625 -0.615234375
670.274 266.014 -285.055 775.427
-0.7420784 0.4482882 0.4983546 670.2739 0.3637419 0.8937883 -0.2623629 266.014 -0.5630377 -0.01342144 -0.8263222 -285.0554 0 0 0 1
DataSet: 186
68.466796875 -58.095703125 2.8125 1.58203125 2.63387716195872 -3.69140625 -52.3828125 2.021484375
678.060 255.945 -330.075 796.381
-0.6623396 0.4199359 0.6204515 678.0597 0.2315439 0.9023411 -0.3635492 255.9454 -0.7125263 -0.09713125 -0.6948898 -330.0753 0 0 0 1
DataSet: 187
76.025390625 -70.83984375 2.548828125 1.58203125 1.48805396990879 -0.52734375 -60.64453125 1.142578125
632.542 261.151 -302.880 748.361
-0.7225827 0.3764756 0.5797762 632.5415 0.2607419 0.9251764 -0.2757939 261.1506 -0.6402249 -0.04811191 -0.7666794 -302.8799 0 0 0 1
DataSet: 188
75.234375 -78.22265625 3.251953125 1.58203125 -0.572543951538205 -3.251953125 -88.9453125 -0.439453125
650.833 258.975 -208.316 730.785
-0.8552397 0.4211214 0.3020295 650.833 0.4129598 0.9059101 -0.09376051 258.975 -0.3130961 0.04453831 -0.9486765 -208.3161 0 0 0 1
DataSet: 189
74.267578125 -83.759765625 6.943359375 1.58203125 -1.03019871004771 -0.52734375 -92.373046875 -0.791015625
635.071 280.232 -140.872 708.301
-0.855647 0.3689393 0.3629767 635.071 0.3771791 0.9247455 -0.05080976 280.2322 -0.3544068 0.09343203 -0.9304119 -140.8715 0 0 0 1
DataSet: 190
64.16015625 -83.759765625 6.943359375 1.58203125 6.75694846279134 4.74609375 -99.404296875 5.185546875
641.442 287.178 -60.048 705.354
-0.8433896 0.3122113 0.4372849 641.4417 0.2780068 0.9500111 -0.1420954 287.1784 -0.4597894 0.001726422 -0.8880264 -60.04824 0 0 0 1
DataSet: 191
64.248046875 -84.814453125 5.9765625 1.58203125 -7.89560653699151 -1.40625 -103.623046875 -6.064453125
638.277 270.899 26.285 693.884
-0.8684399 0.3104951 0.3865294 638.2773 0.3923119 0.907051 0.152807 270.8995 -0.3031561 0.2843437 -0.9095301 26.28492 0 0 0 1
DataSet: 192
56.162109375 -85.95703125 5.625 1.58203125 -3.66313639441459 -2.021484375 -100.634765625 -2.8125
636.736 270.845 98.560 698.930
-0.7685694 0.3114346 0.5588467 636.7357 0.4071946 0.9118692 0.05183836 270.8455 -0.4934508 0.2674007 -0.8276492 98.56024 0 0 0 1
DataSet: 193
39.0234375 -80.947265625 1.669921875 1.58203125 2.74730022064989 1.58203125 -123.134765625 2.109375
631.963 260.693 189.685 709.449
-0.8752205 0.2876737 0.3888868 631.9628 0.3396019 0.9379246 0.07048395 260.6925 -0.3444701 0.1937557 -0.9185854 189.6851 0 0 0 1
DataSet: 194
30.05859375 -76.9921875 6.943359375 1.58203125 3.31981028895218 2.109375 -138.33984375 2.548828125
618.841 284.328 261.024 729.342
-0.9327937 0.2686753 0.2402279 618.841 0.3078037 0.9406136 0.1431881 284.3281 -0.1874906 0.207508 -0.9600978 261.0242 0 0 0 1
DataSet: 195
15.732421875 -67.1484375 1.7578125 1.58203125 3.89194629011309 1.845703125 -150.556640625 2.98828125
611.414 260.985 354.826 753.553
-0.9574268 0.2600439 0.1253439 611.4143 0.281143 0.9385042 0.2004208 260.9854 -0.06551755 0.2271278 -0.9716586 354.8264 0 0 0 1
DataSet: 196
14.23828125 -30.849609375 4.658203125 1.58203125 3.66267100032087 -0.703125 -90 2.8125
794.291 269.742 82.189 842.861
-0.779652 0.3813893 0.4966739 794.2913 0.3539252 0.9226837 -0.1529437 269.7422 -0.5166041 0.05654253 -0.8543555 82.18949 0 0 0 1
DataSet: 197
27.421875 -30.849609375 4.74609375 1.58203125 -0.114487306046006 -2.28515625 -55.458984375 -0.087890625
798.285 267.424 -85.542 846.222
-0.5542997 0.4063407 0.7263877 798.285 0.2761734 0.9130775 -0.3000295 267.4241 -0.7851624 0.03430266 -0.6183391 -85.54218 0 0 0 1
DataSet: 198
31.376953125 -60.1171875 4.39453125 1.58203125 0.228954836746705 1.669921875 -107.490234375 0.17578125
711.329 272.976 123.765 771.895
-0.8557423 0.3016847 0.4203467 711.3286 0.3428425 0.939087 0.02397227 272.976 -0.38751 0.1646268 -0.9070469 123.765 0 0 0 1
DataSet: 199
-35.244140625 70.48828125 6.15234375 1.58203125 2.63359226579128 -3.251953125 -42.802734375 2.021484375
666.635 271.328 -191.899 744.880
-0.855546 0.3282855 0.400337 666.6352 0.164594 0.9056091 -0.3908721 271.3284 -0.4908664 -0.268516 -0.828824 -191.8994 0 0 0 1
DataSet: 200
-40.869140625 62.314453125 5.2734375 1.58203125 1.37430536956912 -3.8671875 -58.271484375 1.0546875
723.490 266.546 -48.994 772.583
-0.8407713 0.3991139 0.3658028 723.4897 0.2871074 0.9015346 -0.3237354 266.5458 -0.4589912 -0.1671627 -0.872573 -48.9944 0 0 0 1
DataSet: 201
-24.609375 23.5546875 3.251953125 1.58203125 -5.84117816890857 -4.74609375 -81.123046875 -4.482421875
816.197 253.999 105.184 861.253
-0.8294687 0.4500022 0.3308773 816.1971 0.4552468 0.8878926 -0.06631033 253.9994 -0.3236233 0.09562852 -0.9413412 105.1842 0 0 0 1
DataSet: 202
-21.884765625 23.994140625 3.603515625 1.58203125 -2.97695072115134 -3.076171875 -72.59765625 -2.28515625
811.868 260.346 41.519 853.601
-0.8122782 0.4243659 0.4001471 811.8683 0.3912506 0.9052263 -0.1657962 260.3464 -0.4325819 0.02188515 -0.901329 41.51901 0 0 0 1
DataSet: 203
-19.51171875 24.08203125 3.427734375 1.58203125 -1.25938505640308 -2.4609375 -73.30078125 -0.966796875
808.897 261.243 -5.049 850.052
-0.8421638 0.4109388 0.3491266 808.8975 0.3684399 0.9112858 -0.1838758 261.2425 -0.3937159 -0.02622141 -0.9188581 -5.04855 0 0 0 1
DataSet: 204
-14.501953125 24.2578125 3.076171875 1.58203125 -4.23510275375004 -1.494140625 -57.744140625 -3.251953125
804.076 260.618 -64.489 847.714
-0.772803 0.4041377 0.4893345 804.076 0.3356068 0.9146441 -0.2253761 260.6177 -0.5386499 -0.009947368 -0.842471 -64.48855 0 0 0 1
DataSet: 205
-12.041015625 24.2578125 3.427734375 1.58203125 -2.86181889942199 -1.7578125 -70.224609375 -2.197265625
800.170 262.198 -102.463 848.244
-0.8743493 0.400864 0.273535 800.1702 0.3656794 0.9147667 -0.1716986 262.1977 -0.3190485 -0.05009844 -0.9464133 -102.4632 0 0 0 1
DataSet: 206
-9.580078125 24.2578125 3.779296875 1.58203125 -0.22898858469352 -2.63671875 -52.822265625 -0.17578125
795.479 262.485 -146.256 850.339
-0.7744868 0.3977364 0.4919105 795.4793 0.26721 0.9105259 -0.3155019 262.4849 -0.5733838 -0.1129087 -0.8114694 -146.2558 0 0 0 1
DataSet: 207
-1.845703125 24.345703125 2.98828125 1.58203125 -0.572510569390874 -2.98828125 -46.318359375 -0.439453125
775.633 258.248 -235.578 850.762
-0.7830972 0.3896861 0.4846684 775.6329 0.2381876 0.9078459 -0.3450832 258.248 -0.5744784 -0.1547917 -0.80375 -235.5776 0 0 0 1
DataSet: 208
42.36328125 -41.8359375 3.1640625 1.58203125 0.572392198879605 -1.7578125 -76.025390625 0.439453125
758.930 261.631 -187.398 824.344
-0.8150027 0.3990109 0.4201915 758.9302 0.3503182 0.9169055 -0.1912105 261.6307 -0.4615709 -0.008636327 -0.8870612 -187.3982 0 0 0 1
DataSet: 209
46.0546875 -51.943359375 3.955078125 1.58203125 -1.37542493612554 -6.15234375 -83.935546875 -1.0546875
766.233 255.737 -118.578 816.440
-0.7898477 0.463111 0.4020807 766.2327 0.4507173 0.882921 -0.1315467 255.7373 -0.4159262 0.07732286 -0.9061052 -118.5783 0 0 0 1
DataSet: 210
45.966796875 -56.865234375 2.900390625 1.58203125 -0.688361194005235 -7.998046875 -90.439453125 -0.52734375
767.772 246.939 -70.004 809.539
-0.7850052 0.484675 0.38582 767.7716 0.486901 0.867777 -0.09945077 246.9393 -0.383007 0.1097868 -0.9171982 -70.00421 0 0 0 1
DataSet: 211
36.38671875 -50.888671875 3.251953125 1.58203125 -2.86452178757557 -5.44921875 -85.078125 -2.197265625
773.432 253.834 -8.040 814.060
-0.7471651 0.433005 0.504233 773.4321 0.4520448 0.8872311 -0.09206728 253.8335 -0.4872368 0.1591464 -0.8586459 -8.039735 0 0 0 1
DataSet: 212
32.51953125 -50.888671875 2.4609375 1.58203125 -0.802077297871201 -5.361328125 -104.150390625 -0.615234375
774.367 250.943 40.409 815.015
-0.8507288 0.4288303 0.3039162 774.3672 0.4561668 0.8896314 0.02162864 250.9426 -0.2610984 0.1570366 -0.9524532 40.40899 0 0 0 1
DataSet: 213
22.939453125 -42.978515625 2.98828125 1.58203125 -1.48931791662352 -4.921875 -114.08203125 -1.142578125
783.947 253.969 107.529 831.045
-0.8906503 0.4113642 0.1937049 783.9471 0.4366087 0.8926833 0.1117564 253.9689 -0.1269446 0.1841091 -0.9746737 107.5294 0 0 0 1
DataSet: 214
17.578125 -42.71484375 2.900390625 1.58203125 1.26008397458494 -4.658203125 -100.458984375 0.966796875
775.731 254.543 165.738 833.078
-0.7770429 0.4086755 0.4787365 775.7309 0.4426903 0.8954985 -0.0459104 254.5426 -0.4474703 0.1762576 -0.8767574 165.7381 0 0 0 1
DataSet: 215
21.181640625 -47.197265625 2.373046875 1.58203125 -0.458085056959186 3.69140625 -107.40234375 -0.3515625
729.869 267.229 149.716 791.539
-0.8793812 0.271423 0.3911756 729.8687 0.3089801 0.9504191 0.03513952 267.2294 -0.3622431 0.1517665 -0.919645 149.7159 0 0 0 1
DataSet: 216
-40.693359375 54.404296875 3.69140625 1.58203125 1.71696473220524 0.263671875 -64.248046875 1.318359375
730.506 267.551 28.088 778.468
-0.8380888 0.3523578 0.4164747 730.5064 0.2650134 0.9302583 -0.2537467 267.551 -0.4768387 -0.1022909 -0.8730186 28.08757 0 0 0 1
DataSet: 217
-35.5078125 58.359375 4.04296875 1.58203125 -6.98223978411905 2.8125 -46.494140625 -5.361328125
721.820 270.601 -28.844 771.415
-0.7690265 0.3528565 0.5330015 721.8204 0.2918682 0.9356725 -0.1983178 270.6014 -0.5686926 0.003054545 -0.8225445 -28.84438 0 0 0 1
DataSet: 218
-32.783203125 55.634765625 3.603515625 1.58203125 -0.915949789542556 2.63671875 -40.517578125 -0.703125
717.576 270.927 -68.943 770.111
-0.7205813 0.313759 0.6183186 717.5764 0.1689133 0.9443268 -0.2823387 270.9265 -0.6724812 -0.09900575 -0.7334623 -68.94329 0 0 0 1
DataSet: 219
-30.5859375 56.689453125 3.779296875 1.58203125 -1.60281964752323 2.373046875 -45.439453125 -1.23046875
710.981 271.199 -112.881 769.276
-0.8102662 0.3153231 0.4940042 710.9814 0.2058663 0.9423428 -0.2638355 271.199 -0.5487146 -0.1120782 -0.8284628 -112.8807 0 0 0 1
DataSet: 220
-28.828125 57.48046875 2.724609375 1.494140625 -2.86152569738559 -0.439453125 -34.716796875 -2.197265625
715.932 261.412 -152.487 777.269
-0.7349321 0.3588241 0.5754303 715.9318 0.1908501 0.9236857 -0.3322363 261.4115 -0.6507311 -0.1343502 -0.7473279 -152.4865 0 0 0 1
DataSet: 221
55.458984375 -60.029296875 3.076171875 1.58203125 -3.55040669254802 -4.21875 -82.529296875 -2.724609375
730.585 255.466 -134.775 785.609
-0.7971268 0.4302639 0.4236293 730.5851 0.4344026 0.8959481 -0.09258147 255.4658 -0.4193843 0.1102265 -0.9010921 -134.7754 0 0 0 1
DataSet: 222
61.083984375 -60.1171875 5.09765625 1.58203125 -0.687343560437061 -4.74609375 -74.619140625 -0.52734375
718.491 263.933 -209.483 793.583
-0.7701223 0.4463039 0.4557679 718.4912 0.3982309 0.8945287 -0.2030533 263.9329 -0.4983209 0.025125 -0.8666285 -209.4833 0 0 0 1
DataSet: 223
69.08203125 -73.125 2.28515625 1.58203125 -1.26019709795833 -4.921875 -84.111328125 -0.966796875
686.646 251.169 -169.099 750.442
-0.7985325 0.443965 0.4064985 686.6458 0.4325706 0.8928393 -0.1253823 251.1688 -0.4186031 0.07571747 -0.9050074 -169.0992 0 0 0 1
DataSet: 224
52.470703125 -62.490234375 3.33984375 1.58203125 2.40751549460143 6.6796875 -86.396484375 1.845703125
687.116 275.544 -112.155 748.754
-0.8422779 0.2615373 0.471345 687.1163 0.2362105 0.9650635 -0.1133886 275.5441 -0.4845332 0.01583193 -0.8746296 -112.1545 0 0 0 1
DataSet: 225
48.8671875 -65.478515625 3.076171875 1.58203125 2.40666196840212 5.888671875 -98.349609375 1.845703125
689.642 273.379 -47.417 743.364
-0.8826205 0.2712265 0.3839495 689.6419 0.2677807 0.9613812 -0.06355876 273.379 -0.3863607 0.046716 -0.921164 -47.41672 0 0 0 1
DataSet: 226
41.484375 -63.193359375 3.33984375 1.58203125 2.06369185990696 6.767578125 -100.546875 1.58203125
693.047 275.679 9.976 745.931
-0.8734662 0.2511251 0.4171247 693.0471 0.2558541 0.9656398 -0.04558951 275.6786 -0.4142409 0.06690216 -0.9077051 9.975812 0 0 0 1
DataSet: 227
46.23046875 -71.54296875 2.4609375 1.58203125 -1.37377619382236 -2.021484375 -107.2265625 -1.0546875
696.719 257.697 65.505 745.732
-0.854473 0.3519962 0.3820662 696.7194 0.4012308 0.9143261 0.05496843 257.6974 -0.3299844 0.2002658 -0.9224988 65.50494 0 0 0 1
DataSet: 228
37.08984375 -67.5 2.021484375 1.58203125 -0.457900208084456 -1.494140625 -112.32421875 -0.3515625
701.423 256.900 122.949 757.039
-0.8654168 0.3372138 0.3705949 701.4227 0.3887882 0.9184988 0.07213634 256.9 -0.3160656 0.2065109 -0.925989 122.9493 0 0 0 1
DataSet: 229
21.09375 -53.173828125 5.2734375 1.58203125 -1.26027601602437 5.09765625 -113.642578125 -0.966796875
693.945 281.712 201.704 775.633
-0.8917167 0.225951 0.3921575 693.9454 0.2777833 0.9573008 0.08007245 281.712 -0.3573202 0.1803367 -0.9164065 201.7041 0 0 0 1
DataSet: 230
42.275390625 -78.486328125 3.427734375 1.58203125 0.572839198569964 -5.009765625 -124.189453125 0.439453125
671.833 255.855 164.669 737.521
-0.8807482 0.3689898 0.2968657 671.8333 0.4246779 0.8927899 0.1502494 255.8553 -0.2095982 0.2584042 -0.9430249 164.6691 0 0 0 1
DataSet: 231
48.779296875 -79.716796875 3.515625 1.58203125 -1.26019709795833 -4.921875 -125.859375 -0.966796875
673.838 256.170 117.275 730.366
-0.9080259 0.3705748 0.1953545 673.8378 0.4062189 0.8928393 0.1944846 256.17 -0.1023491 0.2559537 -0.9612556 117.2753 0 0 0 1
DataSet: 232
-56.162109375 88.681640625 3.076171875 1.58203125 1.83272430494318 -4.482421875 -57.392578125 1.40625
631.492 255.607 -58.956 683.808
-0.8807037 0.3830578 0.2786173 631.4922 0.2821265 0.8967108 -0.341049 255.6075 -0.3804806 -0.2217578 -0.8978073 -58.95574 0 0 0 1
DataSet: 233
-45.615234375 82.880859375 3.955078125 1.58203125 4.12387967786893 4.921875 -60.908203125 3.1640625
595.280 275.437 -140.408 670.775
-0.9691553 0.2016718 0.1416567 595.2804 0.1625738 0.9551407 -0.2475399 275.4374 -0.1852239 -0.216875 -0.9584662 -140.4078 0 0 0 1
DataSet: 234
-38.49609375 80.68359375 3.955078125 1.58203125 4.0088757484334 4.5703125 -36.9140625 3.076171875
582.726 274.790 -215.796 679.446
-0.8857182 0.1814387 0.4272977 582.726 0.05207374 0.9534798 -0.2969253 274.79 -0.4612934 -0.2407411 -0.8539625 -215.7958 0 0 0 1
DataSet: 235
-39.462890625 56.77734375 0 1.58203125 -2.06053896788443 -1.669921875 -69.08203125 -1.58203125
737.610 247.618 5.262 778.082
-0.8771417 0.394392 0.2740026 737.6101 0.3524197 0.9162238 -0.1906158 247.6182 -0.3262251 -0.07063317 -0.9426495 5.262115 0 0 0 1
DataSet: 236
-26.806640625 48.1640625 3.1640625 1.58203125 1.25987659779159 -4.130859375 -69.08203125 0.966796875
756.048 256.848 -130.412 809.066
-0.9038337 0.3964275 0.1610273 756.0485 0.3473694 0.8995559 -0.2648277 256.8479 -0.2498381 -0.1834243 -0.9507557 -130.4119 0 0 0 1
DataSet: 237
23.115234375 -36.650390625 0.87890625 1.58203125 0.343652553314329 -4.5703125 -89.560546875 0.263671875
802.559 245.942 35.826 840.161
-0.7814085 0.4306449 0.4516034 802.5585 0.4293734 0.8961976 -0.1116618 245.9418 -0.4528124 0.106653 -0.885204 35.82626 0 0 0 1
DataSet: 238
24.43359375 -24.78515625 2.197265625 1.58203125 -0.687343560437061 -4.74609375 -77.16796875 -0.52734375
815.670 251.263 -97.132 859.003
-0.7907659 0.4463649 0.4188647 815.6705 0.4068668 0.8945287 -0.1851427 251.2627 -0.4573277 0.0240176 -0.8889739 -97.13232 0 0 0 1
DataSet: 239
46.318359375 -62.314453125 2.373046875 1.58203125 2.40433328604417 -2.724609375 -98.173828125 1.845703125
736.523 256.140 -38.043 780.718
-0.8365442 0.4074942 0.3662543 736.5227 0.4074549 0.9095935 -0.08136434 256.1399 -0.366298 0.08116724 -0.9269507 -38.04305 0 0 0 1
DataSet: 240
26.455078125 -37.177734375 2.4609375 1.58203125 -0.458669548700447 7.03125 -94.921875 -0.3515625
749.457 272.156 -12.318 797.438
-0.9071426 0.2465113 0.3410636 749.4571 0.2542604 0.9668726 -0.02256054 272.156 -0.3353265 0.06625332 -0.9397694 -12.31839 0 0 0 1
DataSet: 241
50.9765625 -65.830078125 1.7578125 1.58203125 1.25975228902582 -3.779296875 -98.61328125 0.966796875
728.400 251.408 -49.882 772.179
-0.8381164 0.4195585 0.3486137 728.3996 0.4272828 0.9022185 -0.05857712 251.4082 -0.3391023 0.09986217 -0.9354342 -49.88207 0 0 0 1
DataSet: 242
25.751953125 -42.5390625 1.669921875 1.58203125 -3.78454892606386 7.470703125 -99.580078125 -2.900390625
731.493 268.221 59.626 781.396
-0.906567 0.2144398 0.3635269 731.4933 0.253098 0.9654738 0.06165789 268.2212 -0.3377538 0.147905 -0.929541 59.62583 0 0 0 1
DataSet: 243
35.244140625 -45.17578125 0.52734375 1.58203125 0.457885193052379 -1.142578125 -90.52734375 0.3515625
769.012 251.249 -67.475 811.825
-0.8476141 0.3846828 0.3654716 769.0125 0.3780318 0.9211293 -0.09280473 251.249 -0.372347 0.0594973 -0.9261845 -67.47531 0 0 0 1
DataSet: 244
-27.333984375 32.958984375 0.3515625 1.58203125 1.14606193618537 5.888671875 -84.7265625 0.87890625
754.565 261.608 31.384 799.245
-0.9417523 0.2698182 0.2007507 754.5649 0.2537272 0.9618324 -0.102474 261.6084 -0.2207379 -0.04556918 -0.9742681 31.38404 0 0 0 1
DataSet: 245
-30.76171875 52.734375 -0.52734375 1.58203125 2.40475386624924 3.515625 -67.763671875 1.845703125
714.089 254.311 -90.590 763.416
-0.9329261 0.2776345 0.229277 714.0886 0.2296621 0.9492373 -0.2149506 254.3111 -0.2773159 -0.1478768 -0.9493304 -90.59048 0 0 0 1
DataSet: 246
40.166015625 -56.42578125 0.3515625 1.58203125 1.25922667672173 -1.58203125 -101.865234375 0.966796875
747.316 249.606 -22.978 788.234
-0.871926 0.3857957 0.3015076 747.3162 0.3950662 0.9180862 -0.0322554 249.6055 -0.289254 0.09099114 -0.952918 -22.97753 0 0 0 1
DataSet: 247
41.396484375 -59.23828125 1.7578125 1.58203125 1.37387199147288 -2.4609375 -116.455078125 1.0546875
744.063 253.933 -8.941 786.251
-0.9120504 0.3969192 0.10305 744.0627 0.4046321 0.9118783 0.06892627 253.9333 -0.06661089 0.1045616 -0.9922852 -8.940541 0 0 0 1
DataSet: 248
-27.421875 54.4921875 2.28515625 1.58203125 0.91579677887391 -1.494140625 -42.1875 0.703125
720.006 258.097 -169.736 783.475
-0.7982034 0.343719 0.4947005 720.0061 0.1767805 0.9187322 -0.3531003 258.0974 -0.5758645 -0.1943924 -0.794098 -169.7364 0 0 0 1
DataSet: 249
-26.103515625 39.462890625 1.669921875 1.58203125 -0.918458917598816 9.140625 -70.48828125 -0.703125
728.969 271.024 -34.857 778.502
-0.9277216 0.2184632 0.3026655 728.9691 0.197645 0.9753441 -0.09818503 271.024 -0.3166528 -0.03126804 -0.948026 -34.85734 0 0 0 1
DataSet: 250
25.3125 -31.640625 1.494140625 1.58203125 -1.03018970488693 0.17578125 -94.921875 -0.791015625
788.652 257.683 -41.464 830.718
-0.8939472 0.3629106 0.2629722 788.6523 0.3678685 0.929328 -0.03197288 257.6831 -0.2559907 0.06815711 -0.9642735 -41.46354 0 0 0 1
