-1.40625 0.3515625 -6.767578125 3.955078125 -0.114657527545736 6.85546875 -87.626953125
-1.40625 0.3515625 -6.767578125 3.955078125 -1.60447392981858 5.888671875 -87.275390625
-1.40625 0.3515625 -6.85546875 3.955078125 -2.06279764216443 5.80078125 -87.099609375
-1.40625 0.3515625 -6.85546875 3.955078125 -2.97879288188446 5.185546875 -87.71484375
-1.40625 0.3515625 -6.767578125 3.955078125 -4.23880781392677 5.185546875 -87.626953125
-1.40625 0.3515625 -6.767578125 3.955078125 -5.49839089886511 5.09765625 -87.5390625
-1.40625 0.3515625 -6.767578125 3.955078125 -6.5284189804758 4.921875 -87.802734375
-1.40625 0.3515625 -6.767578125 3.955078125 -7.55852817683071 4.921875 -88.330078125
-1.40625 0.3515625 -6.767578125 3.955078125 -8.81740607263337 5.009765625 -88.41796875
-1.40625 0.3515625 -6.767578125 3.955078125 -9.96212805695992 5.2734375 -87.1875
-1.40625 0.3515625 -6.767578125 3.955078125 -10.8768719853039 5.2734375 -86.1328125
-1.40625 0.3515625 -6.767578125 3.955078125 -11.7920587003584 5.44921875 -85.78125
-1.40625 0.3515625 -6.767578125 3.955078125 -12.8190982528799 5.185546875 -85.341796875
-1.40625 0.3515625 -6.767578125 3.955078125 -13.6198197003648 5.44921875 -85.25390625
-1.40625 0.3515625 -6.85546875 3.955078125 -14.4165833263519 5.009765625 -85.60546875
-1.40625 0.3515625 -6.85546875 3.955078125 -15.5564211701446 4.833984375 -85.60546875
-1.40625 0.3515625 -6.85546875 3.955078125 -16.3539819677105 4.74609375 -85.60546875
-1.40625 0.3515625 -6.85546875 3.955078125 -17.6061881809004 4.5703125 -85.25390625
-1.40625 0.3515625 -6.85546875 3.955078125 -18.8572327789052 4.39453125 -85.166015625
-1.40625 0.3515625 -6.85546875 3.955078125 -19.5376369491664 4.04296875 -85.78125
-1.40625 0.3515625 -6.85546875 3.955078125 -20.335430143474 4.39453125 -85.95703125
-1.40625 0.3515625 -6.85546875 3.955078125 -21.017684489538 4.482421875 -87.1875
-1.40625 0.3515625 -6.85546875 3.955078125 -21.8163698533967 5.009765625 -87.71484375
-1.40625 0.3515625 -6.85546875 3.955078125 -22.9540690593336 5.361328125 -88.154296875
-1.40625 0.3515625 -6.85546875 3.955078125 -24.0955617521336 6.15234375 -88.505859375
-1.40625 0.3515625 -6.85546875 3.955078125 -25.0155748259727 7.294921875 -90.791015625
-1.40625 0.3515625 -6.85546875 3.955078125 -26.1554672567829 7.822265625 -92.109375
-1.40625 0.3515625 -6.767578125 3.955078125 -27.9560979170981 7.20703125 -90.615234375
-1.40625 0.3515625 -6.85546875 3.955078125 -28.9735201453281 7.294921875 -90.3515625
-1.40625 0.3515625 -6.85546875 3.955078125 -29.9858340525474 7.119140625 -90.439453125
-1.40625 0.3515625 -6.85546875 3.955078125 -30.8969077985455 7.734375 -89.736328125
-1.40625 0.3515625 -6.85546875 3.955078125 -31.7928328475264 7.470703125 -90.087890625
-1.40625 0.3515625 -6.85546875 3.955078125 -32.799984386852 7.20703125 -89.384765625
-1.40625 0.3515625 -6.85546875 3.955078125 -33.7025521285603 7.470703125 -87.36328125
-1.40625 0.3515625 -6.85546875 3.955078125 -34.9373018922449 7.55859375 -86.66015625
-1.40625 0.3515625 -6.85546875 3.955078125 -35.8362230663898 7.734375 -85.95703125
-1.40625 0.3515625 -6.85546875 3.955078125 -36.6242836820045 7.998046875 -85.869140625
-1.40625 0.3515625 -6.85546875 3.955078125 -37.6204692161554 7.55859375 -85.693359375
-1.40625 0.3515625 -6.85546875 3.955078125 -39.408875550029 7.822265625 -85.166015625
-1.40625 0.3515625 -6.85546875 3.955078125 -40.2909820952819 7.470703125 -85.869140625
-1.40625 0.3515625 -6.85546875 3.955078125 -41.6346432851978 7.998046875 -85.517578125
-1.40625 0.3515625 -6.85546875 3.955078125 -41.8426076441566 7.3828125 -85.4296875
-1.40625 0.3515625 -6.85546875 3.955078125 -43.1728556317955 7.470703125 -84.990234375
-1.40625 0.3515625 -6.85546875 3.955078125 -44.9391596666151 7.470703125 -84.7265625
-1.40625 0.3515625 -6.85546875 3.955078125 -46.8160609626459 7.734375 -85.166015625
-1.40625 0.263671875 -6.85546875 3.955078125 -45.0535086466949 7.646484375 -84.55078125
-1.40625 0.263671875 -6.85546875 3.955078125 -43.7294563923109 7.646484375 -84.19921875
-1.40625 0.263671875 -6.85546875 3.955078125 -42.7404493827949 7.91015625 -85.4296875
-1.40625 0.263671875 -6.85546875 3.955078125 -41.9651856727397 7.91015625 -85.166015625
-1.40625 0.263671875 -6.85546875 3.955078125 -41.0739799481511 7.734375 -84.375
-1.40625 0.263671875 -6.85546875 3.955078125 -39.9594078280309 7.55859375 -84.375
-1.40625 0.263671875 -6.85546875 3.955078125 -38.9527244873809 7.294921875 -83.759765625
-1.40625 0.263671875 -6.85546875 3.955078125 -37.7251910805127 7.20703125 -83.14453125
-1.40625 0.3515625 -6.85546875 3.955078125 -37.0523666104719 7.03125 -83.056640625
-1.40625 0.263671875 -6.85546875 3.955078125 -35.7009993154716 6.416015625 -83.671875
-1.40625 0.263671875 -6.85546875 3.955078125 -35.0297018206288 6.416015625 -83.408203125
-1.40625 0.263671875 -6.85546875 3.955078125 -34.0215821404041 6.416015625 -83.408203125
-1.40625 0.263671875 -6.85546875 3.955078125 -32.9011517705678 6.50390625 -82.529296875
-1.40625 0.263671875 -6.85546875 3.955078125 -32.0012668158352 6.416015625 -82.44140625
-1.40625 0.263671875 -6.767578125 3.955078125 -31.1029129690259 6.50390625 -82.08984375
-1.40625 0.263671875 -6.85546875 3.955078125 -29.9769849873286 6.50390625 -81.474609375
-1.40625 0.263671875 -6.85546875 3.955078125 -28.8484098824328 6.416015625 -80.947265625
-1.40625 0.263671875 -6.85546875 3.955078125 -28.0551118433582 6.15234375 -80.244140625
-1.40625 0.263671875 -6.85546875 3.955078125 -27.0374570751466 6.064453125 -79.8046875
-1.40625 0.263671875 -6.85546875 3.955078125 -26.1338905461491 6.15234375 -80.419921875
-1.40625 0.263671875 -6.85546875 3.955078125 -24.8887253705171 6.15234375 -80.068359375
-1.40625 0.263671875 -6.85546875 3.955078125 -24.0946477583819 6.064453125 -81.123046875
-1.40625 0.3515625 -6.85546875 3.955078125 -22.9580451651968 5.80078125 -81.03515625
-1.40625 0.3515625 -6.85546875 3.955078125 -22.0516808372708 5.9765625 -80.5078125
-1.40625 0.3515625 -6.85546875 3.955078125 -20.7954842651316 5.185546875 -79.892578125
-1.40625 0.3515625 -6.85546875 3.955078125 -19.7717485606616 5.09765625 -80.15625
-1.40625 0.3515625 -6.85546875 3.955078125 -18.7455861456013 4.74609375 -79.541015625
-1.40625 0.3515625 -6.767578125 3.955078125 -18.0621395563605 4.658203125 -81.38671875
-1.40625 0.3515625 -6.767578125 3.955078125 -17.0371883548814 4.658203125 -82.529296875
-1.40625 0.3515625 -6.767578125 3.955078125 -16.0110911827616 4.5703125 -82.177734375
-1.40625 0.3515625 -6.767578125 3.955078125 -15.0984712206806 4.482421875 -82.44140625
-1.40625 0.3515625 -6.767578125 3.955078125 -14.0717078189264 4.482421875 -82.08984375
-1.40625 0.3515625 -6.767578125 3.955078125 -13.0447452663588 4.5703125 -82.353515625
-1.40625 0.3515625 -6.767578125 3.955078125 -12.016521876517 4.482421875 -82.44140625
-1.40625 0.3515625 -6.767578125 3.955078125 -10.987878249901 4.39453125 -82.79296875
-1.40625 0.3515625 -6.767578125 3.955078125 -10.188634818739 4.658203125 -83.49609375
-1.40625 0.3515625 -6.767578125 3.955078125 -9.04484383792047 4.5703125 -83.671875
-1.40625 0.3515625 -6.767578125 3.955078125 -7.78693150410605 4.74609375 -83.232421875
-1.40625 0.3515625 -6.767578125 3.955078125 -6.98628023187464 4.921875 -83.408203125
-1.40625 0.3515625 -6.767578125 3.955078125 -6.07050577013719 4.921875 -83.49609375
-1.40625 0.3515625 -6.767578125 3.955078125 -5.04067219014851 5.2734375 -83.583984375
-1.40625 0.3515625 -6.767578125 3.955078125 -3.89518949374056 5.185546875 -83.49609375
-1.40625 0.3515625 -6.767578125 3.955078125 -2.97851063906453 4.921875 -83.84765625
-1.40625 0.3515625 -6.85546875 3.955078125 -2.06198145670521 4.74609375 -84.111328125
-1.40625 0.3515625 -6.85546875 3.955078125 -1.03095150805993 4.5703125 -83.759765625
-1.40625 0.3515625 -6.85546875 3.955078125 0 4.482421875 -83.759765625
-1.40625 0.3515625 -6.85546875 3.955078125 0.916326460051452 4.306640625 -83.759765625
-1.40625 0.3515625 -6.85546875 3.955078125 2.06180322407804 4.482421875 -84.111328125
-1.40625 0.3515625 -6.85546875 3.955078125 3.09286835335911 4.74609375 -83.759765625
-1.40625 0.3515625 -6.85546875 3.955078125 4.00960208897193 5.09765625 -83.583984375
-1.40625 0.3515625 -6.85546875 3.955078125 5.04034546094718 5.09765625 -83.671875
-1.40625 0.3515625 -6.85546875 3.955078125 5.95697662197184 5.361328125 -84.111328125
-1.40625 0.3515625 -6.85546875 3.955078125 6.98763846038363 5.44921875 -84.111328125
-1.40625 0.3515625 -6.85546875 3.955078125 8.01894541176866 5.80078125 -83.759765625
-1.40625 0.3515625 -6.85546875 3.955078125 8.93620159170092 6.240234375 -83.583984375
-1.40625 0.3515625 -6.85546875 3.955078125 10.0812777621985 6.416015625 -82.880859375
-1.40625 0.3515625 -6.85546875 3.955078125 10.8824799684161 6.50390625 -82.705078125
-1.40625 0.3515625 -6.85546875 3.955078125 11.7973469947458 6.50390625 -82.44140625
-1.40625 0.3515625 -6.85546875 3.955078125 13.0557461837782 6.6796875 -82.6171875
-1.40625 0.3515625 -6.85546875 3.955078125 14.0828048738112 6.50390625 -82.79296875
-1.40625 0.3515625 -6.85546875 3.955078125 15.227711676144 6.943359375 -83.14453125
-1.40625 0.3515625 -6.85546875 3.955078125 16.1450936817104 7.470703125 -83.056640625
-1.40625 0.3515625 -6.85546875 3.955078125 17.0594503103814 7.646484375 -83.671875
-1.40625 0.3515625 -6.85546875 3.955078125 18.0892748071106 7.998046875 -83.408203125
-1.40625 0.3515625 -6.85546875 3.955078125 18.8971512130978 8.876953125 -82.96875
-1.40625 0.3515625 -6.85546875 3.955078125 19.9217292255841 8.7890625 -81.73828125
-1.40625 0.3515625 -6.85546875 3.955078125 21.1718619368031 8.61328125 -81.9140625
-1.40625 0.3515625 -6.85546875 3.955078125 22.0854679220992 8.876953125 -82.177734375
-1.40625 0.3515625 -6.85546875 3.955078125 22.9987807453245 9.140625 -82.08984375
-1.40625 0.3515625 -6.85546875 3.955078125 23.9035565049306 8.876953125 -82.001953125
-1.40625 0.3515625 -6.85546875 3.955078125 25.0342114564026 8.61328125 -82.44140625
-1.40625 0.3515625 -6.85546875 3.955078125 25.9423845332659 8.701171875 -82.79296875
-1.40625 0.3515625 -6.85546875 3.955078125 26.9721990325868 9.31640625 -83.408203125
-1.40625 0.3515625 -6.85546875 3.955078125 27.0854177361876 9.31640625 -82.79296875
-1.40625 0.3515625 -6.85546875 3.955078125 27.975156442574 8.4375 -82.880859375
-1.40625 0.3515625 -6.85546875 3.955078125 28.9919490746062 8.4375 -81.9140625
-1.40625 0.3515625 -6.85546875 3.955078125 30.1096866978639 7.822265625 -81.03515625
-1.40625 0.3515625 -6.85546875 3.955078125 30.8897130270736 7.294921875 -81.826171875
-1.40625 0.3515625 -6.85546875 3.955078125 31.9129004006989 7.91015625 -81.123046875
-1.40625 0.3515625 -6.85546875 3.955078125 32.8155093290527 8.0859375 -80.771484375
-1.40625 0.3515625 -6.85546875 3.955078125 33.926910974001 7.470703125 -79.27734375
-1.40625 0.3515625 -6.85546875 3.955078125 35.184275334652 8.701171875 -79.189453125
-1.40625 0.3515625 -6.85546875 3.955078125 35.9624588021263 8.4375 -78.837890625
-1.40625 0.3515625 -6.85546875 3.955078125 36.9669699077038 8.349609375 -79.453125
-1.40625 0.3515625 -6.85546875 3.955078125 37.9699087008653 8.26171875 -79.62890625
-1.40625 0.3515625 -6.85546875 3.955078125 38.9985679973098 9.31640625 -78.22265625
-1.40625 0.3515625 -6.85546875 3.955078125 40.2304712351884 9.580078125 -80.33203125
-1.40625 0.3515625 -6.85546875 3.955078125 40.9177573032016 10.283203125 -80.595703125
-1.40625 0.3515625 -6.85546875 3.955078125 42.0340141689777 10.458984375 -80.15625
-1.40625 0.3515625 -6.943359375 3.955078125 44.8261025123838 11.162109375 -79.716796875
-1.40625 0.3515625 -6.943359375 3.955078125 43.4984128577707 11.162109375 -80.859375
-1.40625 0.3515625 -6.943359375 3.955078125 45.7561234801789 12.392578125 -82.08984375
-1.40625 0.3515625 -7.20703125 3.955078125 45.9176077407576 10.810546875 -81.2109375
-1.40625 0.3515625 -7.91015625 3.955078125 47.9865849126304 10.1953125 -80.595703125
-1.40625 0.3515625 -7.998046875 3.955078125 48.8700463724461 10.37109375 -81.03515625
-1.40625 0.3515625 -8.525390625 3.955078125 49.3144758407757 10.546875 -81.03515625
-1.40625 0.3515625 -8.96484375 3.955078125 48.876297665425 10.546875 -80.947265625
-1.40625 0.3515625 -9.404296875 3.955078125 47.0448352965077 11.513671875 -80.419921875
-1.40625 0.3515625 -10.986328125 3.955078125 46.23320910137 10.37109375 -79.98046875
-1.40625 0.3515625 -11.865234375 3.955078125 45.238051892872 10.283203125 -80.15625
-1.40625 0.263671875 -12.3046875 3.955078125 44.1306499794288 10.1953125 -80.595703125
-1.40625 0.263671875 -12.3046875 3.955078125 42.9104077402965 10.107421875 -81.2109375
-1.40625 0.3515625 -12.3046875 3.955078125 41.9071652271805 9.931640625 -81.9140625
-1.40625 0.3515625 -12.3046875 3.955078125 40.9100487917392 10.01953125 -81.650390625
-1.40625 0.3515625 -13.095703125 3.955078125 39.8125599629025 10.546875 -80.947265625
-1.40625 0.3515625 -13.53515625 3.955078125 38.9390408726893 11.162109375 -81.826171875
-1.40625 0.3515625 -14.853515625 3.955078125 38.042820540438 11.07421875 -82.353515625
-1.40625 0.3515625 -15.8203125 3.955078125 37.0285606375498 10.810546875 -82.96875
-1.40625 0.3515625 -15.8203125 3.955078125 35.5745343762128 10.8984375 -82.529296875
-1.40625 0.3515625 -15.8203125 3.955078125 35.0087846921165 10.72265625 -82.96875
-1.40625 0.3515625 -16.611328125 3.955078125 33.8855901326229 10.72265625 -83.671875
-1.40625 0.3515625 -16.611328125 3.955078125 33.1005728831627 10.810546875 -85.166015625
-1.40625 0.3515625 -16.962890625 3.955078125 31.9766284819432 10.8984375 -86.484375
-1.40625 0.3515625 -16.962890625 3.955078125 30.9616778658378 10.8984375 -87.099609375
-1.40625 0.3515625 -17.138671875 3.955078125 30.0584419048847 10.8984375 -87.01171875
-1.40625 0.3515625 -17.138671875 3.955078125 29.0391646259584 10.810546875 -87.099609375
-1.40625 0.3515625 -17.138671875 3.955078125 27.9094412343442 10.8984375 -86.30859375
-1.40625 0.3515625 -17.138671875 3.955078125 27.0030638702804 10.8984375 -86.572265625
-1.40625 0.3515625 -17.138671875 3.955078125 25.9823542114598 10.8984375 -86.66015625
-1.40625 0.3515625 -17.138671875 3.955078125 24.8402669872096 10.546875 -86.572265625
-1.40625 0.3515625 -17.138671875 3.955078125 24.1570294840062 10.458984375 -86.572265625
-1.40625 0.3515625 -17.138671875 3.955078125 23.0247027333802 10.72265625 -87.71484375
-1.40625 0.3515625 -17.138671875 3.955078125 21.9987712973896 10.634765625 -88.330078125
-1.40625 0.3515625 -17.138671875 3.955078125 20.9693206458814 10.37109375 -88.41796875
-1.40625 0.3515625 -17.138671875 3.955078125 20.1701363939663 10.283203125 -88.2421875
-1.40625 0.3515625 -17.138671875 3.955078125 19.0211515036632 9.66796875 -88.9453125
-1.40625 0.3515625 -17.138671875 3.955078125 17.9942511794341 9.66796875 -89.033203125
-1.40625 0.3515625 -17.138671875 3.955078125 16.9655899829712 9.580078125 -89.033203125
-1.40625 0.3515625 -17.138671875 3.955078125 16.0618009695662 10.458984375 -86.8359375
-1.40625 0.3515625 -17.138671875 3.955078125 14.9169098795776 10.37109375 -86.748046875
-1.40625 0.3515625 -17.138671875 3.955078125 13.9985772642358 10.107421875 -87.099609375
-1.40625 0.3515625 -17.138671875 3.955078125 12.9665386328612 9.931640625 -87.36328125
-1.40625 0.3515625 -17.138671875 3.955078125 12.0473300328627 9.580078125 -87.626953125
-1.40625 0.3515625 -17.138671875 3.955078125 11.0163641179815 9.580078125 -88.06640625
-1.40625 0.3515625 -17.138671875 3.955078125 9.98495168576204 9.580078125 -88.41796875
-1.40625 0.3515625 -17.138671875 3.955078125 8.95205830762871 9.404296875 -88.41796875
-1.40625 0.3515625 -17.138671875 3.955078125 8.03517240657163 9.4921875 -88.76953125
-1.40625 0.3515625 -17.138671875 3.955078125 7.11706778098539 9.404296875 -88.76953125
-1.40625 0.3515625 -17.138671875 3.955078125 6.08410937807212 9.31640625 -88.681640625
-1.40625 0.3515625 -17.138671875 3.955078125 5.04959085416142 8.7890625 -90
-1.40625 0.3515625 -17.138671875 3.955078125 4.01566062710972 8.26171875 -89.560546875
-1.40625 0.3515625 -17.138671875 3.955078125 3.09729155039211 7.91015625 -89.560546875
-1.40625 0.3515625 -17.138671875 3.955078125 1.94974577389692 7.470703125 -89.384765625
-1.40625 0.3515625 -17.138671875 3.955078125 1.14687371014224 7.3828125 -89.47265625
-1.40625 0.3515625 -17.138671875 3.955078125 0 7.20703125 -89.296875
