663.346 322.926 8.040 737.817
669.763 323.454 16.919 743.970
670.402 323.032 19.715 744.431
674.483 323.148 25.182 748.322
674.922 323.045 32.941 748.975
675.857 322.434 40.661 749.933
677.262 321.862 46.938 751.320
677.582 321.081 53.248 751.695
677.429 319.926 60.959 751.651
676.154 318.628 67.985 750.553
676.435 317.606 73.535 750.896
675.630 316.395 79.105 750.226
677.572 315.192 85.244 752.141
676.187 313.913 90.100 750.925
679.097 312.575 94.791 753.565
680.527 310.844 101.556 755.020
681.310 309.533 106.274 755.836
682.772 307.356 113.640 757.337
684.230 305.017 120.950 758.838
686.606 303.785 124.862 761.120
684.666 301.951 129.551 759.424
684.322 300.422 133.506 759.193
681.294 298.367 138.163 756.488
679.450 295.508 144.688 754.925
674.891 292.245 151.189 750.829
668.105 289.135 156.349 744.587
665.177 285.720 162.641 741.990
669.513 281.515 172.526 746.501
669.203 278.084 178.016 746.226
670.561 275.137 183.445 747.666
667.014 271.873 188.212 744.477
668.877 269.192 192.940 746.382
670.767 266.058 198.200 748.331
669.376 262.839 202.806 747.181
669.152 258.499 209.056 747.188
668.296 255.181 213.526 746.546
666.869 252.138 217.377 745.346
669.825 248.737 222.338 748.311
668.634 241.721 230.875 747.532
671.013 238.469 235.109 749.935
668.077 232.722 241.213 747.442
671.919 232.252 242.314 751.088
671.682 226.672 248.318 751.132
672.077 219.118 256.114 751.861
670.857 210.684 264.064 751.110
670.633 218.520 257.204 750.769
670.348 224.214 251.394 750.225
668.505 228.216 246.899 748.292
668.332 231.425 243.384 747.971
669.215 235.166 239.333 748.620
670.043 239.728 234.172 749.175
671.435 243.826 229.451 750.282
671.686 248.566 223.550 750.281
672.937 251.188 219.650 751.123
676.079 256.484 213.677 754.006
675.914 258.879 210.307 753.728
675.662 262.401 205.193 753.312
674.837 266.158 199.432 752.342
675.150 269.186 194.764 752.477
674.422 272.418 190.046 751.781
674.083 275.557 184.076 751.134
674.328 279.026 178.028 751.177
675.745 281.514 173.738 752.373
676.014 284.468 168.180 752.464
675.227 286.910 163.203 751.588
674.887 290.217 156.281 751.081
675.211 292.300 151.827 751.266
676.737 295.255 144.744 752.395
675.390 297.292 139.597 751.013
679.910 300.568 132.314 755.067
680.153 302.807 126.379 755.164
682.023 305.075 120.351 756.777
682.410 306.838 116.335 757.210
682.104 308.749 110.301 756.808
682.340 310.595 104.212 756.913
682.608 312.150 98.766 757.064
682.297 313.749 92.629 756.669
681.442 315.196 86.481 755.771
681.671 316.617 80.265 755.886
681.899 317.927 74.020 756.004
680.023 318.708 69.227 754.188
680.214 319.933 62.243 754.269
678.738 320.984 54.602 752.793
677.404 321.529 49.744 751.486
677.120 322.172 44.129 751.155
674.629 322.595 37.895 748.751
674.815 323.196 30.827 748.853
676.156 323.679 25.106 750.057
676.909 323.633 19.402 750.547
677.672 323.894 12.986 751.209
677.892 323.994 6.593 751.368
678.691 324.032 0.877 752.077
677.247 323.765 -6.138 750.683
675.297 323.347 -12.410 748.821
672.842 322.809 -17.936 746.487
672.521 322.307 -24.276 746.160
670.609 321.616 -29.808 744.340
669.748 320.847 -36.091 743.510
667.262 319.804 -42.257 741.147
664.274 318.687 -47.667 738.304
662.840 317.402 -54.545 736.937
662.054 316.444 -59.356 736.190
661.774 315.335 -64.878 735.928
660.311 313.544 -72.358 734.545
661.080 312.181 -78.587 735.295
658.035 310.088 -85.184 732.408
654.524 308.167 -90.337 729.061
653.174 306.423 -95.622 727.788
650.716 304.229 -101.448 725.451
645.105 301.898 -105.617 720.040
645.342 299.890 -111.587 720.314
646.052 297.354 -118.868 721.064
644.179 295.059 -123.895 719.289
642.309 292.677 -128.876 717.517
643.660 290.706 -134.138 718.889
644.950 288.062 -140.624 720.219
644.159 285.591 -145.582 719.512
640.123 282.245 -150.766 715.646
640.091 281.930 -151.383 715.625
645.207 280.156 -156.873 720.686
644.929 277.181 -162.349 720.500
648.387 274.265 -168.769 723.954
651.405 272.202 -173.279 726.944
647.369 268.493 -178.187 723.136
646.058 265.397 -182.728 721.953
649.531 262.071 -188.900 725.434
641.693 256.808 -194.260 717.954
643.105 254.229 -198.361 719.419
643.390 250.630 -203.387 719.814
643.679 246.947 -208.341 720.217
637.004 242.241 -212.322 713.818
635.108 237.228 -217.869 712.114
630.680 233.926 -220.348 707.836
629.358 229.268 -225.261 706.680
624.436 216.593 -236.820 702.080
624.729 222.222 -231.031 702.171
616.829 211.484 -239.304 694.600
626.179 210.995 -241.889 703.654
629.055 199.159 -251.196 706.027
627.756 194.610 -254.571 704.810
626.267 190.119 -256.147 702.827
626.059 190.213 -254.405 702.034
620.290 195.802 -245.805 695.355
626.121 193.417 -243.767 699.185
626.096 194.015 -239.645 697.902
626.833 196.932 -234.376 697.592
627.631 202.132 -229.073 698.035
628.564 206.405 -225.309 698.899
628.262 210.363 -220.657 698.323
624.555 210.835 -215.033 693.368
620.594 211.760 -210.288 688.622
619.908 209.571 -206.143 686.077
620.617 209.447 -201.542 685.312
620.446 214.608 -194.325 684.670
621.652 216.767 -191.688 685.699
620.959 217.272 -186.068 683.680
620.629 219.827 -182.001 683.102
619.939 221.931 -176.162 681.623
620.206 225.158 -170.896 681.584
620.217 227.206 -166.166 681.104
621.022 230.357 -160.849 681.620
620.796 233.548 -154.731 681.083
621.044 236.094 -149.839 681.093
621.326 238.867 -144.282 681.117
623.775 242.220 -138.285 683.292
624.500 244.039 -134.566 683.859
623.221 246.526 -128.046 682.331
624.046 249.014 -122.342 682.941
625.942 251.591 -116.698 684.631
626.707 253.396 -112.199 685.244
630.784 256.373 -106.007 689.096
631.086 258.366 -100.060 689.227
631.925 260.342 -94.122 689.903
626.844 261.002 -88.295 684.728
627.719 262.962 -81.626 685.451
629.598 264.643 -76.359 687.212
630.978 266.298 -70.335 688.472
633.398 267.875 -65.045 690.783
633.710 269.136 -58.874 691.006
634.024 270.285 -52.680 691.242
635.412 271.502 -46.539 692.552
635.156 272.242 -40.957 692.255
635.975 273.072 -35.434 693.028
636.829 273.887 -29.200 693.843
640.372 275.013 -23.114 697.311
643.921 275.998 -17.001 700.784
646.361 276.654 -11.508 703.173
649.415 277.329 -4.623 706.167
650.204 277.533 0.278 706.958
651.641 277.742 7.269 708.399
