-8.4375 3.8671875 -0.263671875 3.955078125 -4.92790858205531 6.15234375 -74.970703125
-8.4375 3.8671875 -0.263671875 3.955078125 -10.5283465069884 3.603515625 -84.375
-8.4375 3.8671875 -0.263671875 3.955078125 -5.95481914485464 4.306640625 -75.76171875
-8.4375 3.8671875 -0.263671875 3.955078125 0.114479950152136 1.845703125 -66.357421875
-8.4375 3.8671875 -0.263671875 3.955078125 -6.86607642793342 -0.791015625 -87.01171875
-8.4375 3.8671875 -0.263671875 3.955078125 -7.55700501513794 4.306640625 -83.49609375
-8.4375 3.8671875 -0.263671875 3.955078125 -2.29884974503761 10.810546875 -76.025390625
-8.4375 3.8671875 -0.263671875 3.955078125 3.54904189702275 2.63671875 -55.283203125
-8.4375 3.8671875 -0.263671875 3.955078125 -4.57807181124379 0.439453125 -54.140625
-8.4375 3.8671875 -0.263671875 3.955078125 -2.40396447886373 -1.7578125 -82.79296875
-8.4375 3.8671875 -0.263671875 3.955078125 1.37359599878633 -0.615234375 -95.361328125
-8.4375 3.8671875 -0.263671875 3.955078125 9.27680008125263 5.537109375 -86.66015625
-8.4375 3.8671875 -0.263671875 3.955078125 2.51948888376268 3.8671875 -65.91796875
-8.4375 3.8671875 -0.263671875 3.955078125 -1.83257501596519 -4.21875 -69.345703125
-8.4375 3.8671875 -0.263671875 3.955078125 -8.02643913455239 -7.734375 -77.255859375
-8.4375 3.8671875 -0.263671875 3.955078125 -8.25557095629113 -7.734375 -93.779296875
-8.4375 3.8671875 -0.263671875 3.955078125 -7.90476928056008 5.888671875 -95.2734375
-8.4375 3.8671875 -0.263671875 3.955078125 -7.56308591314151 6.416015625 -83.232421875
-8.4375 3.8671875 -0.263671875 3.955078125 -13.1020159309075 11.953125 -88.59375
-8.4375 3.8671875 -0.263671875 3.955078125 -11.4739363272665 9.4921875 -68.90625
-8.4375 3.8671875 -0.263671875 3.955078125 -4.58569197319803 6.85546875 -62.9296875
-8.4375 3.8671875 -0.263671875 3.955078125 -3.56184841564804 10.37109375 -67.236328125
-8.4375 3.8671875 -0.263671875 3.955078125 -10.5120748863377 16.435546875 -90.17578125
-8.4375 3.8671875 -0.263671875 3.955078125 -8.82140620733031 6.15234375 -101.953125
-8.4375 3.8671875 -0.263671875 3.955078125 0 2.724609375 -94.833984375
-8.4375 3.8671875 -0.263671875 3.955078125 6.75799629254219 5.185546875 -84.462890625
-8.4375 3.8671875 -0.263671875 3.955078125 -4.58473747636641 -6.416015625 -90
-8.4375 3.8671875 -0.263671875 3.955078125 3.90094986627446 -8.26171875 -92.28515625
-8.4375 3.8671875 -0.263671875 3.955078125 5.162648507435 8.26171875 -75.41015625
-8.4375 3.8671875 -0.263671875 3.955078125 -0.230371008244395 13.18359375 -60.46875
-8.4375 3.8671875 -0.263671875 3.955078125 -5.90285670665257 17.578125 -76.728515625
-8.4375 3.8671875 -0.263671875 3.955078125 -11.021055186915 19.599609375 -100.458984375
-8.4375 3.8671875 -0.263671875 3.955078125 -5.09294838921272 17.578125 -96.767578125
-8.4375 3.8671875 -0.263671875 3.955078125 5.20159915181285 16.5234375 -90.087890625
-8.4375 3.8671875 -0.263671875 3.955078125 6.80505441769385 14.765625 -69.08203125
-8.4375 3.8671875 -0.263671875 3.955078125 3.44300963993722 8.701171875 -54.4921875
-8.4375 3.8671875 -0.263671875 3.955078125 12.8473143956857 9.404296875 -50.712890625
-8.4375 3.8671875 -0.263671875 3.955078125 13.1394698335151 14.853515625 -52.119140625
-8.4375 3.8671875 -0.263671875 3.955078125 9.19336416145898 11.162109375 -78.134765625
-8.4375 3.8671875 -0.263671875 3.955078125 0.917631892131716 7.646484375 -93.076171875
-8.4375 3.8671875 -0.263671875 3.955078125 -3.80343941126537 13.88671875 -99.404296875
-8.4375 3.8671875 -0.263671875 3.955078125 -10.7547648708969 17.314453125 -91.669921875
-8.4375 3.8671875 -0.263671875 3.955078125 -3.28207997852809 25.048828125 -84.90234375
-8.4375 3.8671875 -0.263671875 3.955078125 -11.344896409193 7.3828125 -93.8671875
-8.4375 3.8671875 -0.263671875 3.955078125 -6.75422400309841 3.33984375 -73.125
-8.4375 3.8671875 -0.263671875 3.955078125 -4.01145190361459 6.240234375 -67.1484375
-8.4375 3.8671875 -0.263671875 3.955078125 -7.95532041356247 14.501953125 -88.154296875
-8.4375 3.8671875 -0.263671875 3.955078125 -6.56720937205323 13.7109375 -66.533203125
-8.4375 3.8671875 -0.263671875 3.955078125 0.343597136173778 4.04296875 -54.31640625
-8.4375 3.8671875 -0.263671875 3.955078125 -4.581300451632 4.482421875 -90.703125
-8.4375 3.8671875 -0.263671875 3.955078125 -10.0049986301549 12.12890625 -101.953125
-8.4375 3.8671875 -0.263671875 3.955078125 -7.93036367318883 11.162109375 -68.37890625
-8.4375 3.8671875 -0.263671875 3.955078125 -4.85130479665284 15.908203125 -54.66796875
-8.4375 3.8671875 -0.263671875 3.955078125 -5.41506174540976 13.623046875 -94.482421875
-8.4375 3.8671875 -0.263671875 3.955078125 -13.1737912857358 22.763671875 -97.998046875
-8.4375 3.8671875 -0.263671875 3.955078125 6.22010127358907 13.447265625 -65.21484375
-8.4375 3.8671875 -0.263671875 3.955078125 5.50274690969923 -6.943359375 -83.056640625
-8.4375 3.8671875 -0.263671875 3.955078125 0.916429038310988 -4.658203125 -62.138671875
-8.4375 3.8671875 -0.263671875 3.955078125 -8.58210158072409 -1.93359375 -88.330078125
-8.4375 3.8671875 -0.263671875 3.955078125 -5.39561213221135 9.31640625 -101.77734375
-8.4375 3.8671875 -0.263671875 3.955078125 -19.4457133060504 14.501953125 -100.72265625
-8.4375 3.8671875 -0.263671875 3.955078125 -7.58691222069753 11.337890625 -65.0390625
-8.4375 3.8671875 -0.263671875 3.955078125 1.3831788124313 13.88671875 -59.0625
-8.4375 3.8671875 -0.263671875 3.955078125 11.9452732449389 10.986328125 -58.359375
-8.4375 3.8671875 -0.263671875 3.955078125 15.8857259503784 -0.791015625 -56.6015625
-8.4375 3.8671875 -0.263671875 3.955078125 15.090129017241 2.109375 -78.486328125
-8.4375 3.8671875 -0.263671875 3.955078125 13.1525971535162 15.732421875 -77.16796875
-8.4375 3.8671875 -0.263671875 3.955078125 -5.65437531915275 15.1171875 -95.2734375
-8.4375 3.8671875 -0.263671875 3.955078125 -16.1132128444087 0.17578125 -96.064453125
-8.4375 3.8671875 -0.263671875 3.955078125 -17.442993968204 -11.162109375 -64.599609375
-8.4375 3.8671875 -0.263671875 3.955078125 -0.573753165584998 8.349609375 -39.814453125
-8.4375 3.8671875 -0.263671875 3.955078125 -7.62180838009323 15.908203125 -38.671875
-8.4375 3.8671875 -0.263671875 3.955078125 -19.4897036635751 20.654296875 -74.794921875
-8.4375 3.8671875 -0.17578125 3.955078125 -30.4143592852675 18.369140625 -95.44921875
-8.4375 3.8671875 -0.17578125 3.955078125 -16.1241814309355 4.39453125 -37.177734375
-8.4375 3.8671875 -0.263671875 3.955078125 6.76979704370202 -8.701171875 -103.271484375
-8.4375 3.8671875 -0.263671875 3.955078125 -1.96428156620866 16.083984375 -108.10546875
-8.4375 3.8671875 -0.263671875 3.955078125 -17.8039878679535 22.236328125 -100.458984375
-8.4375 3.8671875 -0.263671875 3.955078125 1.50948764509955 19.6875 -56.42578125
-8.4375 3.8671875 -0.263671875 3.955078125 9.16934559190276 7.20703125 -52.646484375
-8.4375 3.8671875 -0.263671875 3.955078125 9.96893515433113 -6.85546875 -55.810546875
-8.4375 3.8671875 -0.263671875 3.955078125 -10.4107886572739 -2.021484375 -96.591796875
-8.4375 3.8671875 -0.263671875 3.955078125 -10.9271150583328 12.48046875 -101.07421875
-8.4375 3.8671875 -0.263671875 3.955078125 -8.25784139108142 21.005859375 -96.767578125
-8.4375 3.8671875 -0.263671875 3.955078125 -5.50557839260903 24.78515625 -74.091796875
-8.4375 3.8671875 -0.263671875 3.955078125 4.54826724052976 22.412109375 -53.173828125
-8.4375 3.8671875 -0.263671875 3.955078125 6.32132864500457 10.986328125 -44.033203125
-8.4375 3.8671875 -0.263671875 3.955078125 -6.3249937814794 11.689453125 -103.271484375
-8.4375 3.8671875 -0.263671875 3.955078125 -11.5409584268743 22.587890625 -97.294921875
-8.4375 3.8671875 -0.263671875 3.955078125 -13.7799772703686 23.73046875 -71.015625
-8.4375 3.8671875 -0.263671875 3.955078125 -12.4678848623748 22.412109375 -98.173828125
-8.4375 3.8671875 -0.263671875 3.955078125 1.98126233101323 21.97265625 -110.830078125
-8.4375 3.8671875 -0.263671875 3.955078125 -1.06589983954487 29.53125 -108.45703125
-8.4375 3.8671875 -0.263671875 3.955078125 23.2385970780638 9.931640625 -66.005859375
-8.4375 3.8671875 -0.263671875 3.955078125 -30.6881559326093 19.423828125 -100.8984375
-8.4375 3.8671875 -0.263671875 3.955078125 -25.8297217487762 20.830078125 -73.212890625
-8.4375 3.8671875 -0.263671875 3.955078125 -24.0656039340215 1.58203125 -59.501953125
-8.4375 3.8671875 -0.263671875 3.955078125 -2.17921763617048 7.55859375 -57.041015625
-8.4375 3.8671875 -0.263671875 3.955078125 5.68626399478941 19.423828125 -46.318359375
-8.4375 3.8671875 -0.263671875 3.955078125 -5.07227529196205 14.150390625 -85.869140625
-8.4375 3.8671875 -0.263671875 3.955078125 -2.29206681527601 5.888671875 -98.4375
-8.4375 3.8671875 -0.263671875 3.955078125 -15.3829150445896 11.07421875 -106.259765625
-8.4375 3.8671875 -0.263671875 3.955078125 -2.40640176544563 5.625 -70.224609375
-8.4375 3.8671875 -0.263671875 3.955078125 -2.31239304299601 16.611328125 -54.140625
-8.4375 3.8671875 -0.263671875 3.955078125 -3.56508294474834 11.513671875 -96.591796875
-8.4375 3.8671875 -0.263671875 3.955078125 -10.8243452255293 21.62109375 -95.09765625
-8.4375 3.8671875 -0.263671875 3.955078125 -0.232749540770531 21.09375 -62.138671875
-8.4375 3.8671875 -0.263671875 3.955078125 -11.5391029378024 15.64453125 -94.04296875
-8.4375 3.8671875 -0.263671875 3.955078125 -3.60890052827291 21.357421875 -91.845703125
-8.4375 3.8671875 -0.263671875 3.955078125 -0.928192161038241 19.16015625 -57.65625
-8.4375 3.8671875 -0.263671875 3.955078125 -2.51837770741132 1.58203125 -75.146484375
-8.4375 3.8671875 -0.263671875 3.955078125 -2.52688981585554 9.84375 -89.12109375
-8.4375 3.8671875 -0.263671875 3.955078125 -13.4539744244438 19.6875 -97.20703125
-8.4375 3.8671875 -0.263671875 3.955078125 -1.27212712525496 16.787109375 -51.943359375
-8.4375 3.8671875 -0.263671875 3.955078125 -4.71054856210571 10.37109375 -103.0078125
-8.4375 3.8671875 -0.263671875 3.955078125 -4.48359420318939 11.162109375 -71.279296875
-8.4375 3.8671875 -0.263671875 3.955078125 -10.8227366607674 21.533203125 -103.53515625
-8.4375 3.8671875 -0.263671875 3.955078125 6.04072131234843 20.126953125 -53.26171875
-8.26171875 3.8671875 -0.263671875 3.955078125 3.20811362824317 5.361328125 -93.427734375
-8.4375 3.8671875 -0.263671875 3.955078125 -11.3621676103296 9.84375 -99.4921875
