665.568 350.878 94.012 758.245
680.949 347.557 128.636 775.264
676.899 351.315 100.547 769.237
692.543 354.046 63.236 780.361
708.431 351.649 106.603 798.057
676.794 350.150 110.387 769.961
637.175 347.643 77.355 729.953
687.869 353.174 41.917 774.372
700.951 353.087 92.404 790.279
714.722 353.751 79.085 801.388
707.889 354.108 55.591 793.467
670.303 347.946 6.679 755.260
680.180 353.079 48.225 767.878
730.003 353.087 75.683 814.434
751.280 347.548 113.753 835.555
751.266 347.349 115.147 835.649
666.999 348.997 112.294 761.115
663.770 348.933 110.124 757.939
629.532 337.474 142.091 728.278
644.626 342.360 133.164 741.947
661.258 350.561 91.823 754.047
639.772 347.749 85.099 733.130
602.764 333.988 125.176 700.386
665.313 348.004 117.845 760.023
687.088 353.829 63.887 775.478
672.309 350.317 22.075 758.425
743.391 350.875 92.724 827.249
755.304 349.728 40.691 833.337
653.255 349.116 31.874 741.377
622.914 344.861 64.590 714.929
596.280 335.840 97.758 691.300
584.084 327.464 126.790 681.515
596.332 336.298 92.991 690.909
603.240 338.151 32.095 692.297
613.844 340.073 22.377 702.108
650.446 349.507 42.395 739.616
646.749 340.677 -14.513 731.134
613.719 333.362 -14.996 698.574
635.783 343.029 7.626 722.459
656.755 351.026 57.920 746.927
618.443 343.084 86.038 712.447
597.535 332.167 126.244 695.212
553.319 320.277 80.886 644.423
657.571 344.398 132.907 754.105
682.829 351.165 105.572 775.060
665.087 351.260 88.368 757.320
614.478 339.596 110.731 710.754
619.324 341.838 102.650 714.809
678.948 353.340 61.674 767.870
675.903 352.012 92.069 767.616
628.664 341.014 123.630 725.805
634.668 344.174 111.434 730.532
606.262 339.396 91.926 700.852
619.928 342.691 95.764 714.785
565.672 317.924 137.276 663.254
621.740 342.453 25.732 710.279
747.306 349.999 30.701 825.777
732.903 353.012 58.714 815.605
715.403 350.052 117.199 805.030
646.096 347.989 96.427 740.159
613.760 323.281 177.654 716.081
633.622 344.245 109.324 729.337
618.779 343.743 54.825 709.966
637.030 340.163 -8.866 722.217
709.932 340.626 -33.144 788.117
691.894 341.743 -28.528 772.217
608.458 331.944 -14.802 693.272
610.937 340.263 96.876 705.980
701.832 340.268 162.687 796.754
771.655 331.474 169.320 856.736
652.338 350.446 67.036 743.539
606.086 337.600 108.353 702.179
577.437 312.333 173.670 679.078
590.156 290.096 233.610 697.863
675.695 339.636 162.182 773.447
758.188 347.691 23.236 834.433
605.399 340.119 74.716 698.406
568.416 312.045 163.205 668.659
584.352 333.340 53.969 674.904
660.000 346.918 7.407 745.659
747.057 346.363 3.443 823.452
715.828 348.163 128.382 806.293
626.475 339.541 129.018 724.158
576.079 327.173 110.351 671.630
554.668 320.005 93.424 647.138
568.767 326.351 36.561 656.763
636.667 345.596 24.930 724.847
631.567 344.742 101.635 726.673
566.775 320.335 128.249 663.548
560.132 314.817 140.025 657.621
567.726 319.638 133.542 665.067
571.133 328.219 51.247 660.717
528.754 308.007 67.940 615.682
644.171 320.504 -74.707 723.367
583.962 287.065 233.850 691.450
576.055 297.816 207.430 680.853
692.614 323.216 208.826 792.333
657.091 350.888 76.963 748.875
586.155 332.354 29.592 674.472
616.775 342.098 93.602 711.480
667.369 352.073 77.815 758.546
634.726 335.118 155.851 734.487
668.989 352.208 78.544 760.109
602.239 339.122 76.718 695.399
632.814 346.406 84.961 726.408
572.369 323.347 124.707 669.113
576.067 330.414 64.042 667.180
607.412 334.148 131.495 705.616
574.334 329.168 83.512 667.222
587.284 334.500 68.254 679.302
694.002 353.753 79.573 783.015
643.059 348.658 78.854 735.735
583.422 324.273 140.634 682.137
601.261 339.002 70.520 693.837
639.697 347.244 92.089 733.669
634.892 346.441 90.586 728.914
572.876 323.546 124.741 669.648
582.072 330.675 27.641 670.013
671.120 352.122 41.852 759.041
642.484 342.136 132.399 739.846
