311.934 363.271 395.934 621.315
313.305 364.495 403.342 627.456
314.382 365.343 409.180 632.250
315.950 366.397 417.695 639.172
316.636 366.791 421.429 642.181
318.008 367.458 428.907 648.163
318.986 367.834 434.257 652.406
319.867 368.101 439.077 656.202
321.527 368.421 448.189 663.315
322.599 368.499 454.089 667.876
323.165 368.480 461.189 672.984
324.834 368.335 466.425 677.304
325.705 368.151 471.250 680.952
327.153 367.693 479.285 686.980
327.610 367.211 485.832 691.524
328.378 366.811 490.106 694.684
329.334 366.235 495.443 698.607
330.477 365.434 501.834 703.274
331.710 364.432 508.741 708.279
332.371 363.835 512.451 710.952
334.751 362.094 521.838 717.973
334.995 361.041 527.226 721.485
336.702 359.749 532.872 725.769
335.794 359.174 535.737 727.171
338.721 356.907 544.348 733.777
339.043 355.358 550.172 737.508
339.199 353.692 555.978 741.124
341.385 351.265 563.538 746.663
342.629 348.838 570.667 751.494
342.443 346.478 577.480 755.512
344.592 343.134 585.881 761.407
342.565 341.753 589.842 762.928
344.437 338.756 596.642 767.707
344.387 337.219 600.195 769.775
346.093 332.587 609.917 776.140
346.631 329.177 616.754 780.317
344.724 325.366 624.383 783.933
348.406 327.644 619.380 782.540
345.485 330.669 613.999 778.265
342.031 335.191 605.096 771.673
339.485 336.806 602.029 768.848
336.962 339.894 595.386 763.909
335.452 341.379 592.051 761.309
336.924 343.633 586.210 758.448
335.276 345.798 580.823 754.547
331.716 348.594 573.620 748.727
333.002 350.011 569.201 746.584
333.265 352.035 562.838 742.820
331.997 354.262 555.649 737.882
330.904 356.046 549.450 733.595
332.846 356.987 545.335 731.858
331.854 358.457 539.606 727.869
332.319 359.681 534.135 724.643
332.606 361.041 527.594 720.648
333.969 362.215 521.436 717.377
331.194 363.475 514.809 711.921
330.453 364.181 510.569 708.878
329.626 365.505 501.419 702.615
328.870 366.046 497.157 699.507
327.638 366.811 490.220 694.415
327.130 367.435 483.158 689.539
325.877 367.918 476.199 684.343
325.104 368.145 471.913 681.121
323.553 368.440 463.334 674.621
321.795 368.518 457.539 669.850
320.347 368.461 449.491 663.647
318.681 368.337 444.253 659.235
319.364 368.170 440.275 656.799
318.387 367.886 434.919 652.583
316.712 367.536 429.695 648.095
316.136 366.916 422.622 642.790
313.902 366.357 417.475 637.994
312.033 365.505 410.641 632.127
310.481 364.852 405.979 627.960
310.125 363.922 400.023 623.406
307.816 362.335 391.162 615.666
309.486 361.480 386.576 613.099
307.826 360.376 381.455 608.388
310.169 362.215 390.258 616.203
311.634 363.656 398.173 622.819
313.305 364.495 403.342 627.456
314.284 365.270 408.648 631.815
315.157 366.357 417.288 638.491
316.332 367.018 423.690 643.647
317.604 367.598 430.638 649.192
318.582 367.949 435.990 653.428
320.355 368.220 441.756 658.302
321.316 368.488 450.997 665.151
322.387 368.520 456.897 669.698
