-1.845703125 278.173828125 2.98828125 3.955078125 1.60805942583754 9.84375 182.548828125
-1.845703125 278.173828125 2.98828125 3.955078125 1.60674413173893 8.61328125 183.69140625
-1.845703125 278.173828125 2.98828125 3.955078125 1.60583818657967 7.646484375 183.603515625
-1.845703125 278.173828125 2.98828125 3.955078125 1.60471782417334 6.240234375 183.955078125
-1.845703125 278.173828125 2.98828125 3.955078125 1.60430044912815 5.625 183.69140625
-1.845703125 278.173828125 2.98828125 3.955078125 1.60359730907691 4.39453125 183.427734375
-1.845703125 278.173828125 2.98828125 3.955078125 1.60320177323278 3.515625 183.779296875
-1.845703125 278.173828125 2.98828125 3.955078125 1.60292136689504 2.724609375 183.8671875
-1.845703125 278.173828125 2.98828125 3.955078125 1.602586131346 1.23046875 183.955078125
-1.845703125 278.173828125 2.98828125 3.955078125 1.60250426136741 0.263671875 183.603515625
-1.845703125 278.173828125 2.98828125 3.955078125 1.48807998661493 -0.87890625 182.900390625
-1.845703125 278.173828125 2.98828125 3.955078125 1.60267547830254 -1.7578125 183.427734375
-1.845703125 278.173828125 2.98828125 3.955078125 1.60286874764475 -2.548828125 183.251953125
-1.845703125 278.173828125 2.98828125 3.955078125 1.60334935814575 -3.8671875 182.900390625
-1.845703125 278.173828125 2.98828125 3.955078125 1.48931791662352 -4.921875 182.98828125
-1.845703125 278.173828125 2.98828125 3.955078125 1.48971089652038 -5.625 182.900390625
-1.845703125 278.173828125 2.98828125 3.955078125 1.49027710780912 -6.50390625 182.8125
-1.845703125 278.173828125 2.98828125 3.955078125 1.49106744652726 -7.55859375 182.900390625
-1.845703125 278.173828125 2.98828125 3.955078125 1.49206166464886 -8.701171875 182.4609375
-1.845703125 278.173828125 2.98828125 3.955078125 1.49265714522485 -9.31640625 181.93359375
-1.845703125 278.173828125 2.98828125 3.955078125 1.60933367655937 -10.8984375 182.373046875
-1.845703125 278.173828125 2.98828125 3.955078125 1.49546841282333 -11.77734375 182.28515625
-1.845703125 278.173828125 2.98828125 3.955078125 1.61189698448207 -12.744140625 182.63671875
-1.845703125 278.173828125 2.98828125 3.955078125 1.38220980021285 -13.18359375 182.021484375
-1.845703125 278.173828125 2.98828125 3.955078125 1.61505084150145 -14.677734375 181.58203125
-1.845703125 278.173828125 2.98828125 3.955078125 1.50133009014934 -15.64453125 181.58203125
-1.845703125 278.0859375 2.98828125 3.955078125 1.50308488755664 -16.611328125 181.494140625
-1.845703125 278.173828125 2.98828125 3.955078125 1.50567326491922 -17.9296875 182.724609375
-1.845703125 278.173828125 2.98828125 3.955078125 1.50829874397184 -19.16015625 182.724609375
-1.845703125 278.173828125 2.98828125 3.955078125 1.27847948243737 -20.302734375 182.548828125
-1.845703125 278.173828125 2.98828125 3.955078125 1.39813207702033 -21.796875 182.548828125
-1.845703125 278.173828125 2.98828125 3.955078125 0.933095246892199 -22.412109375 182.373046875
-1.845703125 278.173828125 2.98828125 3.955078125 1.05210309972456 -23.642578125 182.197265625
-1.845703125 278.173828125 2.98828125 3.955078125 0.936313727697944 -24.2578125 182.021484375
-1.845703125 278.173828125 2.98828125 3.955078125 0.939695187627846 -26.015625 182.197265625
-1.845703125 278.173828125 2.98828125 3.955078125 0.824475657289587 -27.24609375 182.021484375
-1.845703125 277.998046875 2.98828125 3.955078125 0.590744948551942 -28.564453125 181.845703125
-1.845703125 278.173828125 2.98828125 3.955078125 1.06132974454401 -27.7734375 181.93359375
-1.845703125 278.173828125 2.98828125 3.955078125 0.705855738467972 -26.71875 181.845703125
-1.845703125 277.998046875 2.98828125 3.955078125 0.703348733082809 -25.048828125 181.58203125
-1.845703125 277.998046875 2.98828125 3.955078125 0.351240804413348 -24.43359375 181.58203125
-1.845703125 277.998046875 2.98828125 3.955078125 0.116804921652741 -23.203125 181.58203125
-1.845703125 277.91015625 2.98828125 3.955078125 0.116674094733267 -22.587890625 182.28515625
-1.845703125 278.0859375 2.98828125 3.955078125 0.232954945093374 -21.62109375 182.197265625
-1.845703125 278.0859375 2.98828125 3.955078125 0.116291609173647 -20.654296875 182.109375
-1.845703125 277.998046875 2.98828125 3.955078125 -0.116054799133427 -19.3359375 182.373046875
-1.845703125 277.998046875 2.98828125 3.955078125 0.231872230317907 -18.6328125 182.373046875
-1.845703125 277.998046875 2.98828125 3.955078125 0.463070824485712 -17.578125 182.373046875
-1.845703125 277.998046875 2.98828125 3.955078125 0.462342735677464 -16.34765625 182.373046875
-1.845703125 277.998046875 2.98828125 3.955078125 0.46176640054826 -15.29296875 182.28515625
-1.845703125 277.91015625 2.98828125 3.955078125 1.03825703118356 -14.677734375 182.373046875
-1.845703125 277.91015625 2.98828125 3.955078125 1.03720403272082 -13.7109375 183.1640625
-1.845703125 277.91015625 2.98828125 3.955078125 1.26660282443359 -12.83203125 183.69140625
-1.845703125 277.91015625 2.98828125 3.955078125 1.49546841282333 -11.77734375 184.306640625
-1.845703125 278.173828125 2.98828125 3.955078125 1.49428117867093 -10.810546875 185.009765625
-1.845703125 277.998046875 2.98828125 3.955078125 1.49301649571825 -9.66796875 185.537109375
-1.845703125 277.998046875 2.98828125 3.955078125 1.49231168490641 -8.96484375 186.15234375
-1.845703125 278.0859375 2.98828125 3.955078125 1.49099693547356 -7.470703125 185.712890625
-1.845703125 278.0859375 2.98828125 3.955078125 1.4904633086894 -6.767578125 185.9765625
-1.845703125 278.0859375 2.98828125 3.955078125 1.48971089652038 -5.625 186.15234375
-1.845703125 278.173828125 2.98828125 3.955078125 1.48909923396822 -4.482421875 185.888671875
-1.845703125 278.173828125 2.98828125 3.955078125 1.48862709273003 -3.33984375 186.064453125
-1.845703125 278.173828125 2.98828125 3.955078125 1.48840547117358 -2.63671875 185.537109375
-1.845703125 278.173828125 2.98828125 3.955078125 1.48811901779739 -1.23046875 185.185546875
-1.845703125 278.0859375 2.98828125 3.955078125 1.48804299509019 -0.263671875 184.39453125
-1.845703125 278.0859375 2.98828125 3.955078125 1.48809787499469 1.0546875 183.69140625
-1.845703125 278.0859375 2.98828125 3.955078125 1.37375929332939 1.93359375 183.779296875
-1.845703125 278.173828125 2.98828125 3.955078125 1.48838144923365 2.548828125 183.603515625
-1.845703125 278.173828125 2.98828125 3.955078125 1.48865848108449 3.427734375 182.724609375
-1.845703125 278.173828125 2.98828125 3.955078125 1.37448057879388 4.306640625 183.603515625
-1.845703125 278.173828125 2.98828125 3.955078125 1.48960766743573 5.44921875 183.69140625
-1.845703125 277.998046875 2.98828125 3.955078125 1.4901571723691 6.328125 183.69140625
-1.845703125 277.91015625 2.98828125 3.955078125 1.49099693547356 7.470703125 183.076171875
-1.845703125 277.91015625 2.98828125 3.955078125 1.37692179015071 8.26171875 182.98828125
-1.845703125 277.91015625 2.98828125 3.955078125 1.49256948060947 9.228515625 183.427734375
-1.845703125 277.91015625 2.98828125 3.955078125 1.37924466735718 10.72265625 183.603515625
-1.845703125 278.173828125 2.98828125 3.955078125 1.49502415023875 11.42578125 183.603515625
-1.845703125 278.173828125 2.98828125 3.955078125 1.38107542910841 12.3046875 185.361328125
-1.845703125 278.173828125 2.98828125 3.955078125 1.49428117867093 10.810546875 186.6796875
-1.845703125 278.173828125 2.98828125 3.955078125 1.49283507989709 9.4921875 186.50390625
-1.845703125 278.173828125 2.98828125 3.955078125 1.60674413173893 8.61328125 185.9765625
-1.845703125 278.173828125 2.98828125 3.955078125 1.60591595033009 7.734375 186.240234375
-1.845703125 278.173828125 2.98828125 3.955078125 1.4901571723691 6.328125 185.537109375
-1.845703125 278.173828125 2.98828125 3.955078125 1.48950776423218 5.2734375 184.74609375
-1.845703125 278.173828125 2.98828125 3.955078125 1.48893914886194 4.130859375 184.130859375
-1.845703125 278.173828125 2.98828125 3.955078125 1.48859652421956 3.251953125 183.8671875
-1.845703125 278.173828125 2.98828125 3.955078125 1.60279641640553 2.28515625 183.251953125
-1.845703125 278.173828125 2.98828125 3.955078125 1.48807226256449 0.791015625 182.900390625
-1.845703125 278.173828125 2.98828125 3.955078125 1.48804096278014 -0.17578125 183.427734375
