-6.943359375 12.744140625 -11.25 -1.7578125 -0.46176640054826 -15.29296875 -80.859375
5.888671875 0.87890625 -10.1953125 -1.7578125 -0.1144741617272 -1.40625 -79.716796875
21.26953125 -30.322265625 -10.634765625 -1.7578125 1.94737538982056 -4.658203125 -88.76953125
37.001953125 -52.822265625 3.779296875 -1.845703125 3.891486982802 -0.263671875 -123.046875
23.5546875 -31.81640625 -15.8203125 -1.7578125 7.67821934190795 -6.591796875 -107.578125
20.654296875 -19.86328125 -10.37109375 -1.7578125 15.0085750777025 -8.0859375 -92.8125
-1.23046875 14.326171875 -11.162109375 -1.7578125 -2.75525920255779 -9.140625 -69.08203125
-11.953125 28.037109375 -11.6015625 -1.845703125 -18.8588228155431 -4.658203125 -54.140625
-20.56640625 32.16796875 0.3515625 -1.845703125 -7.80046956032043 -8.4375 -63.28125
-30.5859375 46.7578125 -1.58203125 -1.7578125 -8.47036143324716 -3.515625 -66.62109375
-36.9140625 55.37109375 -2.373046875 -1.845703125 13.3793077945629 -2.021484375 -80.068359375
-33.92578125 43.76953125 9.66796875 -1.7578125 -12.9210484045879 -0.263671875 -68.5546875
-39.462890625 53.525390625 23.37890625 -1.7578125 -15.0895740511839 1.845703125 -65.390625
-54.580078125 78.22265625 9.4921875 -1.845703125 10.6907567837982 -11.77734375 -90
-54.580078125 77.51953125 2.8125 -1.845703125 -0.574974360541918 -11.337890625 -65.21484375
-42.890625 65.478515625 -11.42578125 -1.845703125 -8.17682094173185 -13.447265625 -46.318359375
-41.1328125 53.173828125 -18.544921875 -1.7578125 29.7916701687077 -8.96484375 -91.142578125
-12.65625 5.625 -14.58984375 -1.845703125 6.88641241712562 -9.140625 -92.109375
-6.6796875 4.921875 -3.251953125 -1.7578125 -18.6259357967617 -3.69140625 -76.11328125
8.26171875 -15.29296875 8.4375 -1.7578125 -4.23478695024657 -0.3515625 -109.072265625
11.07421875 -15.380859375 -2.98828125 -1.7578125 8.93551329242895 6.064453125 -128.759765625
18.10546875 -30.9375 6.85546875 -1.845703125 21.3905599215503 7.91015625 -115.3125
17.490234375 -17.666015625 -1.494140625 -1.7578125 -5.49623793487615 -3.8671875 -84.287109375
26.71875 -32.431640625 -17.314453125 -1.7578125 -10.8719150533843 -3.8671875 -88.76953125
29.091796875 -35.947265625 -8.876953125 -1.7578125 -24.4116182888146 -3.1640625 -82.529296875
25.13671875 -33.22265625 2.4609375 -1.7578125 -25.4257084709494 2.28515625 -76.376953125
14.58984375 -32.6953125 -5.44921875 -1.7578125 22.7866338086954 10.107421875 -104.326171875
17.841796875 -27.685546875 1.7578125 -1.7578125 1.38085869268314 12.12890625 -96.943359375
-29.091796875 29.8828125 2.373046875 -1.7578125 25.0828112064959 1.0546875 -88.681640625
-35.419921875 46.0546875 -6.15234375 -1.7578125 10.9959745203601 6.328125 -81.650390625
-22.5 12.3046875 6.328125 -1.7578125 -15.9264226352978 8.525390625 -74.794921875
-22.587890625 17.138671875 5.09765625 -1.7578125 4.5854959009679 6.767578125 -107.05078125
-20.478515625 18.017578125 -3.955078125 -1.7578125 15.2304277308364 7.294921875 -122.87109375
16.171875 -35.15625 4.74609375 -1.7578125 21.7199167491216 13.88671875 -121.11328125
11.6015625 -25.400390625 3.33984375 -1.7578125 -13.8345999977527 -1.40625 -81.73828125
19.86328125 -36.73828125 11.513671875 -1.7578125 -6.86709665628032 -2.197265625 -69.697265625
22.412109375 -26.3671875 13.88671875 -1.7578125 -8.8210689285628 -6.064453125 -49.130859375
10.546875 -17.666015625 1.58203125 -1.7578125 15.5656276310194 -6.328125 -65.478515625
12.744140625 -17.666015625 7.734375 -1.845703125 -3.02129997183284 20.21484375 -74.091796875
6.767578125 -8.701171875 2.197265625 -1.7578125 15.2893098734143 12.65625 -130.78125
4.921875 -8.4375 -4.130859375 -1.7578125 24.0054011933199 18.017578125 -150.29296875
5.009765625 -7.119140625 5.712890625 -1.7578125 -25.9865252790136 0.615234375 -54.052734375
6.416015625 -7.03125 -2.98828125 -1.7578125 -17.0454411021102 14.853515625 -71.89453125
-1.494140625 2.724609375 0.3515625 9.228515625 13.2648924032821 -1.845703125 -80.15625
36.38671875 -52.998046875 -10.458984375 6.064453125 -2.86151866318629 -0.3515625 -88.41796875
39.462890625 -58.095703125 12.65625 -4.74609375 -20.4351927268356 -0.17578125 -77.6953125
-50.361328125 65.91796875 -6.943359375 -4.74609375 -0.801610645414803 -3.515625 -76.728515625
-51.6796875 71.279296875 1.0546875 -4.74609375 -17.5442569543226 16.787109375 -66.09375
-29.35546875 25.224609375 -7.119140625 -4.74609375 14.3698242440299 -12.48046875 -81.826171875
-45.3515625 71.54296875 8.173828125 -4.74609375 -0.574387596645826 10.01953125 -76.376953125
-33.046875 41.396484375 -8.525390625 -4.74609375 21.5782420931956 3.251953125 -97.646484375
-17.40234375 14.677734375 -5.361328125 -4.74609375 38.6864917002543 4.5703125 -105.8203125
-7.734375 18.80859375 -4.658203125 -4.74609375 -22.2177547919272 -10.107421875 -81.73828125
-21.708984375 19.599609375 0.439453125 -4.74609375 -16.9192283975021 3.8671875 -101.689453125
-25.927734375 16.435546875 -7.3828125 -4.74609375 -0.230616732573884 -14.23828125 -70.751953125
-48.8671875 65.654296875 -15.732421875 -4.74609375 -13.4992455182873 4.04296875 -93.69140625
-29.53125 30.76171875 -17.314453125 -4.74609375 16.8987164354224 13.0078125 -87.451171875
-33.3984375 26.3671875 2.98828125 -4.74609375 -0.921323606709667 -13.0078125 -69.697265625
-11.513671875 12.216796875 0.703125 -4.74609375 -13.95045330009 -2.373046875 -102.041015625
-10.107421875 5.185546875 0.791015625 -4.74609375 -10.9859209511226 -3.779296875 -87.626953125
-32.6953125 31.11328125 -6.943359375 -4.74609375 -1.83367536207738 -5.888671875 -89.560546875
23.73046875 -50.625 7.55859375 -4.74609375 -7.46442197231982 10.01953125 -86.923828125
27.861328125 -52.03125 2.109375 -4.74609375 -26.1088345362882 3.251953125 -88.06640625
22.67578125 -44.47265625 -5.185546875 -4.74609375 -4.34936571055689 -1.0546875 -88.330078125
-36.73828125 40.78125 1.93359375 -4.74609375 13.9685948573634 -6.50390625 -88.857421875
-30.146484375 35.68359375 14.326171875 -4.74609375 -3.66672058774088 -5.625 -88.06640625
-9.31640625 4.21875 4.833984375 -4.74609375 -22.9684221684928 17.841796875 -76.025390625
-18.80859375 4.04296875 0.3515625 -4.74609375 -13.0488198650126 5.44921875 -51.50390625
-19.072265625 7.998046875 -7.998046875 -4.74609375 -24.1965426081673 4.833984375 -43.505859375
-15.908203125 18.896484375 -21.181640625 -4.74609375 -18.5061789071766 -2.109375 -94.833984375
12.392578125 -20.21484375 -17.75390625 -4.74609375 -12.7098252852838 6.15234375 -98.7890625
-2.724609375 -4.833984375 0.17578125 11.337890625 -7.34478036767375 9.052734375 -53.701171875
-13.798828125 -0.703125 5.2734375 7.91015625 10.0671881719503 1.318359375 -64.16015625
9.140625 -33.486328125 -5.2734375 7.91015625 -8.81235368198525 2.98828125 -58.798828125
-12.216796875 -1.0546875 -4.921875 3.427734375 -2.52538427520169 -8.96484375 -61.962890625
7.55859375 -12.744140625 -4.833984375 1.142578125 -10.6624949448185 -8.0859375 -63.896484375
-1.142578125 -3.955078125 11.513671875 1.142578125 -6.53903116244667 -8.349609375 -117.861328125
-19.248046875 24.873046875 7.55859375 1.142578125 -7.22043046368016 -6.6796875 -126.03515625
-20.0390625 -0.439453125 3.251953125 0.263671875 0.116100651764637 19.599609375 -92.724609375
-39.287109375 27.421875 3.515625 0.263671875 34.1317768087729 11.513671875 -99.31640625
-25.3125 13.095703125 -3.251953125 0.263671875 16.1428670550302 7.20703125 -111.97265625
2.548828125 -19.3359375 -7.91015625 0.263671875 4.23662166392299 -3.515625 -127.79296875
-33.486328125 26.54296875 1.23046875 0.263671875 27.1309724753205 -4.04296875 -102.392578125
-35.244140625 27.7734375 -21.357421875 0.263671875 46.7216216176126 -0.966796875 -119.091796875
-15.029296875 13.095703125 -18.28125 0.263671875 -23.0527410574203 3.251953125 -85.078125
3.251953125 -19.072265625 0.703125 0.263671875 -10.0667927073049 -0.791015625 -111.533203125
-21.09375 14.501953125 -14.326171875 0.263671875 -0.11564909653585 16.787109375 -87.36328125
17.841796875 -16.787109375 -6.064453125 0.263671875 6.8690924071401 21.533203125 -138.33984375
-14.94140625 13.0078125 -3.603515625 0.263671875 -7.00672320065088 10.283203125 -122.255859375
-9.580078125 14.0625 11.689453125 0.263671875 -32.5172813442545 0.966796875 -101.42578125
-24.78515625 37.44140625 0.87890625 0.263671875 -51.010226723621 11.953125 -83.056640625
-26.103515625 35.859375 10.37109375 6.064453125 -39.5299189462031 -8.26171875 -97.998046875
-23.37890625 35.419921875 -8.4375 6.064453125 -22.617738411438 26.455078125 -78.75
-31.9921875 22.67578125 5.09765625 6.064453125 22.9646307044726 21.09375 -93.779296875
-33.134765625 24.08203125 12.3046875 6.064453125 20.3176492813958 12.3046875 -57.744140625
-29.091796875 22.67578125 1.0546875 3.779296875 -28.098251471136 24.873046875 -115.3125
-13.88671875 0.52734375 -3.515625 3.779296875 -22.0239546833886 -0.087890625 -142.3828125
-14.58984375 0.439453125 -15.46875 3.779296875 4.12496758182174 -5.625 -66.708984375
39.990234375 -63.6328125 -2.548828125 3.779296875 -1.26873532271709 14.501953125 -99.84375
21.181640625 -40.693359375 -4.306640625 3.779296875 23.0617446287813 17.138671875 -107.138671875
4.74609375 -12.83203125 -3.603515625 3.779296875 26.3379167709195 15.908203125 -130.95703125
-21.796875 11.953125 -3.69140625 3.779296875 16.2419923166148 5.09765625 -140.185546875
-50.009765625 61.962890625 0.439453125 3.779296875 1.8362698345258 8.61328125 -105.732421875
-52.55859375 62.40234375 9.052734375 3.779296875 48.2751433080942 3.69140625 -96.064453125
-52.998046875 62.314453125 -10.01953125 3.779296875 34.4374860703606 -3.779296875 -64.775390625
-36.9140625 39.111328125 -7.119140625 3.779296875 2.90471003214296 -20.126953125 -72.861328125
-26.19140625 -23.02734375 -1.845703125 3.779296875 -12.7907475486499 -14.58984375 -68.115234375
-39.990234375 42.890625 -6.6796875 3.779296875 -10.4926966362197 -14.853515625 -55.283203125
-35.68359375 34.892578125 0.703125 3.779296875 -21.4991071672724 7.470703125 -84.55078125
-32.51953125 25.576171875 3.8671875 -2.373046875 -16.6901372104009 14.23828125 -107.666015625
-32.16796875 26.103515625 15.8203125 -2.373046875 3.33986152126955 13.095703125 -61.171875
-32.958984375 25.751953125 13.974609375 -2.373046875 32.9450054441161 -21.26953125 -61.962890625
-9.66796875 -6.591796875 19.423828125 -2.373046875 -13.0256217968062 -21.357421875 -111.62109375
4.04296875 -25.927734375 9.84375 -2.373046875 -13.746131268404 7.3828125 -119.443359375
7.20703125 -19.6875 8.701171875 -2.373046875 -7.30152521399745 27.333984375 -115.751953125
-21.62109375 12.65625 11.42578125 -2.373046875 29.8686074883769 27.333984375 -93.603515625
-24.08203125 12.65625 0.791015625 -2.373046875 36.0181606155512 10.72265625 -67.236328125
-41.220703125 28.30078125 -4.658203125 -2.373046875 32.0294789874449 16.171875 -122.16796875
-37.96875 28.30078125 -2.98828125 -2.373046875 17.0443853446787 19.951171875 -164.267578125
-31.11328125 28.388671875 -7.3828125 -2.373046875 36.5131825292692 23.73046875 -128.84765625
-32.6953125 30.5859375 24.169921875 -2.373046875 31.1080495987463 6.85546875 -111.533203125
12.744140625 -20.654296875 2.197265625 -2.373046875 0.803295388876912 8.4375 -79.189453125
24.169921875 -26.3671875 -9.580078125 6.50390625 -26.2223810092516 -3.33984375 -109.599609375
10.01953125 -33.22265625 16.34765625 6.50390625 20.9295828871814 7.3828125 -160.83984375
9.66796875 -33.22265625 6.240234375 6.50390625 2.64109048492377 9.4921875 -112.763671875
-34.453125 23.203125 -0.439453125 6.50390625 -11.0991846841708 3.427734375 -47.197265625
-12.48046875 -5.361328125 3.251953125 6.50390625 -19.3964847771836 21.357421875 -121.46484375
13.88671875 -40.693359375 9.140625 6.50390625 -2.33158752368785 22.1484375 -159.609375
18.544921875 -40.166015625 -4.833984375 6.50390625 -16.2464047986325 -5.80078125 -124.013671875
-38.232421875 45.615234375 -8.7890625 6.50390625 19.8926844315589 -13.974609375 -58.0078125
-0.791015625 -15.908203125 -8.61328125 6.50390625 5.61204065875879 -4.658203125 -111.005859375
30.146484375 -56.337890625 -9.404296875 -3.8671875 -9.49827543958822 2.98828125 -134.560546875
31.025390625 -51.240234375 -3.69140625 -3.8671875 -12.4289163421031 -13.271484375 -133.76953125
-14.23828125 21.26953125 -2.900390625 -3.8671875 -19.0822825555106 -3.955078125 -105.556640625
9.931640625 -23.02734375 -11.513671875 -3.8671875 17.3525042127195 12.744140625 -101.6015625
-36.2109375 45.263671875 -13.0078125 -3.8671875 -2.30016148797899 11.513671875 -110.830078125
-10.107421875 -2.8125 -4.39453125 -3.8671875 -24.1279498861939 -8.701171875 -106.69921875
-15.64453125 26.3671875 -6.767578125 -3.8671875 1.38129553000044 12.48046875 -121.201171875
-13.53515625 15.1171875 27.685546875 -3.8671875 -12.5481253766322 13.623046875 -63.80859375
-39.7265625 52.470703125 17.9296875 -3.8671875 -5.21610793238855 29.970703125 -52.119140625
1.93359375 -8.525390625 8.26171875 -3.8671875 -32.8217930631532 -12.919921875 -117.158203125
-29.619140625 26.806640625 2.8125 -3.8671875 7.67008231516305 3.69140625 -124.98046875
-55.283203125 63.193359375 -5.625 6.6796875 36.5427632222499 -0.087890625 -93.955078125
-36.73828125 34.541015625 -6.50390625 6.6796875 22.6199280091286 -23.994140625 -101.6015625
1.93359375 -22.5 -6.943359375 6.6796875 23.7722924279677 -26.279296875 -145.1953125
-18.45703125 6.85546875 18.45703125 6.6796875 32.3958749199468 -19.423828125 -87.626953125
-29.35546875 -23.02734375 -8.876953125 6.6796875 18.2227256533992 -24.345703125 -72.421875
5.2734375 -24.78515625 -13.271484375 6.6796875 0.356452283044149 -30.76171875 -120.76171875
27.685546875 -41.1328125 -7.3828125 6.6796875 -25.526614178288 -10.810546875 -99.4921875
-33.662109375 35.15625 17.138671875 6.6796875 15.7623611708988 -13.623046875 -120.76171875
-28.65234375 24.9609375 14.501953125 6.6796875 -22.4732387650738 -11.689453125 -82.880859375
-38.583984375 24.521484375 11.07421875 6.6796875 27.9133088033632 11.07421875 -70.83984375
-59.58984375 46.494140625 6.50390625 13.447265625 21.469647424814 -4.130859375 -99.228515625
42.5390625 -51.6796875 -8.61328125 13.447265625 -22.5074894935609 -6.15234375 -90.703125
65.126953125 -78.57421875 -10.72265625 13.447265625 7.90963805144717 -7.20703125 -131.220703125
13.623046875 -16.69921875 1.93359375 13.447265625 12.0402991972456 18.28125 -143.0859375
60.732421875 -74.70703125 22.939453125 13.447265625 -28.4242483533738 8.26171875 -93.1640625
64.16015625 -68.5546875 -14.94140625 13.447265625 -8.81011296663049 1.318359375 -73.037109375
28.740234375 -32.87109375 -12.919921875 13.447265625 -29.1449888355135 0.52734375 -104.677734375
-32.87109375 40.166015625 16.787109375 13.447265625 -19.5877881447501 9.404296875 -35.419921875
-67.8515625 79.27734375 -13.447265625 13.447265625 8.60557786888037 8.96484375 -117.509765625
-74.443359375 80.595703125 3.251953125 13.447265625 -3.15099909901445 22.763671875 -68.73046875
-38.14453125 33.57421875 -5.361328125 13.447265625 -23.9242635789452 15.29296875 -119.70703125
-8.349609375 -5.537109375 14.150390625 13.447265625 -7.36271653395995 12.216796875 -49.921875
5.80078125 -12.65625 0.439453125 13.447265625 -21.5623253544883 16.787109375 -132.71484375
42.451171875 -60.908203125 5.537109375 13.447265625 -2.8802309349698 13.447265625 -51.943359375
-13.447265625 21.09375 3.955078125 13.447265625 18.1620962315987 0.17578125 -92.021484375
-29.1796875 19.951171875 5.2734375 13.447265625 40.3542682004462 4.658203125 -61.962890625
-29.70703125 37.177734375 7.55859375 13.447265625 -20.9679519580241 10.283203125 -98.349609375
-32.87109375 44.208984375 14.4140625 5.888671875 -44.938557579749 13.974609375 -63.369140625
-39.90234375 53.0859375 -3.251953125 5.888671875 -7.8032669629261 -29.00390625 -50.44921875
8.4375 -11.6015625 15.46875 5.888671875 -22.3748375811853 -3.69140625 -129.7265625
-27.861328125 32.51953125 -17.490234375 5.888671875 3.46439394831104 15.64453125 -50.09765625
-30.322265625 33.837890625 23.37890625 5.888671875 4.34923741920018 0.52734375 -149.0625
-37.001953125 33.662109375 8.26171875 5.888671875 30.8345840728194 -1.494140625 -130.95703125
-18.369140625 12.568359375 20.830078125 5.888671875 -44.1230051157647 5.185546875 -55.283203125
16.611328125 -29.1796875 -4.5703125 9.755859375 -17.5026719338779 -14.765625 -44.384765625
45.791015625 -64.86328125 -6.591796875 9.755859375 -27.5318580711247 8.96484375 -115.13671875
49.04296875 -68.115234375 -8.701171875 9.755859375 -2.46119308282375 24.9609375 -52.91015625
47.28515625 -67.939453125 -12.744140625 9.755859375 -10.1605641418326 15.99609375 -101.162109375
-24.43359375 17.2265625 -3.955078125 9.755859375 0.117183284800255 24.873046875 -68.02734375
-40.60546875 43.857421875 2.109375 9.755859375 -4.02135311077973 10.37109375 -46.23046875
-38.49609375 43.857421875 -13.88671875 9.755859375 -20.8374175588117 9.140625 -78.662109375
15.64453125 -30.9375 11.953125 9.755859375 -26.7683774685596 23.73046875 -99.931640625
34.453125 -53.876953125 14.0625 9.755859375 9.52907225973453 20.56640625 -128.759765625
28.30078125 -41.66015625 -11.42578125 9.755859375 17.6720126711458 21.708984375 -95.625
-9.31640625 8.61328125 -15.380859375 9.755859375 -30.0838400928687 18.6328125 -66.884765625
-21.884765625 35.244140625 -23.37890625 9.755859375 -37.4029925283244 33.662109375 -64.51171875
1.142578125 -1.142578125 8.26171875 9.755859375 -34.1872406545139 18.896484375 -107.05078125
-18.45703125 -3.955078125 6.85546875 9.755859375 3.52970152016795 26.806640625 -131.8359375
-18.720703125 -8.349609375 -2.021484375 9.755859375 11.1343952125898 -10.01953125 -50.009765625
16.962890625 -4.04296875 -4.482421875 9.755859375 20.5610350448498 13.095703125 -64.16015625
-0.966796875 3.8671875 16.34765625 9.755859375 -11.4941193406346 -30.05859375 -65.56640625
-0.615234375 3.955078125 23.90625 9.755859375 -21.8169854081763 31.11328125 -91.845703125
-5.712890625 3.955078125 35.947265625 9.755859375 -11.4977003648888 36.9140625 -56.77734375
-5.361328125 3.955078125 12.041015625 9.755859375 -35.317877737797 31.552734375 -99.66796875
-4.5703125 3.955078125 -2.63671875 9.755859375 16.7055385885719 27.509765625 -35.859375
-1.93359375 3.8671875 -10.810546875 9.755859375 -7.35354285356978 -10.72265625 -24.08203125
-0.87890625 3.955078125 5.009765625 9.755859375 -39.2224133614786 -2.4609375 -66.09375
-10.458984375 3.8671875 -14.501953125 9.755859375 40.0083697311313 3.515625 -78.22265625
29.443359375 -42.01171875 -19.51171875 9.755859375 33.5950768465261 22.67578125 -64.951171875
-31.025390625 38.935546875 -23.37890625 9.755859375 -13.5917060028381 14.326171875 -109.16015625
5.888671875 -2.197265625 -0.439453125 9.755859375 -4.92869054096826 6.50390625 -26.630859375
