-1.7578125 2.724609375 2.021484375 1.58203125 49.345643325311 -8.0859375 -80.771484375 38.408203125
-1.7578125 2.63671875 2.021484375 1.58203125 48.8085401980669 -8.4375 -82.353515625 37.96875
-1.7578125 2.724609375 2.021484375 1.58203125 47.8105438919589 -7.998046875 -82.529296875 37.177734375
-1.7578125 2.724609375 2.021484375 1.58203125 47.0270822300839 -7.3828125 -83.759765625 36.5625
-1.7578125 2.724609375 2.021484375 1.58203125 45.9034990874905 -6.240234375 -82.79296875 35.68359375
-1.7578125 2.63671875 2.021484375 1.58203125 45.0133596883676 -5.712890625 -84.0234375 34.98046875
-1.7578125 2.724609375 1.93359375 1.58203125 44.1272651369132 -5.44921875 -84.462890625 34.27734375
-1.7578125 2.8125 1.93359375 1.58203125 43.0127456683983 -4.74609375 -84.7265625 33.3984375
-1.7578125 2.8125 1.93359375 1.58203125 42.0118849502733 -4.306640625 -84.990234375 32.607421875
-1.7578125 2.8125 1.93359375 1.58203125 41.1200003329808 -3.779296875 -84.990234375 31.904296875
-1.7578125 2.8125 1.93359375 1.58203125 40.2228083664521 -2.63671875 -83.671875 31.201171875
-1.7578125 2.8125 1.93359375 1.58203125 39.1125083570423 -2.63671875 -83.3203125 30.322265625
-1.7578125 2.724609375 1.93359375 1.58203125 38.0015280757377 -2.8125 -83.671875 29.443359375
-1.7578125 2.8125 1.93359375 1.58203125 37.1116597771539 -2.98828125 -83.759765625 28.740234375
-1.7578125 2.8125 1.93359375 1.58203125 36.004383465946 -3.955078125 -84.19921875 27.861328125
-1.7578125 2.8125 1.93359375 1.58203125 35.1079028836294 -3.69140625 -84.287109375 27.158203125
-1.7578125 2.8125 1.93359375 1.58203125 33.9881292446982 -3.603515625 -84.55078125 26.279296875
-1.7578125 2.8125 1.93359375 1.58203125 33.0917183235384 -3.603515625 -84.462890625 25.576171875
-1.7578125 2.724609375 1.93359375 1.58203125 31.9610803499836 -2.28515625 -84.375 24.697265625
-1.7578125 2.8125 1.93359375 1.58203125 31.0634810507987 -2.4609375 -84.111328125 23.994140625
-1.7578125 2.8125 1.93359375 1.58203125 30.0534035517687 -2.8125 -84.0234375 23.203125
-1.7578125 2.8125 1.93359375 1.58203125 29.0377971274707 -2.373046875 -84.111328125 22.412109375
-1.7578125 2.8125 1.93359375 1.58203125 28.0234130408218 -2.373046875 -83.84765625 21.62109375
-1.7578125 2.8125 1.93359375 1.58203125 27.1178229898211 -1.58203125 -83.3203125 20.91796875
-1.7578125 2.8125 1.93359375 1.58203125 25.9895815918683 -1.93359375 -83.14453125 20.0390625
-1.7578125 2.8125 1.93359375 1.58203125 25.0851188835038 -1.93359375 -82.79296875 19.3359375
-1.7578125 2.8125 1.93359375 1.58203125 23.9540198391318 -2.109375 -82.6171875 18.45703125
-1.7578125 2.8125 1.93359375 1.58203125 23.0487378934521 -2.373046875 -82.177734375 17.75390625
-1.7578125 2.8125 1.93359375 1.58203125 22.0293265856448 -2.63671875 -82.001953125 16.962890625
-1.7578125 2.8125 1.93359375 1.58203125 21.1202024798012 -2.28515625 -82.353515625 16.259765625
-1.7578125 2.8125 1.93359375 1.58203125 19.9864214991419 -2.8125 -82.001953125 15.380859375
-1.7578125 2.8125 1.93359375 1.58203125 19.0758364219746 -2.4609375 -81.826171875 14.677734375
-1.7578125 2.8125 1.93359375 1.58203125 18.0513908424529 -2.197265625 -81.826171875 13.88671875
-1.7578125 2.8125 1.93359375 1.58203125 17.0263903719526 -1.93359375 -81.73828125 13.095703125
-1.7578125 2.8125 1.93359375 1.58203125 15.9992938925991 -0.087890625 -81.5625 12.3046875
-1.7578125 2.724609375 1.93359375 1.58203125 15.087963428704 -0.615234375 -80.68359375 11.6015625
-1.7578125 2.724609375 1.93359375 1.58203125 14.0617261870384 -0.087890625 -79.8046875 10.810546875
-1.7578125 2.724609375 1.93359375 1.58203125 13.0351206356845 0.087890625 -79.1015625 10.01953125
-1.7578125 2.724609375 1.93359375 1.58203125 12.0080694772684 0.439453125 -78.837890625 9.228515625
-1.7578125 2.8125 1.93359375 1.58203125 11.0948221119549 0.791015625 -78.310546875 8.525390625
-1.7578125 2.8125 1.93359375 1.58203125 10.0665730530234 -0.087890625 -77.958984375 7.734375
-1.7578125 2.8125 1.93359375 1.58203125 9.15244791134251 -0.087890625 -77.783203125 7.03125
-1.7578125 2.724609375 1.93359375 1.58203125 8.0094034757078 0.263671875 -77.607421875 6.15234375
-1.7578125 2.724609375 1.93359375 1.58203125 6.98030395259564 0.263671875 -76.81640625 5.361328125
-1.7578125 2.724609375 1.93359375 1.58203125 6.0653119158937 0.263671875 -76.376953125 4.658203125
-1.7578125 2.724609375 1.93359375 1.58203125 4.92159463548119 1.318359375 -76.201171875 3.779296875
-1.7578125 2.724609375 1.93359375 1.58203125 4.00648878298234 2.021484375 -76.376953125 3.076171875
-1.7578125 2.724609375 1.93359375 1.58203125 3.09097101398158 2.28515625 -76.2890625 2.373046875
-1.7578125 2.724609375 1.93359375 1.58203125 1.94645770142595 2.900390625 -76.11328125 1.494140625
-1.7578125 2.724609375 1.93359375 1.58203125 1.03039386678374 2.373046875 -75.498046875 0.791015625
-1.7578125 2.724609375 1.93359375 1.58203125 0 2.63671875 -75.498046875 0
-1.7578125 2.8125 1.93359375 1.58203125 -1.03051424706473 2.98828125 -75.322265625 -0.791015625
-1.7578125 2.724609375 1.93359375 1.58203125 -2.06094924141448 2.900390625 -74.8828125 -1.58203125
-1.7578125 2.724609375 1.93359375 1.58203125 -3.09121195338695 2.724609375 -74.70703125 -2.373046875
-1.7578125 2.724609375 1.93359375 1.58203125 -4.12205413343362 3.427734375 -74.443359375 -3.1640625
-1.7578125 2.724609375 1.93359375 1.58203125 -5.03769295227922 3.33984375 -74.443359375 -3.8671875
-1.7578125 2.724609375 1.93359375 1.58203125 -6.18252246528282 3.603515625 -74.091796875 -4.74609375
-1.7578125 2.724609375 1.93359375 1.58203125 -7.09688661812829 2.98828125 -73.916015625 -5.44921875
-1.7578125 2.724609375 1.93359375 1.58203125 -8.01222003023826 3.1640625 -73.740234375 -6.15234375
-1.7578125 2.8125 1.93359375 1.58203125 -9.04172433120759 3.33984375 -73.740234375 -6.943359375
-1.7578125 2.724609375 1.93359375 1.58203125 -9.95667145273363 3.515625 -73.4765625 -7.646484375
-1.7578125 2.724609375 1.93359375 1.58203125 -11.0994243771414 3.515625 -72.7734375 -8.525390625
-1.7578125 2.724609375 1.93359375 1.58203125 -12.0127202192766 3.33984375 -72.421875 -9.228515625
-1.7578125 2.724609375 1.93359375 1.58203125 -12.9263791698217 3.427734375 -71.3671875 -9.931640625
-1.7578125 2.724609375 1.93359375 1.58203125 -14.069492098524 3.955078125 -71.015625 -10.810546875
-1.7578125 2.724609375 1.93359375 1.58203125 -14.9803187572549 3.515625 -69.169921875 -11.513671875
-1.7578125 2.724609375 1.93359375 1.58203125 -16.0077328468403 3.8671875 -68.90625 -12.3046875
-1.7578125 2.724609375 1.93359375 1.58203125 -17.0331280877217 3.8671875 -68.5546875 -13.095703125
-1.7578125 2.724609375 1.93359375 1.58203125 -18.0550472996542 3.251953125 -67.939453125 -13.88671875
-1.7578125 2.724609375 1.845703125 1.58203125 -19.077767049837 2.98828125 -66.884765625 -14.677734375
-1.7578125 2.724609375 1.845703125 1.58203125 -20.1011435980711 3.076171875 -64.951171875 -15.46875
-1.7578125 2.724609375 1.845703125 1.58203125 -21.008667596287 2.8125 -64.775390625 -16.171875
-1.7578125 2.724609375 1.845703125 1.58203125 -22.0293265856448 2.63671875 -63.544921875 -16.962890625
-1.7578125 2.724609375 1.845703125 1.58203125 -23.0509890512023 2.900390625 -64.16015625 -17.75390625
-1.7578125 2.724609375 1.845703125 1.58203125 -23.9601589174493 3.427734375 -63.45703125 -18.45703125
-1.7578125 2.724609375 1.845703125 1.58203125 -24.9801051809954 3.603515625 -63.984375 -19.248046875
-1.7578125 2.724609375 1.845703125 1.58203125 -25.9985901266111 3.69140625 -62.490234375 -20.0390625
-1.7578125 2.8125 1.845703125 1.58203125 -27.0180421399304 4.04296875 -61.5234375 -20.830078125
-1.7578125 2.8125 1.845703125 1.58203125 -28.0353519788066 4.21875 -60.29296875 -21.62109375
-1.7578125 2.724609375 1.845703125 1.58203125 -28.9382168200477 4.306640625 -59.4140625 -22.32421875
-1.7578125 2.724609375 1.845703125 1.58203125 -29.9553143181805 4.658203125 -59.58984375 -23.115234375
-1.7578125 2.724609375 1.845703125 1.58203125 -31.0813530282426 4.74609375 -59.150390625 -23.994140625
-1.7578125 2.724609375 1.845703125 1.58203125 -32.0917606016702 4.658203125 -58.798828125 -24.78515625
-1.7578125 2.724609375 1.845703125 1.58203125 -32.9896159528898 4.658203125 -57.48046875 -25.48828125
-1.7578125 2.724609375 1.845703125 1.58203125 -34.1134609006518 4.921875 -55.72265625 -26.3671875
-1.7578125 2.8125 1.845703125 1.58203125 -35.1079028836294 3.69140625 -55.634765625 -27.158203125
-1.7578125 2.8125 1.845703125 1.58203125 -36.1178392673281 4.130859375 -56.07421875 -27.94921875
-1.7578125 2.724609375 1.845703125 1.58203125 -37.0096890209956 4.04296875 -56.6015625 -28.65234375
-1.7578125 2.724609375 1.845703125 1.58203125 -38.0165356642228 4.39453125 -56.865234375 -29.443359375
-1.7578125 2.724609375 1.845703125 1.58203125 -38.9018992850956 3.955078125 -56.77734375 -30.146484375
-1.7578125 2.724609375 1.845703125 1.58203125 -39.9009461783798 3.8671875 -56.6015625 -30.9375
-1.7578125 2.8125 1.845703125 1.58203125 -40.8983670718863 3.779296875 -55.107421875 -31.728515625
-1.7578125 2.8125 1.845703125 1.58203125 -41.8990858307391 4.130859375 -55.458984375 -32.51953125
-1.7578125 2.724609375 1.845703125 1.58203125 -43.0046595800708 4.130859375 -55.458984375 -33.3984375
-1.7578125 2.8125 1.845703125 1.58203125 -43.8898231871371 4.306640625 -55.546875 -34.1015625
-1.7578125 2.8125 1.845703125 1.58203125 -45.2204668926675 4.921875 -55.810546875 -35.15625
-1.7578125 2.8125 1.845703125 1.58203125 -45.9901921247161 4.921875 -56.25 -35.771484375
-1.7578125 2.8125 1.845703125 1.58203125 -46.9824830322564 5.185546875 -56.337890625 -36.5625
-1.7578125 2.8125 1.845703125 1.58203125 -47.8702730686393 5.80078125 -57.568359375 -37.265625
-1.7578125 2.8125 1.845703125 1.58203125 -48.9731268821398 6.240234375 -56.865234375 -38.14453125
-1.7578125 2.8125 1.845703125 1.58203125 -49.8544074918576 6.591796875 -56.42578125 -38.84765625
-1.7578125 2.724609375 1.845703125 1.58203125 -49.4157989007954 6.50390625 -57.392578125 -38.49609375
-1.7578125 2.724609375 1.845703125 1.58203125 -48.5451907195368 6.6796875 -57.83203125 -37.79296875
-1.7578125 2.724609375 1.845703125 1.58203125 -47.446090826195 6.50390625 -57.392578125 -36.9140625
-1.7578125 2.724609375 1.845703125 1.58203125 -46.5719126916756 6.6796875 -57.12890625 -36.2109375
-1.7578125 2.724609375 1.845703125 1.58203125 -45.4617910177956 6.15234375 -56.513671875 -35.33203125
-1.7578125 2.724609375 1.845703125 1.58203125 -44.4537176381504 5.185546875 -56.07421875 -34.541015625
-1.7578125 2.724609375 1.845703125 1.58203125 -43.452009581029 4.5703125 -56.6015625 -33.75
-1.7578125 2.724609375 1.845703125 1.58203125 -42.453208621318 4.21875 -56.77734375 -32.958984375
-1.7578125 2.724609375 1.845703125 1.58203125 -41.5691322980289 4.306640625 -56.162109375 -32.255859375
-1.7578125 2.724609375 1.845703125 1.58203125 -40.5696597734054 4.130859375 -57.3046875 -31.46484375
-1.7578125 2.724609375 1.845703125 1.58203125 -39.459587029325 4.130859375 -56.6015625 -30.5859375
-1.7578125 2.724609375 1.845703125 1.58203125 -38.4578890228509 4.04296875 -56.337890625 -29.794921875
-1.7578125 2.724609375 1.845703125 1.58203125 -37.5643773535114 3.779296875 -55.986328125 -29.091796875
-1.7578125 2.724609375 1.845703125 1.58203125 -36.5568736745894 3.33984375 -55.546875 -28.30078125
-1.7578125 2.724609375 1.845703125 1.58203125 -35.5498838126606 3.076171875 -55.283203125 -27.509765625
-1.7578125 2.724609375 1.845703125 1.58203125 -34.5375947211999 2.109375 -54.931640625 -26.71875
-1.7578125 2.724609375 1.845703125 1.58203125 -33.6395197158083 1.494140625 -54.931640625 -26.015625
-1.7578125 2.724609375 1.845703125 1.58203125 -32.5184604258889 1.40625 -54.66796875 -25.13671875
-1.7578125 2.724609375 1.845703125 1.58203125 -31.395139839289 1.0546875 -54.84375 -24.2578125
-1.7578125 2.724609375 1.845703125 1.58203125 -30.4949598280036 0 -54.31640625 -23.5546875
-1.7578125 2.724609375 1.845703125 1.58203125 -29.4824765067431 -0.087890625 -55.37109375 -22.763671875
-1.7578125 2.724609375 1.845703125 1.58203125 -28.581857753934 -0.615234375 -55.634765625 -22.060546875
-1.7578125 2.724609375 1.845703125 1.58203125 -27.5682428242444 -1.23046875 -55.283203125 -21.26953125
-1.7578125 2.724609375 1.845703125 1.58203125 -26.5530536954552 -1.494140625 -55.634765625 -20.478515625
-1.7578125 2.724609375 1.845703125 1.58203125 -25.4243873655304 -1.93359375 -55.546875 -19.599609375
-1.7578125 2.724609375 1.845703125 1.58203125 -24.5164498486291 -0.52734375 -56.689453125 -18.896484375
-1.7578125 2.724609375 1.845703125 1.58203125 -23.4973844447503 0.263671875 -56.953125 -18.10546875
-1.7578125 2.724609375 1.845703125 1.58203125 -22.4775532981102 0.263671875 -57.3046875 -17.314453125
-1.7578125 2.724609375 1.845703125 1.58203125 -21.456818291228 -0.263671875 -57.392578125 -16.5234375
-1.7578125 2.724609375 1.845703125 1.58203125 -20.548772657472 -0.263671875 -57.48046875 -15.8203125
-1.7578125 2.724609375 1.845703125 1.58203125 -19.526527173706 -0.439453125 -57.568359375 -15.029296875
-1.7578125 2.724609375 1.845703125 1.58203125 -18.5035279065819 -0.615234375 -57.568359375 -14.23828125
-1.7578125 2.724609375 1.845703125 1.58203125 -17.594771820954 -1.58203125 -58.095703125 -13.53515625
-1.7578125 2.724609375 1.845703125 1.58203125 -16.4570317224823 -1.93359375 -58.974609375 -12.65625
-1.7578125 2.724609375 1.845703125 1.58203125 -15.4316760181713 -1.93359375 -58.974609375 -11.865234375
-1.7578125 2.724609375 1.845703125 1.58203125 -14.5209136019674 -2.4609375 -59.23828125 -11.162109375
-1.7578125 2.724609375 1.845703125 1.58203125 -13.4945463962136 -2.548828125 -59.58984375 -10.37109375
-1.7578125 2.724609375 1.845703125 1.58203125 -12.4659108621566 -1.7578125 -59.501953125 -9.580078125
-1.7578125 2.724609375 1.845703125 1.58203125 -11.5522385118443 -1.494140625 -60.205078125 -8.876953125
-1.7578125 2.724609375 1.845703125 1.58203125 -10.5238016315056 -0.87890625 -60.46875 -8.0859375
-1.7578125 2.724609375 1.845703125 1.58203125 -9.49531932676688 -0.3515625 -61.259765625 -7.294921875
-1.7578125 2.724609375 1.845703125 1.58203125 -8.58096785456445 0 -61.171875 -6.591796875
-1.7578125 2.724609375 1.845703125 1.58203125 -7.43770238858924 0.087890625 -61.083984375 -5.712890625
-1.7578125 2.724609375 1.845703125 1.58203125 -6.5228195923795 0.087890625 -61.435546875 -5.009765625
-1.7578125 2.724609375 1.845703125 1.58203125 -5.49345019696422 -0.791015625 -62.490234375 -4.21875
-1.7578125 2.724609375 1.845703125 1.58203125 -4.46364919047581 -0.439453125 -63.017578125 -3.427734375
-1.7578125 2.724609375 1.845703125 1.58203125 -3.5483085637556 -1.0546875 -65.21484375 -2.724609375
-1.7578125 2.724609375 1.845703125 1.58203125 -2.51825384867991 -1.0546875 -65.21484375 -1.93359375
-1.7578125 2.724609375 1.845703125 1.58203125 -1.60252177113813 -0.615234375 -65.56640625 -1.23046875
-1.7578125 2.724609375 1.845703125 1.58203125 -0.343399739371821 -0.3515625 -66.357421875 -0.263671875
-1.7578125 2.724609375 1.845703125 1.58203125 0.572330265308635 -0.17578125 -66.26953125 0.439453125
-1.7578125 2.724609375 1.845703125 1.58203125 1.48804299509019 0.263671875 -66.97265625 1.142578125
-1.7578125 2.724609375 1.845703125 1.58203125 2.51817955442737 0.52734375 -68.115234375 1.93359375
-1.7578125 2.724609375 1.845703125 1.58203125 3.43374427321776 0.3515625 -68.994140625 2.63671875
-1.7578125 2.724609375 1.845703125 1.58203125 4.57804555783415 -0.17578125 -68.994140625 3.515625
-1.7578125 2.724609375 1.845703125 1.58203125 5.49335269736137 -0.3515625 -68.90625 4.21875
-1.7578125 2.724609375 1.845703125 1.58203125 6.52284630172516 -0.3515625 -69.2578125 5.009765625
-1.7578125 2.724609375 1.845703125 1.58203125 7.666487735023 -0.615234375 -68.818359375 5.888671875
-1.7578125 2.724609375 1.845703125 1.58203125 8.46666857752161 -0.17578125 -69.43359375 6.50390625
-1.7578125 2.724609375 1.845703125 1.58203125 9.38102806373753 -0.263671875 -69.43359375 7.20703125
-1.7578125 2.724609375 1.845703125 1.58203125 10.5236552574653 -0.615234375 -69.08203125 8.0859375
-1.7578125 2.724609375 1.845703125 1.58203125 11.551709297187 -0.966796875 -68.5546875 8.876953125
-1.7578125 2.724609375 1.845703125 1.58203125 12.4657782959744 -1.669921875 -68.818359375 9.580078125
-1.7578125 2.724609375 1.845703125 1.58203125 13.610600743775 -3.251953125 -71.015625 10.458984375
-1.7578125 2.724609375 1.845703125 1.58203125 14.6372776905621 -3.251953125 -71.630859375 11.25
-1.7578125 2.724609375 1.845703125 1.58203125 15.5493861199376 -3.251953125 -72.0703125 11.953125
-1.7578125 2.724609375 1.845703125 1.58203125 16.4610000438587 -3.251953125 -71.71875 12.65625
-1.7578125 2.724609375 1.845703125 1.58203125 17.5990874355542 -3.076171875 -71.71875 13.53515625
-1.7578125 2.724609375 1.845703125 1.58203125 18.5117463950842 -3.603515625 -73.564453125 14.23828125
-1.7578125 2.724609375 1.845703125 1.58203125 19.5362157900144 -3.779296875 -72.7734375 15.029296875
-1.7578125 2.724609375 1.845703125 1.58203125 20.3242790337431 -1.93359375 -73.037109375 15.64453125
-1.7578125 2.724609375 1.845703125 1.58203125 21.5723362479895 -1.669921875 -73.212890625 16.611328125
-1.7578125 2.724609375 1.845703125 1.58203125 22.5915989263603 -0.966796875 -74.00390625 17.40234375
-1.7578125 2.724609375 1.845703125 1.58203125 23.499624888818 -1.669921875 -73.828125 18.10546875
-1.7578125 2.724609375 1.845703125 1.58203125 24.4059629145667 -1.845703125 -73.828125 18.80859375
-1.7578125 2.63671875 1.845703125 1.58203125 25.5387785395262 -2.28515625 -73.828125 19.6875
-1.7578125 2.724609375 1.845703125 1.58203125 26.44287778047 -2.28515625 -74.1796875 20.390625
-1.7578125 2.724609375 1.845703125 1.58203125 27.5759083133691 -3.076171875 -73.828125 21.26953125
-1.7578125 2.63671875 1.845703125 1.58203125 28.4810931470147 -3.515625 -74.091796875 21.97265625
-1.7578125 2.63671875 1.845703125 1.58203125 28.9397833691964 -4.482421875 -74.35546875 22.32421875
-1.7578125 2.63671875 1.845703125 1.58203125 29.6142104136402 -4.306640625 -72.685546875 22.8515625
-1.7578125 2.724609375 1.845703125 1.58203125 30.7439613174985 -4.74609375 -73.4765625 23.73046875
-1.7578125 2.63671875 1.845703125 1.58203125 31.4176974651746 -4.658203125 -72.509765625 24.2578125
-1.7578125 2.63671875 1.845703125 1.58203125 32.6632714517032 -5.537109375 -73.212890625 25.224609375
-1.7578125 2.63671875 1.845703125 1.58203125 33.4486183143036 -5.537109375 -73.30078125 25.83984375
-1.7578125 2.63671875 1.845703125 1.58203125 34.5613631620612 -4.921875 -74.00390625 26.71875
-1.7578125 2.63671875 1.845703125 1.58203125 35.5660284151641 -4.74609375 -72.94921875 27.509765625
-1.7578125 2.63671875 1.845703125 1.58203125 36.6971214310587 -5.80078125 -71.19140625 28.388671875
-1.7578125 2.63671875 1.845703125 1.58203125 37.607145988313 -6.85546875 -71.19140625 29.091796875
-1.7578125 2.63671875 1.845703125 1.58203125 38.4219730729243 -8.525390625 -69.9609375 29.70703125
-1.7578125 2.63671875 1.845703125 1.58203125 39.4310329926119 -8.7890625 -70.48828125 30.498046875
-1.7578125 2.63671875 1.845703125 1.58203125 40.5457031268065 -8.876953125 -70.6640625 31.376953125
-1.7578125 2.63671875 1.845703125 1.58203125 41.5429899495663 -8.7890625 -71.630859375 32.16796875
-1.7578125 2.724609375 1.845703125 1.58203125 42.7741322816989 -9.228515625 -73.212890625 33.134765625
-1.7578125 2.63671875 1.845703125 1.58203125 43.3180374138315 -8.876953125 -73.30078125 33.57421875
-1.7578125 2.63671875 1.93359375 1.58203125 44.5173163794134 -8.26171875 -73.4765625 34.541015625
-1.7578125 2.63671875 1.93359375 1.58203125 45.4111524566317 -8.701171875 -73.037109375 35.244140625
-1.7578125 2.63671875 1.93359375 1.58203125 46.5144701674099 -8.7890625 -71.3671875 36.123046875
-1.7578125 2.63671875 1.93359375 1.58203125 47.4230082460243 -9.755859375 -70.224609375 36.826171875
-1.7578125 2.63671875 1.93359375 1.58203125 48.748308231672 -10.01953125 -69.697265625 37.880859375
-1.7578125 2.63671875 1.93359375 1.58203125 49.7335396956908 -10.01953125 -70.400390625 38.671875
-1.7578125 2.63671875 1.93359375 1.58203125 49.9710037453372 -10.546875 -70.48828125 38.84765625
