49.9
49.4
48.4
47.6
46.4
45.5
44.5
43.4
42.4
41.4
40.3
39.3
38.3
37.3
36.2
35.3
34.2
33.2
31.9
31.1
30.2
29.1
28.0
27.1
26.0
25.1
23.9
22.9
21.9
20.9
19.8
18.9
17.9
16.7
15.6
14.7
13.7
12.6
11.6
10.6
9.5
8.6
7.5
6.5
5.5
4.2
3.3
2.3
1.2
0.1
-0.8
-1.9
-3.0
-4.1
-5.3
-6.1
-7.4
-8.3
-9.2
-10.3
-11.4
-12.5
-13.4
-14.3
-15.5
-16.6
-17.5
-18.6
-19.6
-20.7
-21.8
-22.6
-23.7
-24.7
-25.7
-26.7
-27.8
-28.8
-29.9
-30.8
-31.9
-32.9
-34.1
-35.0
-36.1
-37.1
-38.2
-39.0
-40.0
-41.0
-42.0
-43.1
-44.1
-45.2
-46.1
-47.4
-48.2
-49.2
-50.2
-51.4
-52.2
-51.9
-51.1
-49.9
-49.0
-48.0
-46.9
-46.0
-45.0
-44.1
-43.2
-42.1
-41.1
-40.2
-39.1
-38.1
-37.0
-36.1
-35.0
-33.9
-32.8
-31.9
-30.9
-29.9
-28.8
-27.7
-26.7
-25.6
-24.6
-23.6
-22.7
-21.6
-20.6
-19.6
-18.5
-17.5
-16.5
-15.5
-14.3
-13.4
-12.3
-11.3
-10.3
-9.1
-8.2
-7.2
-6.1
-5.1
-4.1
-3.1
-1.8
-0.8
0.2
1.2
2.2
3.3
4.4
5.4
6.5
7.4
8.4
9.6
10.6
11.6
13.0
13.9
14.8
15.7
16.9
17.8
18.8
19.8
21.0
22.1
23.0
23.8
25.0
25.9
27.2
28.0
28.65
29.4
30.5
31.1
32.3
33.1
34.2
35.3
36.4
37.5
38.2
39.3
40.3
41.4
42.7
43.2
44.4
45.3
46.5
47.4
48.8
49.7
50.0