7.822265625 5.625 -23.5546875 1.58203125 0.945799210974885 28.828125 -76.025390625
7.734375 5.361328125 -23.115234375 1.58203125 0.945799210974885 28.828125 -76.025390625
7.734375 4.39453125 -22.060546875 1.58203125 1.7745084343375 29.091796875 -76.025390625
7.734375 4.306640625 -20.7421875 1.58203125 1.7745084343375 29.091796875 -76.025390625
7.734375 4.306640625 -20.0390625 1.58203125 1.7745084343375 29.091796875 -76.025390625
7.734375 3.69140625 -19.248046875 1.58203125 1.7745084343375 29.091796875 -76.025390625
7.734375 3.427734375 -18.193359375 1.58203125 1.7745084343375 29.091796875 -76.025390625
7.734375 3.515625 -17.2265625 1.58203125 1.7745084343375 29.091796875 -76.025390625
7.734375 3.427734375 -15.99609375 1.58203125 1.7745084343375 29.091796875 -76.025390625
7.734375 3.427734375 -14.94140625 1.58203125 1.7745084343375 29.091796875 -76.025390625
7.646484375 3.427734375 -13.974609375 1.58203125 1.7745084343375 29.091796875 -76.025390625
7.734375 3.515625 -13.271484375 1.58203125 1.7745084343375 29.091796875 -76.025390625
7.734375 3.427734375 -12.041015625 1.58203125 1.7745084343375 29.091796875 -76.025390625
7.646484375 3.427734375 -11.07421875 1.58203125 1.7745084343375 29.091796875 -76.025390625
7.646484375 3.427734375 -10.01953125 1.58203125 1.7745084343375 29.091796875 -76.025390625
7.734375 3.251953125 -8.96484375 1.58203125 1.7745084343375 29.091796875 -76.025390625
7.646484375 3.1640625 -8.0859375 1.58203125 1.7745084343375 29.091796875 -76.025390625
7.646484375 2.98828125 -7.03125 1.58203125 1.7745084343375 29.091796875 -76.025390625
7.646484375 2.98828125 -6.064453125 1.58203125 1.7745084343375 29.091796875 -76.025390625
7.646484375 2.98828125 -5.009765625 1.58203125 1.7745084343375 29.091796875 -76.025390625
7.646484375 2.98828125 -3.8671875 1.58203125 1.7745084343375 29.091796875 -76.025390625
7.734375 2.724609375 -3.076171875 1.58203125 1.89280378904683 29.091796875 -76.025390625
7.734375 2.724609375 -2.021484375 1.58203125 1.7745084343375 29.091796875 -76.025390625
7.646484375 2.724609375 -0.791015625 1.58203125 1.7745084343375 29.091796875 -76.025390625
7.734375 2.373046875 0 1.58203125 1.7745084343375 29.091796875 -76.025390625
7.734375 2.28515625 1.23046875 1.58203125 1.7745084343375 29.091796875 -76.025390625
7.646484375 2.28515625 2.021484375 1.58203125 1.7745084343375 29.091796875 -76.025390625
7.734375 2.197265625 3.69140625 1.58203125 1.7745084343375 29.091796875 -76.025390625
7.734375 2.28515625 4.306640625 1.58203125 1.7745084343375 29.091796875 -76.025390625
7.734375 2.197265625 5.09765625 1.58203125 1.7745084343375 29.091796875 -76.025390625
7.734375 2.28515625 6.064453125 1.58203125 1.7745084343375 29.091796875 -76.025390625
7.734375 2.197265625 6.85546875 1.58203125 1.7745084343375 29.091796875 -76.025390625
7.734375 2.197265625 7.734375 1.58203125 1.7745084343375 29.091796875 -76.025390625
7.646484375 2.197265625 8.7890625 1.58203125 1.7745084343375 29.091796875 -76.025390625
7.734375 2.109375 10.283203125 1.58203125 1.7745084343375 29.091796875 -76.025390625
7.734375 2.109375 11.07421875 1.58203125 1.7745084343375 29.091796875 -76.025390625
7.734375 2.109375 12.12890625 1.58203125 1.7745084343375 29.091796875 -76.025390625
7.734375 2.109375 13.18359375 1.58203125 1.7745084343375 29.091796875 -76.025390625
7.646484375 2.109375 14.501953125 1.58203125 1.7745084343375 29.091796875 -76.025390625
7.646484375 2.109375 15.556640625 1.58203125 1.7745084343375 29.091796875 -76.025390625
7.646484375 2.109375 16.34765625 1.58203125 1.7745084343375 29.091796875 -76.025390625
7.734375 2.109375 16.962890625 1.58203125 1.7745084343375 29.091796875 -76.025390625
7.734375 2.021484375 18.017578125 1.58203125 1.7745084343375 29.091796875 -76.025390625
7.646484375 2.021484375 19.072265625 1.58203125 1.7745084343375 29.091796875 -76.025390625
7.646484375 1.93359375 20.91796875 1.58203125 1.7745084343375 29.091796875 -76.025390625
7.646484375 1.845703125 21.62109375 1.58203125 1.7745084343375 29.091796875 -76.025390625
7.734375 1.845703125 22.67578125 1.58203125 1.7745084343375 29.091796875 -76.025390625
7.646484375 1.845703125 23.90625 1.58203125 1.7745084343375 29.091796875 -76.025390625
7.646484375 1.845703125 24.873046875 1.58203125 1.7745084343375 29.091796875 -76.025390625
7.646484375 1.669921875 26.103515625 1.58203125 1.7745084343375 29.091796875 -76.025390625
7.646484375 1.669921875 27.421875 1.58203125 1.7745084343375 29.091796875 -76.025390625
7.646484375 1.669921875 27.861328125 1.58203125 1.7745084343375 29.091796875 -76.025390625
7.646484375 1.494140625 29.1796875 1.58203125 1.7745084343375 29.091796875 -76.025390625
7.734375 1.494140625 30.322265625 1.58203125 1.7745084343375 29.091796875 -76.025390625
7.646484375 1.494140625 31.46484375 1.58203125 1.7745084343375 29.091796875 -76.025390625
7.646484375 1.494140625 32.783203125 1.58203125 1.7745084343375 29.091796875 -76.025390625
7.646484375 1.318359375 34.8046875 1.58203125 1.7745084343375 29.091796875 -76.025390625
7.646484375 1.318359375 35.068359375 1.58203125 1.7745084343375 29.091796875 -76.025390625
7.646484375 1.142578125 35.859375 1.58203125 1.7745084343375 29.091796875 -76.025390625
7.646484375 1.142578125 36.73828125 1.58203125 1.7745084343375 29.091796875 -76.025390625
7.646484375 1.142578125 37.529296875 1.58203125 1.7745084343375 29.091796875 -76.025390625
7.646484375 1.0546875 37.705078125 1.58203125 1.7745084343375 29.091796875 -76.025390625
7.646484375 0.791015625 38.3203125 1.58203125 1.7745084343375 29.091796875 -76.025390625
