-1.669921875 0 -0.439453125 3.955078125 1.26127488680431 6.943359375 -79.453125
-1.669921875 -1.0546875 -0.439453125 3.955078125 1.26127488680431 6.943359375 -79.453125
-1.669921875 -2.109375 1.318359375 3.955078125 1.26127488680431 6.943359375 -79.453125
-1.669921875 -3.076171875 1.318359375 3.955078125 1.26127488680431 6.943359375 -79.453125
-1.669921875 -4.130859375 1.318359375 3.955078125 1.26127488680431 6.943359375 -79.453125
-1.669921875 -5.09765625 1.318359375 3.955078125 1.26127488680431 6.943359375 -79.453125
-1.669921875 -5.9765625 1.318359375 3.955078125 1.26127488680431 6.943359375 -79.453125
-1.669921875 -7.03125 1.318359375 3.955078125 1.26127488680431 6.943359375 -79.453125
-1.669921875 -7.998046875 1.318359375 3.955078125 1.26127488680431 6.943359375 -79.453125
-1.669921875 -8.96484375 1.318359375 3.955078125 1.26127488680431 6.943359375 -79.453125
-1.669921875 -9.931640625 1.318359375 3.955078125 1.26127488680431 6.943359375 -79.453125
-1.669921875 -10.986328125 1.318359375 3.955078125 1.26127488680431 6.943359375 -79.453125
-1.669921875 -12.041015625 1.318359375 3.955078125 1.26127488680431 6.943359375 -79.453125
-1.669921875 -13.0078125 1.318359375 3.955078125 1.26127488680431 6.943359375 -79.453125
-1.669921875 -13.974609375 1.318359375 3.955078125 1.26127488680431 6.943359375 -79.453125
-1.669921875 -15.029296875 1.318359375 3.955078125 1.26127488680431 6.943359375 -79.453125
-1.669921875 -16.083984375 1.318359375 3.955078125 1.26127488680431 6.943359375 -79.453125
-1.669921875 -17.05078125 1.318359375 3.955078125 1.26127488680431 6.943359375 -79.453125
-1.669921875 -18.017578125 1.318359375 3.955078125 1.26127488680431 6.943359375 -79.453125
-1.669921875 -18.984375 1.318359375 3.955078125 1.26127488680431 6.943359375 -79.453125
-1.669921875 -19.951171875 1.318359375 3.955078125 1.26127488680431 6.943359375 -79.453125
-1.669921875 -21.005859375 1.318359375 3.955078125 1.26122023150546 6.85546875 -79.453125
-1.669921875 -22.060546875 1.318359375 3.955078125 1.26127488680431 6.943359375 -79.453125
-1.669921875 -23.203125 1.40625 3.955078125 1.26127488680431 6.943359375 -79.453125
-1.669921875 -23.994140625 1.318359375 3.955078125 1.26127488680431 6.943359375 -79.453125
-1.669921875 -25.224609375 1.318359375 3.955078125 1.26127488680431 6.943359375 -79.453125
-1.669921875 -25.927734375 1.318359375 3.955078125 1.26127488680431 6.943359375 -79.453125
-1.669921875 -26.982421875 1.318359375 3.955078125 1.26127488680431 6.943359375 -79.453125
-1.669921875 -27.94921875 1.318359375 3.955078125 1.26127488680431 6.943359375 -79.453125
-1.669921875 -28.916015625 1.318359375 3.955078125 1.26127488680431 6.943359375 -79.453125
-1.669921875 -29.970703125 1.318359375 3.955078125 1.26127488680431 6.943359375 -79.453125
-1.669921875 -31.025390625 1.40625 3.955078125 1.26127488680431 6.943359375 -79.453125
-1.669921875 -32.080078125 1.40625 3.955078125 1.26127488680431 6.943359375 -79.453125
-1.669921875 -32.958984375 1.318359375 3.955078125 1.26127488680431 6.943359375 -79.453125
-1.669921875 -33.92578125 1.318359375 3.955078125 1.26127488680431 6.943359375 -79.453125
-1.669921875 -34.98046875 1.318359375 3.955078125 1.26122023150546 6.85546875 -79.453125
-1.669921875 -36.03515625 1.318359375 3.955078125 1.26127488680431 6.943359375 -79.453125
-1.669921875 -37.001953125 1.318359375 3.955078125 1.26127488680431 6.943359375 -79.453125
-1.669921875 -38.056640625 1.318359375 3.955078125 1.26127488680431 6.943359375 -79.453125
-1.669921875 -39.0234375 1.40625 3.955078125 1.26127488680431 6.943359375 -79.453125
-1.669921875 -40.25390625 1.40625 3.955078125 1.26127488680431 6.943359375 -79.453125
-1.669921875 -40.95703125 1.318359375 3.955078125 1.26127488680431 6.943359375 -79.453125
-1.669921875 -42.01171875 1.318359375 3.955078125 1.26122023150546 6.85546875 -79.453125
-1.669921875 -43.06640625 1.318359375 3.955078125 1.26127488680431 6.943359375 -79.453125
-1.669921875 -44.033203125 1.318359375 3.955078125 1.26122023150546 6.85546875 -79.453125
-1.669921875 -44.912109375 1.40625 3.955078125 1.26122023150546 6.85546875 -79.453125
-1.669921875 -45.966796875 1.40625 3.955078125 1.26127488680431 6.943359375 -79.453125
-1.669921875 -46.93359375 1.318359375 3.955078125 1.26127488680431 6.943359375 -79.453125
-1.669921875 -48.076171875 1.40625 3.955078125 1.26127488680431 6.943359375 -79.453125
-1.669921875 -49.130859375 1.40625 3.955078125 1.26122023150546 6.85546875 -79.453125
-1.669921875 -50.009765625 1.40625 3.955078125 1.26127488680431 6.943359375 -79.453125
-1.669921875 -48.955078125 1.40625 3.955078125 1.26127488680431 6.943359375 -79.453125
-1.669921875 -48.076171875 1.40625 3.955078125 1.26127488680431 6.943359375 -79.453125
-1.669921875 -47.021484375 1.40625 3.955078125 1.26122023150546 6.85546875 -79.453125
-1.669921875 -45.966796875 1.40625 3.955078125 1.26127488680431 6.943359375 -79.453125
-1.669921875 -45.087890625 1.40625 3.955078125 1.26127488680431 6.943359375 -79.453125
-1.7578125 -43.9453125 1.58203125 3.955078125 1.37587398760922 6.85546875 -79.453125
-1.7578125 -42.978515625 1.58203125 3.955078125 1.26122023150546 6.85546875 -79.453125
-1.669921875 -42.01171875 1.58203125 3.955078125 1.26122023150546 6.85546875 -79.453125
-1.669921875 -40.95703125 1.58203125 3.955078125 1.26122023150546 6.85546875 -79.453125
-1.669921875 -40.078125 1.58203125 3.955078125 1.26127488680431 6.943359375 -79.453125
-1.669921875 -39.0234375 1.58203125 3.955078125 1.26127488680431 6.943359375 -79.453125
-1.669921875 -37.96875 1.58203125 3.955078125 1.26127488680431 6.943359375 -79.453125
-1.669921875 -36.9140625 1.669921875 3.955078125 1.26127488680431 6.943359375 -79.453125
-1.669921875 -35.947265625 1.669921875 3.955078125 1.26127488680431 6.943359375 -79.453125
-1.7578125 -34.98046875 1.494140625 3.955078125 1.26127488680431 6.943359375 -79.453125
-1.669921875 -33.92578125 1.494140625 3.955078125 1.26127488680431 6.943359375 -79.453125
-1.669921875 -32.080078125 1.494140625 3.955078125 1.26127488680431 6.943359375 -79.453125
-1.669921875 -32.958984375 1.494140625 3.955078125 1.26127488680431 6.943359375 -79.453125
-1.669921875 -31.11328125 1.494140625 3.955078125 1.26127488680431 6.943359375 -79.453125
-1.669921875 -30.05859375 1.494140625 3.955078125 1.26127488680431 6.943359375 -79.453125
-1.669921875 -29.00390625 1.494140625 3.955078125 1.26127488680431 6.943359375 -79.453125
-1.669921875 -28.125 1.494140625 3.955078125 1.26127488680431 6.943359375 -79.453125
-1.669921875 -26.982421875 1.494140625 3.955078125 1.26122023150546 6.85546875 -79.453125
-1.669921875 -26.015625 1.494140625 3.955078125 1.26127488680431 6.943359375 -79.453125
-1.669921875 -24.9609375 1.494140625 3.955078125 1.26127488680431 6.943359375 -79.453125
-1.669921875 -24.08203125 1.494140625 3.955078125 1.26127488680431 6.943359375 -79.453125
-1.669921875 -23.02734375 1.494140625 3.955078125 1.26127488680431 6.943359375 -79.453125
-1.669921875 -21.884765625 1.494140625 3.955078125 1.26127488680431 6.943359375 -79.453125
-1.669921875 -21.005859375 1.58203125 3.955078125 1.26127488680431 6.943359375 -79.453125
-1.669921875 -20.0390625 1.58203125 3.955078125 1.26127488680431 6.943359375 -79.453125
-1.669921875 -18.896484375 1.58203125 3.955078125 1.26127488680431 6.943359375 -79.453125
-1.669921875 -18.10546875 1.58203125 3.955078125 1.26127488680431 6.943359375 -79.453125
-1.669921875 -16.962890625 1.58203125 3.955078125 1.26122023150546 6.85546875 -79.453125
-1.669921875 -15.8203125 1.58203125 3.955078125 1.26127488680431 6.943359375 -79.453125
-1.669921875 -14.94140625 1.58203125 3.955078125 1.26127488680431 6.943359375 -79.453125
-1.669921875 -14.0625 1.58203125 3.955078125 1.26127488680431 6.943359375 -79.453125
-1.669921875 -13.0078125 1.58203125 3.955078125 1.26127488680431 6.943359375 -79.453125
-1.669921875 -11.953125 1.58203125 3.955078125 1.26127488680431 6.943359375 -79.453125
-1.669921875 -10.8984375 1.58203125 3.955078125 1.26127488680431 6.943359375 -79.453125
-1.669921875 -9.931640625 1.58203125 3.955078125 1.26127488680431 6.943359375 -79.453125
-1.669921875 -8.96484375 1.58203125 3.955078125 1.26127488680431 6.943359375 -79.453125
-1.669921875 -7.998046875 1.58203125 3.955078125 1.26127488680431 6.943359375 -79.453125
-1.669921875 -6.943359375 1.58203125 3.955078125 1.26127488680431 6.943359375 -79.453125
-1.669921875 -5.9765625 1.58203125 3.955078125 1.26127488680431 6.943359375 -79.453125
-1.669921875 -5.09765625 1.58203125 3.955078125 1.26127488680431 6.943359375 -79.453125
-1.669921875 -4.04296875 1.58203125 3.955078125 1.26127488680431 6.943359375 -79.453125
-1.669921875 -2.98828125 1.58203125 3.955078125 1.26127488680431 6.943359375 -79.453125
-1.669921875 -1.93359375 1.494140625 3.955078125 1.26127488680431 6.943359375 -79.453125
-1.669921875 -0.966796875 1.58203125 3.955078125 1.26127488680431 6.943359375 -79.453125
-1.669921875 -0.087890625 1.58203125 3.955078125 1.26127488680431 6.943359375 -79.453125
-1.669921875 1.0546875 1.58203125 3.955078125 1.26127488680431 6.943359375 -79.453125
-1.669921875 1.93359375 1.58203125 3.955078125 1.26127488680431 6.943359375 -79.453125
-1.669921875 2.98828125 1.58203125 3.955078125 1.26127488680431 6.943359375 -79.453125
-1.669921875 4.04296875 1.58203125 3.955078125 1.26127488680431 6.943359375 -79.453125
-1.669921875 4.921875 1.58203125 3.955078125 1.26127488680431 6.943359375 -79.453125
-1.669921875 6.064453125 1.58203125 3.955078125 1.26127488680431 6.943359375 -79.453125
-1.669921875 7.03125 1.58203125 3.955078125 1.26127488680431 6.943359375 -79.453125
-1.669921875 7.91015625 1.58203125 3.955078125 1.26127488680431 6.943359375 -79.453125
-1.494140625 9.052734375 1.58203125 3.955078125 1.37593361118342 6.943359375 -79.453125
-1.494140625 10.01953125 1.58203125 3.955078125 1.26127488680431 6.943359375 -79.453125
-1.494140625 10.986328125 1.58203125 3.955078125 1.26122023150546 6.85546875 -79.453125
-1.494140625 12.041015625 1.58203125 3.955078125 1.26127488680431 6.943359375 -79.453125
-1.494140625 13.095703125 1.58203125 3.955078125 1.26127488680431 6.943359375 -79.453125
-1.494140625 14.0625 1.58203125 3.955078125 1.26127488680431 6.943359375 -79.453125
-1.494140625 14.94140625 1.58203125 3.955078125 1.26127488680431 6.943359375 -79.453125
-1.494140625 16.083984375 1.58203125 3.955078125 1.26127488680431 6.943359375 -79.453125
-1.494140625 17.05078125 1.58203125 3.955078125 1.26127488680431 6.943359375 -79.453125
-1.494140625 17.9296875 1.58203125 3.955078125 1.26127488680431 6.943359375 -79.453125
-1.494140625 18.896484375 1.58203125 3.955078125 1.26127488680431 6.943359375 -79.453125
-1.494140625 20.0390625 1.58203125 3.955078125 1.26127488680431 6.943359375 -79.453125
-1.494140625 20.91796875 1.58203125 3.955078125 1.26127488680431 6.943359375 -79.453125
-1.494140625 22.060546875 1.58203125 3.955078125 1.37593361118342 6.943359375 -79.453125
-1.494140625 22.939453125 1.58203125 3.955078125 1.26127488680431 6.943359375 -79.453125
-1.494140625 23.994140625 1.58203125 3.955078125 1.26127488680431 6.943359375 -79.453125
-1.494140625 25.048828125 1.494140625 3.955078125 1.26127488680431 6.943359375 -79.453125
-1.494140625 26.015625 1.58203125 3.955078125 1.26127488680431 6.943359375 -79.453125
-1.494140625 27.0703125 1.494140625 3.955078125 1.26127488680431 6.943359375 -79.453125
-1.494140625 28.037109375 1.494140625 3.955078125 1.26127488680431 6.943359375 -79.453125
-1.494140625 29.091796875 1.494140625 3.955078125 1.26127488680431 6.943359375 -79.453125
-1.494140625 29.970703125 1.58203125 3.955078125 1.26127488680431 6.943359375 -79.453125
-1.494140625 30.9375 1.494140625 3.955078125 1.26127488680431 6.943359375 -79.453125
-1.494140625 31.9921875 1.58203125 3.955078125 1.26127488680431 6.943359375 -79.453125
-1.494140625 32.958984375 1.58203125 3.955078125 1.26127488680431 6.943359375 -79.453125
-1.494140625 34.013671875 1.58203125 3.955078125 1.26127488680431 6.943359375 -79.453125
-1.40625 35.068359375 1.58203125 3.955078125 1.26127488680431 6.943359375 -79.453125
-1.40625 36.03515625 1.494140625 3.955078125 1.26127488680431 6.943359375 -79.453125
-1.40625 37.08984375 1.494140625 3.955078125 1.26127488680431 6.943359375 -79.453125
-1.40625 37.96875 1.58203125 3.955078125 1.26127488680431 6.943359375 -79.453125
-1.40625 39.0234375 1.494140625 3.955078125 1.26127488680431 6.943359375 -79.453125
-1.40625 39.90234375 1.58203125 3.955078125 1.26127488680431 6.943359375 -79.453125
-1.40625 40.869140625 1.58203125 3.955078125 1.26127488680431 6.943359375 -79.453125
-1.40625 42.099609375 1.58203125 3.955078125 1.26127488680431 6.943359375 -79.453125
-1.40625 43.06640625 1.58203125 3.955078125 1.26127488680431 6.943359375 -79.453125
-1.40625 44.033203125 1.58203125 3.955078125 1.37593361118342 6.943359375 -79.453125
-1.40625 45.087890625 1.58203125 3.955078125 1.26127488680431 6.943359375 -79.453125
-1.40625 46.0546875 1.58203125 3.955078125 1.26127488680431 6.943359375 -79.453125
-1.40625 47.109375 1.58203125 3.955078125 1.26127488680431 6.943359375 -79.453125
-1.40625 47.900390625 1.58203125 3.955078125 1.26127488680431 6.943359375 -79.453125
-1.40625 49.04296875 1.58203125 3.955078125 1.26127488680431 6.943359375 -79.453125
-1.40625 49.921875 1.58203125 3.955078125 1.26127488680431 6.943359375 -79.453125
-1.318359375 50.9765625 1.58203125 3.955078125 1.26127488680431 6.943359375 -79.453125
-1.318359375 52.03125 1.58203125 3.955078125 1.26127488680431 6.943359375 -79.453125
-1.318359375 52.822265625 1.58203125 3.955078125 1.26127488680431 6.943359375 -79.453125
-1.318359375 53.96484375 1.58203125 3.955078125 1.26127488680431 6.943359375 -79.453125
-1.318359375 55.01953125 1.58203125 3.955078125 1.37593361118342 6.943359375 -79.453125
-1.318359375 54.052734375 1.58203125 3.955078125 1.26127488680431 6.943359375 -79.453125
-1.318359375 53.0859375 1.494140625 3.955078125 1.26127488680431 6.943359375 -79.453125
-1.318359375 52.03125 1.58203125 3.955078125 1.26127488680431 6.943359375 -79.453125
-1.318359375 50.9765625 1.58203125 3.955078125 1.26127488680431 6.943359375 -79.453125
-1.318359375 50.009765625 1.58203125 3.955078125 1.26127488680431 6.943359375 -79.453125
-1.318359375 48.955078125 1.58203125 3.955078125 1.26127488680431 6.943359375 -79.453125
-1.318359375 47.98828125 1.58203125 3.955078125 1.26127488680431 6.943359375 -79.453125
-1.318359375 46.93359375 1.58203125 3.955078125 1.26127488680431 6.943359375 -79.453125
-1.318359375 45.966796875 1.58203125 3.955078125 1.26127488680431 6.943359375 -79.453125
-1.318359375 45 1.58203125 3.955078125 1.26127488680431 6.943359375 -79.453125
-1.318359375 43.9453125 1.58203125 3.955078125 1.26127488680431 6.943359375 -79.453125
-1.318359375 42.978515625 1.58203125 3.955078125 1.26127488680431 6.943359375 -79.453125
-1.318359375 41.923828125 1.58203125 3.955078125 1.26127488680431 6.943359375 -79.453125
-1.318359375 40.95703125 1.58203125 3.955078125 1.26127488680431 6.943359375 -79.453125
-1.318359375 40.078125 1.494140625 3.955078125 1.26127488680431 6.943359375 -79.453125
-1.318359375 39.0234375 1.58203125 3.955078125 1.26122023150546 6.85546875 -79.453125
-1.318359375 38.056640625 1.58203125 3.955078125 1.26127488680431 6.943359375 -79.453125
-1.318359375 37.001953125 1.494140625 3.955078125 1.26127488680431 6.943359375 -79.453125
-1.318359375 35.947265625 1.494140625 3.955078125 1.26127488680431 6.943359375 -79.453125
-1.318359375 34.98046875 1.58203125 3.955078125 1.26127488680431 6.943359375 -79.453125
-1.318359375 34.013671875 1.58203125 3.955078125 1.26127488680431 6.943359375 -79.453125
-1.318359375 32.958984375 1.494140625 3.955078125 1.26127488680431 6.943359375 -79.453125
-1.318359375 31.9921875 1.58203125 3.955078125 1.26127488680431 6.943359375 -79.453125
-1.318359375 30.9375 1.58203125 3.955078125 1.26127488680431 6.943359375 -79.453125
-1.318359375 29.970703125 1.58203125 3.955078125 1.26127488680431 6.943359375 -79.453125
-1.318359375 28.916015625 1.58203125 3.955078125 1.26127488680431 6.943359375 -79.453125
-1.318359375 28.037109375 1.58203125 3.955078125 1.26127488680431 6.943359375 -79.453125
-1.318359375 26.89453125 1.58203125 3.955078125 1.26127488680431 6.943359375 -79.453125
-1.318359375 25.927734375 1.494140625 3.955078125 1.26127488680431 6.943359375 -79.453125
-1.318359375 24.9609375 1.58203125 3.955078125 1.26127488680431 6.943359375 -79.453125
-1.318359375 24.08203125 1.494140625 3.955078125 1.26127488680431 6.943359375 -79.453125
-1.318359375 23.02734375 1.494140625 3.955078125 1.26127488680431 6.943359375 -79.453125
-1.318359375 22.060546875 1.58203125 3.955078125 1.26127488680431 6.943359375 -79.453125
-1.318359375 21.005859375 1.494140625 3.955078125 1.26127488680431 6.943359375 -79.453125
-1.318359375 20.0390625 1.58203125 3.955078125 1.26127488680431 6.943359375 -79.453125
-1.318359375 18.984375 1.58203125 3.955078125 1.26127488680431 6.943359375 -79.453125
-1.318359375 17.9296875 1.58203125 3.955078125 1.26127488680431 6.943359375 -79.453125
-1.318359375 16.962890625 1.494140625 3.955078125 1.26127488680431 6.943359375 -79.453125
-1.318359375 15.99609375 1.58203125 3.955078125 1.26127488680431 6.943359375 -79.453125
-1.318359375 15.029296875 1.58203125 3.955078125 1.37593361118342 6.943359375 -79.453125
-1.318359375 13.974609375 1.58203125 3.955078125 1.26127488680431 6.943359375 -79.453125
-1.318359375 13.095703125 1.494140625 3.955078125 1.26127488680431 6.943359375 -79.453125
-1.318359375 11.953125 1.58203125 3.955078125 1.26127488680431 6.943359375 -79.453125
-1.318359375 10.986328125 1.58203125 3.955078125 1.26127488680431 6.943359375 -79.453125
-1.318359375 10.01953125 1.58203125 3.955078125 1.26122023150546 6.85546875 -79.453125
-1.318359375 9.052734375 1.58203125 3.955078125 1.26127488680431 6.943359375 -79.453125
-1.318359375 8.0859375 1.58203125 3.955078125 1.26127488680431 6.943359375 -79.453125
-1.318359375 6.943359375 1.58203125 3.955078125 1.26127488680431 6.943359375 -79.453125
-1.318359375 6.064453125 1.58203125 3.955078125 1.26127488680431 6.943359375 -79.453125
-1.318359375 5.009765625 1.58203125 3.955078125 1.26127488680431 6.943359375 -79.453125
-1.318359375 4.04296875 1.58203125 3.955078125 1.26127488680431 6.943359375 -79.453125
-1.318359375 2.98828125 1.58203125 3.955078125 1.26127488680431 6.943359375 -79.453125
-1.318359375 1.93359375 1.58203125 3.955078125 1.26127488680431 6.943359375 -79.453125
-1.318359375 1.0546875 1.58203125 3.955078125 1.26127488680431 6.943359375 -79.453125
-1.318359375 0.087890625 1.58203125 3.955078125 1.26127488680431 6.943359375 -79.453125
