664.155 350.760 5.212 751.107
664.126 350.760 12.764 751.171
663.898 358.552 20.311 754.806
663.622 358.552 27.227 754.781
663.187 358.552 34.765 754.709
662.667 358.552 41.667 754.602
662.094 358.552 47.934 754.470
661.278 358.552 55.440 754.269
660.410 358.552 62.307 754.044
659.426 358.552 69.159 753.780
658.326 358.552 75.992 753.477
656.995 358.552 83.425 753.101
655.527 358.552 90.832 752.679
654.062 358.552 97.597 752.251
652.483 358.552 104.336 751.785
650.632 358.552 111.656 751.231
648.645 358.552 118.941 750.631
646.707 358.552 125.586 750.041
644.657 358.552 132.197 749.412
642.496 358.552 138.773 748.745
640.224 358.552 145.311 748.039
638.133 358.617 152.572 747.729
634.886 358.552 159.438 746.365
631.770 358.942 167.001 745.561
629.539 358.552 172.206 744.671
625.914 358.552 180.235 743.513
623.765 358.552 184.787 742.825
620.437 358.552 191.565 741.754
617.277 358.552 197.724 740.733
614.014 358.552 203.828 739.675
610.338 358.552 210.423 738.478
606.533 358.942 216.945 737.418
602.616 358.942 223.400 736.134
599.269 358.552 228.729 734.847
595.486 358.552 234.525 733.597
591.703 358.617 241.066 732.688
586.894 358.552 246.945 730.744
582.805 358.552 252.529 729.378
578.237 358.552 258.542 727.848
573.947 358.942 263.973 726.592
568.363 358.942 270.787 724.708
565.114 358.552 274.632 723.420
560.560 358.617 280.660 722.222
555.067 358.552 285.906 720.001
550.730 358.617 291.308 718.867
546.334 359.007 295.821 717.549
540.583 358.942 300.782 715.220
535.598 358.552 305.585 713.307
529.590 358.942 311.136 711.414
524.324 359.007 316.553 709.935
519.185 358.942 320.265 707.787
524.899 358.942 315.329 709.782
529.590 358.942 311.136 711.414
535.520 359.007 306.390 713.822
540.583 358.942 300.782 715.220
545.050 358.942 296.350 716.758
551.168 359.770 291.150 719.714
555.445 359.786 286.628 721.194
560.538 359.786 280.640 722.778
565.516 359.786 274.949 724.466
569.155 359.721 269.807 725.349
573.931 359.721 263.960 726.960
578.599 359.721 258.025 728.528
583.149 360.110 251.999 730.237
587.229 360.110 246.409 731.597
590.862 359.331 241.670 732.558
595.470 359.331 234.514 733.962
602.608 359.331 223.395 736.315
599.253 359.331 228.719 735.211
606.203 359.331 217.480 737.494
610.010 359.331 210.960 738.739
613.696 359.331 204.370 739.939
616.675 359.331 198.828 740.905
620.912 359.397 191.781 742.616
623.475 359.331 185.345 743.097
626.688 359.331 178.512 744.126
629.269 359.331 172.774 744.949
632.249 359.331 165.836 745.895
635.333 359.331 158.260 746.869
637.593 359.721 152.388 747.760
639.984 359.721 145.893 748.508
642.669 359.721 138.166 749.341
644.437 359.721 132.787 749.887
647.384 359.786 125.110 751.135
649.126 359.721 117.115 751.319
650.763 359.721 111.039 751.812
652.306 359.721 104.939 752.273
654.034 359.721 97.589 752.783
655.626 359.721 90.209 753.247
657.082 359.721 82.800 753.665
658.297 359.721 75.986 754.008
659.396 359.721 69.153 754.311
660.381 359.721 62.302 754.575
661.322 359.721 54.811 754.818
662.064 359.721 47.930 755.000
662.638 359.721 41.664 755.132
663.199 359.721 34.134 755.247
663.622 359.721 26.596 755.315
663.916 359.331 19.051 755.160
664.044 359.721 12.131 755.315
664.068 359.721 5.839 755.261
663.956 359.721 -2.340 755.143
663.758 359.721 -8.629 755.015
663.393 359.721 -16.170 754.819
662.890 359.721 -23.704 754.575
662.365 359.721 -29.974 754.337
661.538 359.721 -38.112 753.979
660.712 359.721 -44.983 753.633
659.861 359.721 -51.217 753.285
658.285 359.704 -62.013 752.710
657.222 359.721 -68.137 752.318
656.430 359.786 -75.058 752.316
654.334 359.721 -82.317 751.218
652.629 359.721 -89.672 750.576
650.948 359.721 -96.386 749.948
649.321 359.721 -102.464 749.343
647.067 359.721 -110.327 748.510
645.038 359.721 -116.944 747.762
643.096 359.721 -122.929 747.050
640.855 359.721 -129.477 746.229
638.064 359.721 -137.166 745.211
635.813 359.721 -143.042 744.391
632.460 359.704 -151.269 743.152
630.296 359.721 -156.420 742.388
627.232 359.721 -163.320 741.277
624.050 359.331 -170.167 739.942
621.005 359.721 -176.383 739.024
617.583 359.331 -183.113 737.603
614.330 359.331 -189.223 736.428
610.664 359.331 -195.823 735.103
607.508 359.721 -201.267 734.148
603.959 359.331 -207.209 732.680
599.955 359.721 -213.610 731.419
596.189 359.721 -219.418 730.058
591.971 359.721 -225.680 728.532
587.281 359.721 -232.764 726.964
583.210 359.331 -238.361 725.305
578.652 359.331 -244.380 723.656
574.761 359.721 -249.326 722.435
570.011 359.331 -255.194 720.524
565.955 359.721 -260.005 719.241
561.419 359.721 -265.232 717.592
555.518 359.721 -271.773 715.444
550.784 359.721 -276.822 713.718
545.454 359.704 -282.276 711.749
540.615 359.721 -287.118 710.000
535.625 359.721 -291.913 708.171
530.089 359.721 -297.048 706.138
525.876 359.721 -300.832 704.588
519.699 359.721 -306.193 702.310
514.875 359.721 -310.233 700.528
508.522 359.721 -315.763 698.355
502.559 359.721 -320.395 696.145
498.031 359.721 -323.796 694.463
491.410 359.721 -328.598 691.997
484.617 359.704 -333.290 689.437
490.896 359.721 -328.962 691.805
496.518 359.331 -324.924 693.704
502.559 359.721 -320.395 696.145
508.522 359.721 -315.763 698.355
513.912 359.721 -311.422 700.349
519.708 359.721 -306.583 702.487
524.942 359.721 -302.054 704.414
530.563 359.721 -297.013 706.479
535.634 359.721 -292.303 708.339
540.624 359.721 -287.507 710.165
545.975 359.721 -282.180 712.119
550.794 359.721 -277.212 713.876
555.954 359.721 -271.700 715.754
560.594 359.721 -266.564 717.440
564.744 359.331 -261.835 718.757
570.014 359.786 -256.422 721.190
573.984 359.721 -250.698 722.293
578.661 359.331 -244.770 723.795
583.219 359.331 -238.750 725.441
587.290 359.721 -233.153 727.096
591.275 359.721 -227.495 728.532
595.522 359.331 -221.251 729.875
599.296 359.721 -215.450 731.419
603.311 359.721 -209.055 732.862
606.887 359.721 -203.130 734.148
610.674 359.721 -196.598 735.508
613.737 359.721 -191.102 736.609
617.593 359.721 -183.888 737.994
620.752 359.331 -177.729 738.945
623.788 359.721 -171.509 740.220
626.474 359.331 -165.819 741.003
629.571 359.331 -158.933 742.117
632.288 359.721 -152.568 743.279
635.150 359.331 -145.580 744.129
637.640 359.721 -139.123 745.211
640.244 359.721 -132.036 746.153
642.716 359.721 -124.901 747.050
644.877 359.331 -118.326 747.654
646.906 359.721 -111.709 748.576
648.620 359.704 -105.734 749.182
650.808 359.721 -97.774 750.007
652.361 359.331 -91.676 750.399
654.216 359.721 -83.710 751.269
655.671 359.721 -76.943 751.813
657.538 359.786 -70.273 752.822
658.235 359.721 -63.341 752.784
659.345 359.721 -56.509 753.212
660.508 359.721 -48.413 753.666
661.292 359.721 -42.170 753.979
662.107 359.721 -34.664 754.312
662.732 359.721 -27.771 754.575
663.282 359.721 -20.241 754.819
663.693 359.721 -12.701 755.015
663.929 359.721 -6.414 755.143
664.077 359.721 0.506 755.247
